0.000000 0.000000 -0.000814 -1.042349 0.000036 -0.002653 -0.010475 0.000000 -0.000027 0
-0.000000 -0.001094 -0.001647 -1.042705 0.000041 -0.002653 -0.010479 0.000000 -0.000027 1
0.000000 -0.002198 -0.002490 -1.042705 0.000041 -0.002653 -0.010479 0.000000 -0.000027 2
0.000000 -0.003310 -0.003342 -1.042705 0.000041 -0.002653 -0.010479 0.000000 -0.000027 3
0.000000 -0.004433 -0.004203 -1.042705 0.000041 -0.002653 -0.010479 0.000000 -0.000027 4
0.000000 -0.005564 -0.005074 -1.042705 0.000041 -0.002653 -0.010479 0.000000 -0.000027 5
0.000000 -0.006706 -0.005954 -1.042705 0.000041 -0.002653 -0.010479 0.000000 -0.000027 6
0.000001 -0.007857 -0.006844 -1.042705 0.000041 -0.002653 -0.010479 0.000000 -0.000027 7
0.000001 -0.009018 -0.007744 -1.042705 0.000041 -0.002653 -0.010479 0.000000 -0.000027 8
0.000001 -0.010188 -0.008654 -1.042705 0.000041 -0.002653 -0.010479 0.000000 -0.000027 9
0.000001 -0.011369 -0.009573 -1.042705 0.000041 -0.002653 -0.010479 0.000000 -0.000027 10
0.000001 -0.012560 -0.010503 -1.042705 0.000041 -0.002653 -0.010479 0.000000 -0.000027 11
0.000002 -0.013761 -0.011444 -1.042705 0.000041 -0.002653 -0.010479 0.000000 -0.000027 12
0.000002 -0.014973 -0.012394 -1.042705 0.000041 -0.002653 -0.010479 0.000000 -0.000027 13
0.000002 -0.016195 -0.013355 -1.042705 0.000041 -0.002653 -0.010479 0.000000 -0.000027 14
0.000003 -0.017427 -0.014327 -1.042705 0.000041 -0.002653 -0.010479 0.000000 -0.000027 15
0.000003 -0.018670 -0.015309 -1.042705 0.000041 -0.002653 -0.010479 0.000000 -0.000027 16
0.000004 -0.019925 -0.016302 -1.042705 0.000041 -0.002653 -0.010479 0.000000 -0.000027 17
0.000004 -0.021190 -0.017306 -1.042705 0.000041 -0.002653 -0.010479 0.000000 -0.000027 18
0.000005 -0.022466 -0.018321 -1.042705 0.000041 -0.002653 -0.010479 0.000000 -0.000027 19
0.000005 -0.023753 -0.019347 -1.042705 0.000041 -0.002653 -0.010479 0.000000 -0.000027 20
0.000006 -0.025052 -0.020384 -1.042705 0.000041 -0.002653 -0.010479 0.000000 -0.000027 21
0.000007 -0.026362 -0.021432 -1.042705 0.000041 -0.002653 -0.010479 0.000000 -0.000027 22
0.000007 -0.027683 -0.022493 -1.042705 0.000041 -0.002653 -0.010479 0.000000 -0.000027 23
0.000008 -0.029017 -0.023564 -1.042705 0.000041 -0.002653 -0.010479 0.000000 -0.000027 24
0.000009 -0.030362 -0.024648 -1.042705 0.000041 -0.002653 -0.010479 0.000000 -0.000027 25
0.000009 -0.031719 -0.025743 -1.042705 0.000041 -0.002653 -0.010479 0.000000 -0.000027 26
0.000010 -0.033088 -0.026850 -1.042705 0.000041 -0.002653 -0.010479 0.000000 -0.000027 27
0.000011 -0.034469 -0.027970 -1.042705 0.000041 -0.002653 -0.010479 0.000000 -0.000027 28
0.000012 -0.035863 -0.029101 -1.042705 0.000041 -0.002653 -0.010479 0.000000 -0.000027 29
0.000013 -0.037269 -0.030245 -1.042705 0.000041 -0.002653 -0.010479 0.000000 -0.000027 30
0.000014 -0.038688 -0.031402 -1.042705 0.000041 -0.002653 -0.010479 0.000000 -0.000027 31
0.000015 -0.040119 -0.032571 -1.042705 0.000041 -0.002653 -0.010479 0.000000 -0.000027 32
0.000016 -0.041564 -0.033753 -1.042705 0.000041 -0.002653 -0.010479 0.000000 -0.000027 33
0.000017 -0.043021 -0.034947 -1.042705 0.000041 -0.002653 -0.010479 0.000000 -0.000027 34
0.000018 -0.044492 -0.036155 -1.042705 0.000041 -0.002653 -0.010479 0.000000 -0.000027 35
0.000019 -0.045975 -0.037376 -1.042705 0.000041 -0.002653 -0.010479 0.000000 -0.000027 36
0.000020 -0.047473 -0.038610 -1.042705 0.000041 -0.002653 -0.010479 0.000000 -0.000027 37
0.000021 -0.048984 -0.039858 -1.042705 0.000041 -0.002653 -0.010479 0.000000 -0.000027 38
0.000023 -0.050508 -0.041119 -1.042705 0.000041 -0.002653 -0.010479 0.000000 -0.000027 39
0.000024 -0.052047 -0.042394 -1.042705 0.000041 -0.002653 -0.010479 0.000000 -0.000027 40
0.000025 -0.053600 -0.043683 -1.042705 0.000041 -0.002653 -0.010479 0.000000 -0.000027 41
0.000027 -0.055167 -0.044986 -1.042705 0.000041 -0.002653 -0.010479 0.000000 -0.000027 42
0.000028 -0.056748 -0.046303 -1.042705 0.000041 -0.002653 -0.010479 0.000000 -0.000027 43
0.000029 -0.058344 -0.047634 -1.042705 0.000041 -0.002653 -0.010479 0.000000 -0.000027 44
0.000031 -0.059954 -0.048980 -1.042705 0.000041 -0.002653 -0.010479 0.000000 -0.000027 45
0.000032 -0.061579 -0.050340 -1.042705 0.000041 -0.002653 -0.010479 0.000000 -0.000027 46
0.000034 -0.063219 -0.051716 -1.042705 0.000041 -0.002653 -0.010479 0.000000 -0.000027 47
0.000036 -0.064875 -0.053106 -1.042705 0.000041 -0.002653 -0.010479 0.000000 -0.000027 48
0.000037 -0.066546 -0.054511 -1.042705 0.000041 -0.002653 -0.010479 0.000000 -0.000027 49
0.000039 -0.068232 -0.055931 -1.042705 0.000041 -0.002653 -0.010479 0.000000 -0.000027 50
0.000041 -0.069934 -0.057367 -1.042705 0.000041 -0.002653 -0.010479 0.000000 -0.000027 51
0.000042 -0.071651 -0.058819 -1.042705 0.000041 -0.002653 -0.010479 0.000000 -0.000027 52
0.000044 -0.073385 -0.060286 -1.042705 0.000041 -0.002653 -0.010479 0.000000 -0.000027 53
0.000046 -0.075135 -0.061769 -1.042705 0.000041 -0.002653 -0.010479 0.000000 -0.000027 54
0.000048 -0.076901 -0.063268 -1.042705 0.000041 -0.002653 -0.010479 0.000000 -0.000027 55
0.000050 -0.078684 -0.064783 -1.042705 0.000041 -0.002653 -0.010479 0.000000 -0.000027 56
0.000052 -0.080484 -0.066315 -1.042705 0.000041 -0.002653 -0.010479 0.000000 -0.000027 57
0.000054 -0.082300 -0.067863 -1.042705 0.000041 -0.002653 -0.010479 0.000000 -0.000027 58
0.000056 -0.084134 -0.069429 -1.042705 0.000041 -0.002653 -0.010479 0.000000 -0.000027 59
0.000058 -0.085984 -0.071011 -1.042705 0.000041 -0.002653 -0.010479 0.000000 -0.000027 60
0.000061 -0.087852 -0.072610 -1.042705 0.000041 -0.002653 -0.010479 0.000000 -0.000027 61
0.000063 -0.089738 -0.074226 -1.042705 0.000041 -0.002653 -0.010479 0.000000 -0.000027 62
0.000065 -0.091642 -0.075860 -1.042705 0.000041 -0.002653 -0.010479 0.000000 -0.000027 63
0.000067 -0.093564 -0.077512 -1.042705 0.000041 -0.002653 -0.010479 0.000000 -0.000027 64
0.000070 -0.095503 -0.079181 -1.042705 0.000041 -0.002653 -0.010479 0.000000 -0.000027 65
0.000072 -0.097462 -0.080869 -1.042705 0.000041 -0.002653 -0.010479 0.000000 -0.000027 66
0.000075 -0.099439 -0.082575 -1.042705 0.000041 -0.002653 -0.010479 0.000000 -0.000027 67
0.000077 -0.101434 -0.084299 -1.042705 0.000041 -0.002653 -0.010479 0.000000 -0.000027 68
0.000080 -0.103449 -0.086042 -1.042705 0.000041 -0.002653 -0.010479 0.000000 -0.000027 69
0.000082 -0.105483 -0.087803 -1.042705 0.000041 -0.002653 -0.010479 0.000000 -0.000027 70
0.000085 -0.107536 -0.089584 -1.042705 0.000041 -0.002653 -0.010479 0.000000 -0.000027 71
0.000088 -0.109609 -0.091384 -1.042705 0.000041 -0.002653 -0.010479 0.000000 -0.000027 72
0.000091 -0.111702 -0.093203 -1.042705 0.000041 -0.002653 -0.010479 0.000000 -0.000027 73
0.000093 -0.113815 -0.095042 -1.042705 0.000041 -0.002653 -0.010479 0.000000 -0.000027 74
0.000096 -0.115948 -0.096900 -1.042705 0.000041 -0.002653 -0.010479 0.000000 -0.000027 75
0.000099 -0.118102 -0.098779 -1.042705 0.000041 -0.002653 -0.010479 0.000000 -0.000027 76
0.000102 -0.120276 -0.100678 -1.042705 0.000041 -0.002653 -0.010479 0.000000 -0.000027 77
0.000105 -0.122472 -0.102597 -1.042705 0.000041 -0.002653 -0.010479 0.000000 -0.000027 78
0.000109 -0.124688 -0.104538 -1.042705 0.000041 -0.002653 -0.010479 0.000000 -0.000027 79
0.000112 -0.126926 -0.106499 -1.042705 0.000041 -0.002653 -0.010479 0.000000 -0.000027 80
0.000115 -0.129186 -0.108481 -1.042705 0.000041 -0.002653 -0.010479 0.000000 -0.000027 81
0.000118 -0.131467 -0.110484 -1.042705 0.000041 -0.002653 -0.010479 0.000000 -0.000027 82
0.000122 -0.133771 -0.112509 -1.042705 0.000041 -0.002653 -0.010479 0.000000 -0.000027 83
0.000125 -0.136097 -0.114556 -1.042705 0.000041 -0.002653 -0.010479 0.000000 -0.000027 84
0.000128 -0.138445 -0.116625 -1.042705 0.000041 -0.002653 -0.010479 0.000000 -0.000027 85
0.000132 -0.140816 -0.118716 -1.042705 0.000041 -0.002653 -0.010479 0.000000 -0.000027 86
0.000136 -0.143211 -0.120830 -1.042705 0.000041 -0.002653 -0.010479 0.000000 -0.000027 87
0.000139 -0.145628 -0.122967 -1.042705 0.000041 -0.002653 -0.010479 0.000000 -0.000027 88
0.000143 -0.148070 -0.125126 -1.042705 0.000041 -0.002653 -0.010479 0.000000 -0.000027 89
0.000147 -0.150535 -0.127309 -1.042705 0.000041 -0.002653 -0.010479 0.000000 -0.000027 90
0.000151 -0.153024 -0.129515 -1.042705 0.000041 -0.002653 -0.010479 0.000000 -0.000027 91
0.000154 -0.155537 -0.131745 -1.042705 0.000041 -0.002653 -0.010479 0.000000 -0.000027 92
0.000158 -0.158075 -0.133998 -1.042705 0.000041 -0.002653 -0.010479 0.000000 -0.000027 93
0.000162 -0.160638 -0.136276 -1.042705 0.000041 -0.002653 -0.010479 0.000000 -0.000027 94
0.000167 -0.163226 -0.138579 -1.042705 0.000041 -0.002653 -0.010479 0.000000 -0.000027 95
0.000171 -0.165840 -0.140906 -1.042705 0.000041 -0.002653 -0.010479 0.000000 -0.000027 96
0.000175 -0.168479 -0.143258 -1.042705 0.000041 -0.002653 -0.010479 0.000000 -0.000027 97
0.000179 -0.171144 -0.145636 -1.042705 0.000041 -0.002653 -0.010479 0.000000 -0.000027 98
0.000184 -0.173836 -0.148039 -1.042705 0.000041 -0.002653 -0.010479 0.000000 -0.000027 99
0.000188 -0.176554 -0.150468 -1.042705 0.000041 -0.002653 -0.010479 0.000000 -0.000027 100
0.000193 -0.179298 -0.152923 -1.042705 0.000041 -0.002653 -0.010479 0.000000 -0.000027 101
0.000197 -0.182070 -0.155404 -1.042705 0.000041 -0.002653 -0.010479 0.000000 -0.000027 102
0.000202 -0.184869 -0.157912 -1.042705 0.000041 -0.002653 -0.010479 0.000000 -0.000027 103
0.000207 -0.187696 -0.160447 -1.042705 0.000041 -0.002653 -0.010479 0.000000 -0.000027 104
0.000211 -0.190551 -0.163009 -1.042705 0.000041 -0.002653 -0.010479 0.000000 -0.000027 105
0.000216 -0.193434 -0.165599 -1.042705 0.000041 -0.002653 -0.010479 0.000000 -0.000027 106
0.000221 -0.196346 -0.168216 -1.042705 0.000041 -0.002653 -0.010479 0.000000 -0.000027 107
0.000226 -0.199286 -0.170861 -1.042705 0.000041 -0.002653 -0.010479 0.000000 -0.000027 108
0.000231 -0.202256 -0.173535 -1.042705 0.000041 -0.002653 -0.010479 0.000000 -0.000027 109
0.000236 -0.205256 -0.176238 -1.042705 0.000041 -0.002653 -0.010479 0.000000 -0.000027 110
0.000242 -0.208285 -0.178969 -1.042705 0.000041 -0.002653 -0.010479 0.000000 -0.000027 111
0.000247 -0.211344 -0.181730 -1.042705 0.000041 -0.002653 -0.010479 0.000000 -0.000027 112
0.000252 -0.214434 -0.184520 -1.042705 0.000041 -0.002653 -0.010479 0.000000 -0.000027 113
0.000258 -0.217554 -0.187341 -1.042705 0.000041 -0.002653 -0.010479 0.000000 -0.000027 114
0.000263 -0.220706 -0.190191 -1.042705 0.000041 -0.002653 -0.010479 0.000000 -0.000027 115
0.000269 -0.223889 -0.193072 -1.042705 0.000041 -0.002653 -0.010479 0.000000 -0.000027 116
0.000275 -0.227104 -0.195984 -1.042705 0.000041 -0.002653 -0.010479 0.000000 -0.000027 117
0.000281 -0.230351 -0.198927 -1.042705 0.000041 -0.002653 -0.010479 0.000000 -0.000027 118
0.000286 -0.233631 -0.201902 -1.042705 0.000041 -0.002653 -0.010479 0.000000 -0.000027 119
0.000292 -0.236944 -0.204909 -1.042705 0.000041 -0.002653 -0.010479 0.000000 -0.000027 120
0.000298 -0.240289 -0.207947 -1.042705 0.000041 -0.002653 -0.010479 0.000000 -0.000027 121
0.000305 -0.243668 -0.211019 -1.042705 0.000041 -0.002653 -0.010479 0.000000 -0.000027 122
0.000311 -0.247082 -0.214123 -1.042705 0.000041 -0.002653 -0.010479 0.000000 -0.000027 123
0.000317 -0.250529 -0.217260 -1.042705 0.000041 -0.002653 -0.010479 0.000000 -0.000027 124
0.000324 -0.254011 -0.220432 -1.042705 0.000041 -0.002653 -0.010479 0.000000 -0.000027 125
0.000330 -0.257528 -0.223637 -1.042705 0.000041 -0.002653 -0.010479 0.000000 -0.000027 126
0.000337 -0.261081 -0.226876 -1.042705 0.000041 -0.002653 -0.010479 0.000000 -0.000027 127
0.000343 -0.264669 -0.230150 -1.042705 0.000041 -0.002653 -0.010479 0.000000 -0.000027 128
0.000350 -0.268293 -0.233459 -1.042705 0.000041 -0.002653 -0.010479 0.000000 -0.000027 129
0.000357 -0.271954 -0.236804 -1.042705 0.000041 -0.002653 -0.010479 0.000000 -0.000027 130
0.000364 -0.275652 -0.240184 -1.042705 0.000041 -0.002653 -0.010479 0.000000 -0.000027 131
0.000371 -0.279388 -0.243601 -1.042705 0.000041 -0.002653 -0.010479 0.000000 -0.000027 132
0.000378 -0.283161 -0.247054 -1.042705 0.000041 -0.002653 -0.010479 0.000000 -0.000027 133
0.000385 -0.286972 -0.250544 -1.042705 0.000041 -0.002653 -0.010479 0.000000 -0.000027 134
0.000393 -0.290822 -0.254071 -1.042705 0.000041 -0.002653 -0.010479 0.000000 -0.000027 135
0.000400 -0.294710 -0.257636 -1.042705 0.000041 -0.002653 -0.010479 0.000000 -0.000027 136
0.000408 -0.298638 -0.261240 -1.042705 0.000041 -0.002653 -0.010479 0.000000 -0.000027 137
0.000415 -0.302606 -0.264882 -1.042705 0.000041 -0.002653 -0.010479 0.000000 -0.000027 138
0.000423 -0.306614 -0.268563 -1.042705 0.000041 -0.002653 -0.010479 0.000000 -0.000027 139
0.000431 -0.310663 -0.272283 -1.042705 0.000041 -0.002653 -0.010479 0.000000 -0.000027 140
0.000439 -0.314753 -0.276043 -1.042705 0.000041 -0.002653 -0.010479 0.000000 -0.000027 141
0.000447 -0.318884 -0.279843 -1.042705 0.000041 -0.002653 -0.010479 0.000000 -0.000027 142
0.000455 -0.323058 -0.283684 -1.042705 0.000041 -0.002653 -0.010479 0.000000 -0.000027 143
0.000463 -0.327274 -0.287566 -1.042705 0.000041 -0.002653 -0.010479 0.000000 -0.000027 144
0.000472 -0.331533 -0.291489 -1.042705 0.000041 -0.002653 -0.010479 0.000000 -0.000027 145
0.000480 -0.335835 -0.295455 -1.042705 0.000041 -0.002653 -0.010479 0.000000 -0.000027 146
0.000489 -0.340181 -0.299463 -1.042705 0.000041 -0.002653 -0.010479 0.000000 -0.000027 147
0.000497 -0.344571 -0.303514 -1.042705 0.000041 -0.002653 -0.010479 0.000000 -0.000027 148
0.000506 -0.349006 -0.307608 -1.042705 0.000041 -0.002653 -0.010479 0.000000 -0.000027 149
0.000515 -0.353486 -0.311745 -1.042705 0.000041 -0.002653 -0.010479 0.000000 -0.000027 150
0.000524 -0.358012 -0.315927 -1.042705 0.000041 -0.002653 -0.010479 0.000000 -0.000027 151
0.000533 -0.362585 -0.320154 -1.042705 0.000041 -0.002653 -0.010479 0.000000 -0.000027 152
0.000543 -0.367204 -0.324426 -1.042705 0.000041 -0.002653 -0.010479 0.000000 -0.000027 153
0.000552 -0.371870 -0.328744 -1.042705 0.000041 -0.002653 -0.010479 0.000000 -0.000027 154
0.000561 -0.376584 -0.333108 -1.042705 0.000041 -0.002653 -0.010479 0.000000 -0.000027 155
0.000571 -0.381346 -0.337518 -1.042705 0.000041 -0.002653 -0.010479 0.000000 -0.000027 156
0.000581 -0.386157 -0.341976 -1.042705 0.000041 -0.002653 -0.010479 0.000000 -0.000027 157
0.000591 -0.391017 -0.346481 -1.042705 0.000041 -0.002653 -0.010479 0.000000 -0.000027 158
0.000601 -0.395927 -0.351035 -1.042705 0.000041 -0.002653 -0.010479 0.000000 -0.000027 159
0.000611 -0.400888 -0.355637 -1.042705 0.000041 -0.002653 -0.010479 0.000000 -0.000027 160
0.000621 -0.405899 -0.360288 -1.042705 0.000041 -0.002653 -0.010479 0.000000 -0.000027 161
0.000632 -0.410962 -0.364989 -1.042705 0.000041 -0.002653 -0.010479 0.000000 -0.000027 162
0.000642 -0.416077 -0.369741 -1.042705 0.000041 -0.002653 -0.010479 0.000000 -0.000027 163
0.000653 -0.421244 -0.374543 -1.042705 0.000041 -0.002653 -0.010479 0.000000 -0.000027 164
0.000663 -0.426465 -0.379396 -1.042705 0.000041 -0.002653 -0.010479 0.000000 -0.000027 165
0.000674 -0.431739 -0.384301 -1.042705 0.000041 -0.002653 -0.010479 0.000000 -0.000027 166
0.000685 -0.437067 -0.389259 -1.042705 0.000041 -0.002653 -0.010479 0.000000 -0.000027 167
0.000697 -0.442450 -0.394270 -1.042705 0.000041 -0.002653 -0.010479 0.000000 -0.000027 168
0.000708 -0.447889 -0.399334 -1.042705 0.000041 -0.002653 -0.010479 0.000000 -0.000027 169
0.000719 -0.453384 -0.404452 -1.042705 0.000041 -0.002653 -0.010479 0.000000 -0.000027 170
0.000731 -0.458935 -0.409625 -1.042705 0.000041 -0.002653 -0.010479 0.000000 -0.000027 171
0.000743 -0.464544 -0.414854 -1.042705 0.000041 -0.002653 -0.010479 0.000000 -0.000027 172
0.000755 -0.470210 -0.420138 -1.042705 0.000041 -0.002653 -0.010479 0.000000 -0.000027 173
0.000767 -0.475935 -0.425479 -1.042705 0.000041 -0.002653 -0.010479 0.000000 -0.000027 174
0.000779 -0.481719 -0.430877 -1.042705 0.000041 -0.002653 -0.010479 0.000000 -0.000027 175
0.000791 -0.487563 -0.436332 -1.042705 0.000041 -0.002653 -0.010479 0.000000 -0.000027 176
0.000804 -0.493467 -0.441846 -1.042705 0.000041 -0.002653 -0.010479 0.000000 -0.000027 177
0.000816 -0.499432 -0.447419 -1.042705 0.000041 -0.002653 -0.010479 0.000000 -0.000027 178
0.000829 -0.505459 -0.453051 -1.042705 0.000041 -0.002653 -0.010479 0.000000 -0.000027 179
0.000842 -0.511548 -0.458743 -1.042705 0.000041 -0.002653 -0.010479 0.000000 -0.000027 180
0.000855 -0.517700 -0.464497 -1.042705 0.000041 -0.002653 -0.010479 0.000000 -0.000027 181
0.000868 -0.523916 -0.470311 -1.042705 0.000041 -0.002653 -0.010479 0.000000 -0.000027 182
0.000882 -0.530196 -0.476188 -1.042705 0.000041 -0.002653 -0.010479 0.000000 -0.000027 183
0.000895 -0.536542 -0.482128 -1.042705 0.000041 -0.002653 -0.010479 0.000000 -0.000027 184
0.000909 -0.542953 -0.488131 -1.042705 0.000041 -0.002653 -0.010479 0.000000 -0.000027 185
0.000923 -0.549430 -0.494199 -1.042705 0.000041 -0.002653 -0.010479 0.000000 -0.000027 186
0.000937 -0.555975 -0.500331 -1.042705 0.000041 -0.002653 -0.010479 0.000000 -0.000027 187
0.000951 -0.562588 -0.506529 -1.042705 0.000041 -0.002653 -0.010479 0.000000 -0.000027 188
0.000966 -0.569269 -0.512793 -1.042705 0.000041 -0.002653 -0.010479 0.000000 -0.000027 189
0.000980 -0.576020 -0.519124 -1.042705 0.000041 -0.002653 -0.010479 0.000000 -0.000027 190
0.000995 -0.582841 -0.525522 -1.042705 0.000041 -0.002653 -0.010479 0.000000 -0.000027 191
0.001010 -0.589733 -0.531989 -1.042705 0.000041 -0.002653 -0.010479 0.000000 -0.000027 192
0.001025 -0.596696 -0.538525 -1.042705 0.000041 -0.002653 -0.010479 0.000000 -0.000027 193
0.001040 -0.603732 -0.545131 -1.042705 0.000041 -0.002653 -0.010479 0.000000 -0.000027 194
0.001056 -0.610841 -0.551808 -1.042705 0.000041 -0.002653 -0.010479 0.000000 -0.000027 195
0.001071 -0.618024 -0.558556 -1.042705 0.000041 -0.002653 -0.010479 0.000000 -0.000027 196
0.001087 -0.625282 -0.565376 -1.042705 0.000041 -0.002653 -0.010479 0.000000 -0.000027 197
0.001103 -0.632615 -0.572269 -1.042705 0.000041 -0.002653 -0.010479 0.000000 -0.000027 198
0.001119 -0.640025 -0.579236 -1.042705 0.000041 -0.002653 -0.010479 0.000000 -0.000027 199
0.001136 -0.647512 -0.586277 -1.042705 0.000041 -0.002653 -0.010479 0.000000 -0.000027 200
0.001152 -0.655077 -0.593393 -1.042705 0.000041 -0.002653 -0.010479 0.000000 -0.000027 201
0.001169 -0.662721 -0.600586 -1.042705 0.000041 -0.002653 -0.010479 0.000000 -0.000027 202
0.001186 -0.670444 -0.607855 -1.042705 0.000041 -0.002653 -0.010479 0.000000 -0.000027 203
0.001203 -0.678249 -0.615202 -1.042705 0.000041 -0.002653 -0.010479 0.000000 -0.000027 204
0.001220 -0.686134 -0.622628 -1.042705 0.000041 -0.002653 -0.010479 0.000000 -0.000027 205
0.001238 -0.694102 -0.630133 -1.042705 0.000041 -0.002653 -0.010479 0.000000 -0.000027 206
0.001256 -0.702154 -0.637718 -1.042705 0.000041 -0.002653 -0.010479 0.000000 -0.000027 207
0.001274 -0.710289 -0.645385 -1.042705 0.000041 -0.002653 -0.010479 0.000000 -0.000027 208
0.001292 -0.718510 -0.653133 -1.042705 0.000041 -0.002653 -0.010479 0.000000 -0.000027 209
0.001310 -0.726816 -0.660965 -1.042705 0.000041 -0.002653 -0.010479 0.000000 -0.000027 210
0.001329 -0.735209 -0.668880 -1.042705 0.000041 -0.002653 -0.010479 0.000000 -0.000027 211
0.001348 -0.743690 -0.676879 -1.042705 0.000041 -0.002653 -0.010479 0.000000 -0.000027 212
0.001367 -0.752260 -0.684965 -1.042705 0.000041 -0.002653 -0.010479 0.000000 -0.000027 213
0.001386 -0.760920 -0.693136 -1.042705 0.000041 -0.002653 -0.010479 0.000000 -0.000027 214
0.001406 -0.769670 -0.701396 -1.042705 0.000041 -0.002653 -0.010479 0.000000 -0.000027 215
0.001425 -0.778512 -0.709743 -1.042705 0.000041 -0.002653 -0.010479 0.000000 -0.000027 216
0.001445 -0.787446 -0.718180 -1.042705 0.000041 -0.002653 -0.010479 0.000000 -0.000027 217
0.001465 -0.796475 -0.726707 -1.042705 0.000041 -0.002653 -0.010479 0.000000 -0.000027 218
0.001486 -0.805597 -0.735325 -1.042705 0.000041 -0.002653 -0.010479 0.000000 -0.000027 219
0.001506 -0.814816 -0.744036 -1.042705 0.000041 -0.002653 -0.010479 0.000000 -0.000027 220
0.001527 -0.824131 -0.752839 -1.042705 0.000041 -0.002653 -0.010479 0.000000 -0.000027 221
0.001548 -0.833544 -0.761737 -1.042705 0.000041 -0.002653 -0.010479 0.000000 -0.000027 222
0.001570 -0.843056 -0.770730 -1.042705 0.000041 -0.002653 -0.010479 0.000000 -0.000027 223
0.001591 -0.852667 -0.779820 -1.042705 0.000041 -0.002653 -0.010479 0.000000 -0.000027 224
0.001613 -0.862380 -0.789006 -1.042705 0.000041 -0.002653 -0.010479 0.000000 -0.000027 225
0.001635 -0.872195 -0.798291 -1.042705 0.000041 -0.002653 -0.010479 0.000000 -0.000027 226
0.001658 -0.882113 -0.807676 -1.042705 0.000041 -0.002653 -0.010479 0.000000 -0.000027 227
0.001680 -0.892135 -0.817161 -1.042705 0.000041 -0.002653 -0.010479 0.000000 -0.000027 228
0.001703 -0.902262 -0.826747 -1.042705 0.000041 -0.002653 -0.010479 0.000000 -0.000027 229
0.001726 -0.912496 -0.836436 -1.042705 0.000041 -0.002653 -0.010479 0.000000 -0.000027 230
0.001749 -0.922838 -0.846229 -1.042705 0.000041 -0.002653 -0.010479 0.000000 -0.000027 231
0.001773 -0.933288 -0.856126 -1.042705 0.000041 -0.002653 -0.010479 0.000000 -0.000027 232
0.001797 -0.943849 -0.866130 -1.042705 0.000041 -0.002653 -0.010479 0.000000 -0.000027 233
0.001821 -0.954520 -0.876240 -1.042705 0.000041 -0.002653 -0.010479 0.000000 -0.000027 234
0.001846 -0.965304 -0.886459 -1.042705 0.000041 -0.002653 -0.010479 0.000000 -0.000027 235
0.001870 -0.976202 -0.896788 -1.042705 0.000041 -0.002653 -0.010479 0.000000 -0.000027 236
0.001895 -0.987215 -0.907227 -1.042705 0.000041 -0.002653 -0.010479 0.000000 -0.000027 237
0.001921 -0.998343 -0.917778 -1.042705 0.000041 -0.002653 -0.010479 0.000000 -0.000027 238
0.001946 -1.009589 -0.928442 -1.042705 0.000041 -0.002653 -0.010479 0.000000 -0.000027 239
0.001972 -1.020954 -0.939220 -1.042705 0.000041 -0.002653 -0.010479 0.000000 -0.000027 240
0.001998 -1.032438 -0.950114 -1.042705 0.000041 -0.002653 -0.010479 0.000000 -0.000027 241
0.002025 -1.044044 -0.961124 -1.042705 0.000041 -0.002653 -0.010479 0.000000 -0.000027 242
0.002051 -1.055772 -0.972253 -1.042705 0.000041 -0.002653 -0.010479 0.000000 -0.000027 243
0.002078 -1.067624 -0.983501 -1.042705 0.000041 -0.002653 -0.010479 0.000000 -0.000027 244
0.002106 -1.079602 -0.994869 -1.042705 0.000041 -0.002653 -0.010479 0.000000 -0.000027 245
0.002133 -1.091705 -1.006359 -1.042705 0.000041 -0.002653 -0.010479 0.000000 -0.000027 246
0.002161 -1.103937 -1.017972 -1.042705 0.000041 -0.002653 -0.010479 0.000000 -0.000027 247
0.002189 -1.116298 -1.029710 -1.042705 0.000041 -0.002653 -0.010479 0.000000 -0.000027 248
0.002218 -1.128790 -1.041574 -1.042705 0.000041 -0.002653 -0.010479 0.000000 -0.000027 249
0.002247 -1.141413 -1.053565 -1.042705 0.000041 -0.002653 -0.010479 0.000000 -0.000027 250
0.002276 -1.154171 -1.065685 -1.042705 0.000041 -0.002653 -0.010479 0.000000 -0.000027 251
0.002306 -1.167063 -1.077935 -1.042705 0.000041 -0.002653 -0.010479 0.000000 -0.000027 252
0.002336 -1.180092 -1.090316 -1.042705 0.000041 -0.002653 -0.010479 0.000000 -0.000027 253
0.002366 -1.193259 -1.102830 -1.042705 0.000041 -0.002653 -0.010479 0.000000 -0.000027 254
0.002396 -1.206565 -1.115478 -1.042705 0.000041 -0.002653 -0.010479 0.000000 -0.000027 255
0.002427 -1.220012 -1.128262 -1.042705 0.000041 -0.002653 -0.010479 0.000000 -0.000027 256
0.002459 -1.233602 -1.141183 -1.042705 0.000041 -0.002653 -0.010479 0.000000 -0.000027 257
0.002490 -1.247335 -1.154243 -1.042705 0.000041 -0.002653 -0.010479 0.000000 -0.000027 258
0.002522 -1.261215 -1.167443 -1.042705 0.000041 -0.002653 -0.010479 0.000000 -0.000027 259
0.002554 -1.275241 -1.180784 -1.042705 0.000041 -0.002653 -0.010479 0.000000 -0.000027 260
0.002587 -1.289416 -1.194270 -1.042705 0.000041 -0.002653 -0.010479 0.000000 -0.000027 261
0.002620 -1.303742 -1.207899 -1.042705 0.000041 -0.002653 -0.010479 0.000000 -0.000027 262
0.002653 -1.318220 -1.221676 -1.042705 0.000041 -0.002653 -0.010479 0.000000 -0.000027 263
0.002687 -1.332851 -1.235600 -1.042705 0.000041 -0.002653 -0.010479 0.000000 -0.000027 264
0.002721 -1.347638 -1.249674 -1.042705 0.000041 -0.002653 -0.010479 0.000000 -0.000027 265
0.002756 -1.362582 -1.263899 -1.042705 0.000041 -0.002653 -0.010479 0.000000 -0.000027 266
0.002791 -1.377684 -1.278277 -1.042705 0.000041 -0.002653 -0.010479 0.000000 -0.000027 267
0.002826 -1.392947 -1.292809 -1.042705 0.000041 -0.002653 -0.010479 0.000000 -0.000027 268
0.002862 -1.408373 -1.307498 -1.042705 0.000041 -0.002653 -0.010479 0.000000 -0.000027 269
0.002898 -1.423962 -1.322345 -1.042705 0.000041 -0.002653 -0.010479 0.000000 -0.000027 270
0.002934 -1.439717 -1.337351 -1.042705 0.000041 -0.002653 -0.010479 0.000000 -0.000027 271
0.002971 -1.455640 -1.352519 -1.042705 0.000041 -0.002653 -0.010479 0.000000 -0.000027 272
0.003008 -1.471732 -1.367849 -1.042705 0.000041 -0.002653 -0.010479 0.000000 -0.000027 273
0.003046 -1.487996 -1.383345 -1.042705 0.000041 -0.002653 -0.010479 0.000000 -0.000027 274
0.003084 -1.504432 -1.399007 -1.042705 0.000041 -0.002653 -0.010479 0.000000 -0.000027 275
0.003123 -1.521044 -1.414838 -1.042705 0.000041 -0.002653 -0.010479 0.000000 -0.000027 276
0.003162 -1.537833 -1.430840 -1.042705 0.000041 -0.002653 -0.010479 0.000000 -0.000027 277
0.003201 -1.554800 -1.447013 -1.042705 0.000041 -0.002653 -0.010479 0.000000 -0.000027 278
0.003241 -1.571949 -1.463361 -1.042705 0.000041 -0.002653 -0.010479 0.000000 -0.000027 279
0.003281 -1.589280 -1.479884 -1.042705 0.000041 -0.002653 -0.010479 0.000000 -0.000027 280
0.003322 -1.606796 -1.496586 -1.042705 0.000041 -0.002653 -0.010479 0.000000 -0.000027 281
0.003363 -1.624499 -1.513467 -1.042705 0.000041 -0.002653 -0.010479 0.000000 -0.000027 282
0.003405 -1.642390 -1.530531 -1.042705 0.000041 -0.002653 -0.010479 0.000000 -0.000027 283
0.003447 -1.660473 -1.547778 -1.042705 0.000041 -0.002653 -0.010479 0.000000 -0.000027 284
0.003489 -1.678749 -1.565211 -1.042705 0.000041 -0.002653 -0.010479 0.000000 -0.000027 285
0.003532 -1.697220 -1.582832 -1.042705 0.000041 -0.002653 -0.010479 0.000000 -0.000027 286
0.003576 -1.715888 -1.600642 -1.042705 0.000041 -0.002653 -0.010479 0.000000 -0.000027 287
0.003620 -1.734756 -1.618645 -1.042705 0.000041 -0.002653 -0.010479 0.000000 -0.000027 288
0.003664 -1.753825 -1.636842 -1.042705 0.000041 -0.002653 -0.010479 0.000000 -0.000027 289
0.003709 -1.773099 -1.655236 -1.042705 0.000041 -0.002653 -0.010479 0.000000 -0.000027 290
0.003754 -1.792578 -1.673827 -1.042705 0.000041 -0.002653 -0.010479 0.000000 -0.000027 291
0.003800 -1.812266 -1.692619 -1.042705 0.000041 -0.002653 -0.010479 0.000000 -0.000027 292
0.003847 -1.832164 -1.711614 -1.042705 0.000041 -0.002653 -0.010479 0.000000 -0.000027 293
0.003894 -1.852276 -1.730815 -1.042705 0.000041 -0.002653 -0.010479 0.000000 -0.000027 294
0.003941 -1.872602 -1.750222 -1.042705 0.000041 -0.002653 -0.010479 0.000000 -0.000027 295
0.003989 -1.893147 -1.769839 -1.042705 0.000041 -0.002653 -0.010479 0.000000 -0.000027 296
0.004038 -1.913911 -1.789667 -1.042705 0.000041 -0.002653 -0.010479 0.000000 -0.000027 297
0.004087 -1.934898 -1.809710 -1.042705 0.000041 -0.002653 -0.010479 0.000000 -0.000027 298
0.004136 -1.956110 -1.829970 -1.042705 0.000041 -0.002653 -0.010479 0.000000 -0.000027 299
0.004186 -1.977549 -1.850448 -1.042705 0.000041 -0.002653 -0.010479 0.000000 -0.000027 300
0.004237 -1.999218 -1.871148 -1.042705 0.000041 -0.002653 -0.010479 0.000000 -0.000027 301
0.004288 -2.021120 -1.892071 -1.042705 0.000041 -0.002653 -0.010479 0.000000 -0.000027 302
0.004340 -2.043256 -1.913221 -1.042705 0.000041 -0.002653 -0.010479 0.000000 -0.000027 303
0.004392 -2.065631 -1.934600 -1.042705 0.000041 -0.002653 -0.010479 0.000000 -0.000027 304
0.004445 -2.088245 -1.956209 -1.042705 0.000041 -0.002653 -0.010479 0.000000 -0.000027 305
0.004499 -2.111103 -1.978053 -1.042705 0.000041 -0.002653 -0.010479 0.000000 -0.000027 306
0.004553 -2.134206 -2.000133 -1.042705 0.000041 -0.002653 -0.010479 0.000000 -0.000027 307
0.004607 -2.157557 -2.022452 -1.042705 0.000041 -0.002653 -0.010479 0.000000 -0.000027 308
0.004663 -2.181159 -2.045012 -1.042705 0.000041 -0.002653 -0.010479 0.000000 -0.000027 309
0.004718 -2.205015 -2.067817 -1.042705 0.000041 -0.002653 -0.010479 0.000000 -0.000027 310
0.004775 -2.229128 -2.090869 -1.042705 0.000041 -0.002653 -0.010479 0.000000 -0.000027 311
0.004832 -2.253500 -2.114171 -1.042705 0.000041 -0.002653 -0.010479 0.000000 -0.000027 312
0.004890 -2.278134 -2.137725 -1.042705 0.000041 -0.002653 -0.010479 0.000000 -0.000027 313
0.004948 -2.303034 -2.161535 -1.042705 0.000041 -0.002653 -0.010479 0.000000 -0.000027 314
0.005007 -2.328202 -2.185603 -1.042705 0.000041 -0.002653 -0.010479 0.000000 -0.000027 315
0.005067 -2.353641 -2.209932 -1.042705 0.000041 -0.002653 -0.010479 0.000000 -0.000027 316
0.005127 -2.379354 -2.234524 -1.042705 0.000041 -0.002653 -0.010479 0.000000 -0.000027 317
0.005188 -2.405344 -2.259384 -1.042705 0.000041 -0.002653 -0.010479 0.000000 -0.000027 318
0.005250 -2.431615 -2.284513 -1.042705 0.000041 -0.002653 -0.010479 0.000000 -0.000027 319
0.005312 -2.458169 -2.309915 -1.042705 0.000041 -0.002653 -0.010479 0.000000 -0.000027 320
0.005375 -2.485009 -2.335593 -1.042705 0.000041 -0.002653 -0.010479 0.000000 -0.000027 321
0.005438 -2.512140 -2.361550 -1.042705 0.000041 -0.002653 -0.010479 0.000000 -0.000027 322
0.005503 -2.539563 -2.387789 -1.042705 0.000041 -0.002653 -0.010479 0.000000 -0.000027 323
0.005568 -2.567282 -2.414314 -1.042705 0.000041 -0.002653 -0.010479 0.000000 -0.000027 324
0.005634 -2.595301 -2.441126 -1.042705 0.000041 -0.002653 -0.010479 0.000000 -0.000027 325
0.005700 -2.623623 -2.468230 -1.042705 0.000041 -0.002653 -0.010479 0.000000 -0.000027 326
0.005767 -2.652251 -2.495629 -1.042705 0.000041 -0.002653 -0.010479 0.000000 -0.000027 327
0.005835 -2.681188 -2.523326 -1.042705 0.000041 -0.002653 -0.010479 0.000000 -0.000027 328
0.005904 -2.710439 -2.551324 -1.042705 0.000041 -0.002653 -0.010479 0.000000 -0.000027 329
0.005973 -2.740006 -2.579628 -1.042705 0.000041 -0.002653 -0.010479 0.000000 -0.000027 330
0.006043 -2.769894 -2.608239 -1.042705 0.000041 -0.002653 -0.010479 0.000000 -0.000027 331
0.006114 -2.800105 -2.637162 -1.042705 0.000041 -0.002653 -0.010479 0.000000 -0.000027 332
0.006186 -2.830643 -2.666401 -1.042705 0.000041 -0.002653 -0.010479 0.000000 -0.000027 333
0.006259 -2.861513 -2.695957 -1.042705 0.000041 -0.002653 -0.010479 0.000000 -0.000027 334
0.006332 -2.892717 -2.725837 -1.042705 0.000041 -0.002653 -0.010479 0.000000 -0.000027 335
0.006406 -2.924259 -2.756042 -1.042705 0.000041 -0.002653 -0.010479 0.000000 -0.000027 336
0.006481 -2.956144 -2.786576 -1.042705 0.000041 -0.002653 -0.010479 0.000000 -0.000027 337
0.006557 -2.988375 -2.817444 -1.042705 0.000041 -0.002653 -0.010479 0.000000 -0.000027 338
0.006633 -3.020956 -2.848649 -1.042705 0.000041 -0.002653 -0.010479 0.000000 -0.000027 339
0.006711 -3.053891 -2.880195 -1.042705 0.000041 -0.002653 -0.010479 0.000000 -0.000027 340
0.006789 -3.087183 -2.912085 -1.042705 0.000041 -0.002653 -0.010479 0.000000 -0.000027 341
0.006868 -3.120838 -2.944324 -1.042705 0.000041 -0.002653 -0.010479 0.000000 -0.000027 342
0.006948 -3.154859 -2.976915 -1.042705 0.000041 -0.002653 -0.010479 0.000000 -0.000027 343
0.007029 -3.189249 -3.009862 -1.042705 0.000041 -0.002653 -0.010479 0.000000 -0.000027 344
0.007110 -3.224014 -3.043170 -1.042705 0.000041 -0.002653 -0.010479 0.000000 -0.000027 345
0.007193 -3.259158 -3.076843 -1.042705 0.000041 -0.002653 -0.010479 0.000000 -0.000027 346
0.007276 -3.294684 -3.110884 -1.042705 0.000041 -0.002653 -0.010479 0.000000 -0.000027 347
0.007361 -3.330597 -3.145298 -1.042705 0.000041 -0.002653 -0.010479 0.000000 -0.000027 348
0.007446 -3.366902 -3.180089 -1.042705 0.000041 -0.002653 -0.010479 0.000000 -0.000027 349
0.007532 -3.403603 -3.215261 -1.042705 0.000041 -0.002653 -0.010479 0.000000 -0.000027 350
0.007619 -3.440704 -3.250818 -1.042705 0.000041 -0.002653 -0.010479 0.000000 -0.000027 351
0.007707 -3.478210 -3.286766 -1.042705 0.000041 -0.002653 -0.010479 0.000000 -0.000027 352
0.007797 -3.516126 -3.323108 -1.042705 0.000041 -0.002653 -0.010479 0.000000 -0.000027 353
0.007887 -3.554455 -3.359849 -1.042705 0.000041 -0.002653 -0.010479 0.000000 -0.000027 354
0.007978 -3.593204 -3.396993 -1.042705 0.000041 -0.002653 -0.010479 0.000000 -0.000027 355
0.008070 -3.632376 -3.434545 -1.042705 0.000041 -0.002653 -0.010479 0.000000 -0.000027 356
0.008163 -3.671977 -3.472510 -1.042705 0.000041 -0.002653 -0.010479 0.000000 -0.000027 357
0.008257 -3.712010 -3.510892 -1.042705 0.000041 -0.002653 -0.010479 0.000000 -0.000027 358
0.008352 -3.752482 -3.549697 -1.042705 0.000041 -0.002653 -0.010479 0.000000 -0.000027 359
0.008448 -3.793398 -3.588928 -1.042705 0.000041 -0.002653 -0.010479 0.000000 -0.000027 360
0.008545 -3.834761 -3.628591 -1.042705 0.000041 -0.002653 -0.010479 0.000000 -0.000027 361
0.008643 -3.876578 -3.668690 -1.042705 0.000041 -0.002653 -0.010479 0.000000 -0.000027 362
0.008743 -3.918854 -3.709232 -1.042705 0.000041 -0.002653 -0.010479 0.000000 -0.000027 363
0.008843 -3.961593 -3.750220 -1.042705 0.000041 -0.002653 -0.010479 0.000000 -0.000027 364
0.008944 -4.004802 -3.791660 -1.042705 0.000041 -0.002653 -0.010479 0.000000 -0.000027 365
0.009047 -4.048485 -3.833557 -1.042705 0.000041 -0.002653 -0.010479 0.000000 -0.000027 366
0.009151 -4.092648 -3.875917 -1.042705 0.000041 -0.002653 -0.010479 0.000000 -0.000027 367
0.009255 -4.137296 -3.918744 -1.042705 0.000041 -0.002653 -0.010479 0.000000 -0.000027 368
0.009361 -4.182435 -3.962044 -1.042705 0.000041 -0.002653 -0.010479 0.000000 -0.000027 369
0.009468 -4.228071 -4.005823 -1.042705 0.000041 -0.002653 -0.010479 0.000000 -0.000027 370
0.009577 -4.274210 -4.050085 -1.042705 0.000041 -0.002653 -0.010479 0.000000 -0.000027 371
0.009686 -4.320856 -4.094837 -1.042705 0.000041 -0.002653 -0.010479 0.000000 -0.000027 372
0.009797 -4.368016 -4.140085 -1.042705 0.000041 -0.002653 -0.010479 0.000000 -0.000027 373
0.009909 -4.415697 -4.185833 -1.042705 0.000041 -0.002653 -0.010479 0.000000 -0.000027 374
0.010022 -4.463903 -4.232088 -1.042705 0.000041 -0.002653 -0.010479 0.000000 -0.000027 375
0.010136 -4.512641 -4.278856 -1.042705 0.000041 -0.002653 -0.010479 0.000000 -0.000027 376
0.010252 -4.561917 -4.326142 -1.042705 0.000041 -0.002653 -0.010479 0.000000 -0.000027 377
0.010368 -4.611738 -4.373952 -1.042705 0.000041 -0.002653 -0.010479 0.000000 -0.000027 378
0.010487 -4.662109 -4.422294 -1.042705 0.000041 -0.002653 -0.010479 0.000000 -0.000027 379
0.010606 -4.713038 -4.471172 -1.042705 0.000041 -0.002653 -0.010479 0.000000 -0.000027 380
0.010727 -4.764529 -4.520593 -1.042705 0.000041 -0.002653 -0.010479 0.000000 -0.000027 381
0.010849 -4.816591 -4.570563 -1.042705 0.000041 -0.002653 -0.010479 0.000000 -0.000027 382
0.010972 -4.869230 -4.621089 -1.042705 0.000041 -0.002653 -0.010479 0.000000 -0.000027 383
0.011097 -4.922452 -4.672178 -1.042705 0.000041 -0.002653 -0.010479 0.000000 -0.000027 384
0.011223 -4.976264 -4.723835 -1.042705 0.000041 -0.002653 -0.010479 0.000000 -0.000027 385
0.011350 -5.030673 -4.776067 -1.042705 0.000041 -0.002653 -0.010479 0.000000 -0.000027 386
0.011479 -5.085686 -4.828882 -1.042705 0.000041 -0.002653 -0.010479 0.000000 -0.000027 387
0.011609 -5.141310 -4.882286 -1.042705 0.000041 -0.002653 -0.010479 0.000000 -0.000027 388
0.011741 -5.197553 -4.936286 -1.042705 0.000041 -0.002653 -0.010479 0.000000 -0.000027 389
0.011874 -5.254421 -4.990888 -1.042705 0.000041 -0.002653 -0.010479 0.000000 -0.000027 390
0.012008 -5.311921 -5.046101 -1.042705 0.000041 -0.002653 -0.010479 0.000000 -0.000027 391
0.012144 -5.370062 -5.101931 -1.042705 0.000041 -0.002653 -0.010479 0.000000 -0.000027 392
0.012282 -5.428851 -5.158385 -1.042705 0.000041 -0.002653 -0.010479 0.000000 -0.000027 393
0.012421 -5.488295 -5.215472 -1.042705 0.000041 -0.002653 -0.010479 0.000000 -0.000027 394
0.012561 -5.548402 -5.273197 -1.042705 0.000041 -0.002653 -0.010479 0.000000 -0.000027 395
0.012704 -5.609180 -5.331569 -1.042705 0.000041 -0.002653 -0.010479 0.000000 -0.000027 396
0.012847 -5.670637 -5.390596 -1.042705 0.000041 -0.002653 -0.010479 0.000000 -0.000027 397
0.012992 -5.732781 -5.450285 -1.042705 0.000041 -0.002653 -0.010479 0.000000 -0.000027 398
0.013139 -5.795619 -5.510644 -1.042705 0.000041 -0.002653 -0.010479 0.000000 -0.000027 399
0.013288 -5.859161 -5.571681 -1.042705 0.000041 -0.002653 -0.010479 0.000000 -0.000027 400
0.013438 -5.923414 -5.633405 -1.042705 0.000041 -0.002653 -0.010479 0.000000 -0.000027 401
0.013589 -5.988388 -5.695822 -1.042705 0.000041 -0.002653 -0.010479 0.000000 -0.000027 402
0.013742 -6.054089 -5.758943 -1.042705 0.000041 -0.002653 -0.010479 0.000000 -0.000027 403
0.013897 -6.120528 -5.822774 -1.042705 0.000041 -0.002653 -0.010479 0.000000 -0.000027 404
0.014054 -6.187713 -5.887324 -1.042705 0.000041 -0.002653 -0.010479 0.000000 -0.000027 405
0.014213 -6.255653 -5.952603 -1.042705 0.000041 -0.002653 -0.010479 0.000000 -0.000027 406
0.014373 -6.324357 -6.018619 -1.042705 0.000041 -0.002653 -0.010479 0.000000 -0.000027 407
0.014535 -6.393833 -6.085380 -1.042705 0.000041 -0.002653 -0.010479 0.000000 -0.000027 408
0.014698 -6.464092 -6.152896 -1.042705 0.000041 -0.002653 -0.010479 0.000000 -0.000027 409
0.014864 -6.535143 -6.221176 -1.042705 0.000041 -0.002653 -0.010479 0.000000 -0.000027 410
0.015031 -6.606995 -6.290228 -1.042705 0.000041 -0.002653 -0.010479 0.000000 -0.000027 411
0.015200 -6.679657 -6.360063 -1.042705 0.000041 -0.002653 -0.010479 0.000000 -0.000027 412
0.015371 -6.753140 -6.430689 -1.042705 0.000041 -0.002653 -0.010479 0.000000 -0.000027 413
0.015544 -6.827454 -6.502117 -1.042705 0.000041 -0.002653 -0.010479 0.000000 -0.000027 414
0.015719 -6.902608 -6.574356 -1.042705 0.000041 -0.002653 -0.010479 0.000000 -0.000027 415
0.015896 -6.978612 -6.647415 -1.042705 0.000041 -0.002653 -0.010479 0.000000 -0.000027 416
0.016074 -7.055478 -6.721305 -1.042705 0.000041 -0.002653 -0.010479 0.000000 -0.000027 417
0.016255 -7.133215 -6.796037 -1.042705 0.000041 -0.002653 -0.010479 0.000000 -0.000027 418
0.016437 -7.211834 -6.871619 -1.042705 0.000041 -0.002653 -0.010479 0.000000 -0.000027 419
0.016622 -7.291345 -6.948063 -1.042705 0.000041 -0.002653 -0.010479 0.000000 -0.000027 420
0.016809 -7.371760 -7.025379 -1.042705 0.000041 -0.002653 -0.010479 0.000000 -0.000027 421
0.016997 -7.453090 -7.103578 -1.042705 0.000041 -0.002653 -0.010479 0.000000 -0.000027 422
0.017188 -7.535345 -7.182670 -1.042705 0.000041 -0.002653 -0.010479 0.000000 -0.000027 423
0.017381 -7.618537 -7.262667 -1.042705 0.000041 -0.002653 -0.010479 0.000000 -0.000027 424
0.017576 -7.702678 -7.343580 -1.042705 0.000041 -0.002653 -0.010479 0.000000 -0.000027 425
0.017773 -7.787779 -7.425420 -1.042705 0.000041 -0.002653 -0.010479 0.000000 -0.000027 426
0.017972 -7.873851 -7.508198 -1.042705 0.000041 -0.002653 -0.010479 0.000000 -0.000027 427
0.018174 -7.960908 -7.591926 -1.042705 0.000041 -0.002653 -0.010479 0.000000 -0.000027 428
0.018378 -8.048961 -7.676617 -1.042705 0.000041 -0.002653 -0.010479 0.000000 -0.000027 429
0.018584 -8.138022 -7.762280 -1.042705 0.000041 -0.002653 -0.010479 0.000000 -0.000027 430
0.018792 -8.228104 -7.848930 -1.042705 0.000041 -0.002653 -0.010479 0.000000 -0.000027 431
0.019003 -8.319219 -7.936578 -1.042705 0.000041 -0.002653 -0.010479 0.000000 -0.000027 432
0.019216 -8.411381 -8.025236 -1.042705 0.000041 -0.002653 -0.010479 0.000000 -0.000027 433
0.019431 -8.504602 -8.114918 -1.042705 0.000041 -0.002653 -0.010479 0.000000 -0.000027 434
0.019648 -8.598895 -8.205636 -1.042705 0.000041 -0.002653 -0.010479 0.000000 -0.000027 435
0.019868 -8.694274 -8.297403 -1.042705 0.000041 -0.002653 -0.010479 0.000000 -0.000027 436
0.020091 -8.790753 -8.390231 -1.042705 0.000041 -0.002653 -0.010479 0.000000 -0.000027 437
0.020316 -8.888344 -8.484136 -1.042705 0.000041 -0.002653 -0.010479 0.000000 -0.000027 438
0.020543 -8.987063 -8.579129 -1.042705 0.000041 -0.002653 -0.010479 0.000000 -0.000027 439
0.020773 -9.086923 -8.675226 -1.042705 0.000041 -0.002653 -0.010479 0.000000 -0.000027 440
0.021006 -9.187939 -8.772439 -1.042705 0.000041 -0.002653 -0.010479 0.000000 -0.000027 441
0.021241 -9.290125 -8.870783 -1.042705 0.000041 -0.002653 -0.010479 0.000000 -0.000027 442
0.021479 -9.393496 -8.970273 -1.042705 0.000041 -0.002653 -0.010479 0.000000 -0.000027 443
0.021719 -9.498066 -9.070923 -1.042705 0.000041 -0.002653 -0.010479 0.000000 -0.000027 444
0.021962 -9.603852 -9.172747 -1.042705 0.000041 -0.002653 -0.010479 0.000000 -0.000027 445
0.022208 -9.710869 -9.275761 -1.042705 0.000041 -0.002653 -0.010479 0.000000 -0.000027 446
0.022456 -9.819132 -9.379980 -1.042705 0.000041 -0.002653 -0.010479 0.000000 -0.000027 447
0.022708 -9.928657 -9.485419 -1.042705 0.000041 -0.002653 -0.010479 0.000000 -0.000027 448
0.022962 -10.039461 -9.592095 -1.042705 0.000041 -0.002653 -0.010479 0.000000 -0.000027 449
0.023218 -10.151559 -9.700023 -1.042705 0.000041 -0.002653 -0.010479 0.000000 -0.000027 450
0.023478 -10.264968 -9.809219 -1.042705 0.000041 -0.002653 -0.010479 0.000000 -0.000027 451
0.023741 -10.379705 -9.919699 -1.042705 0.000041 -0.002653 -0.010479 0.000000 -0.000027 452
0.024006 -10.495788 -10.031481 -1.042705 0.000041 -0.002653 -0.010479 0.000000 -0.000027 453
0.024275 -10.613233 -10.144581 -1.042705 0.000041 -0.002653 -0.010479 0.000000 -0.000027 454
0.024546 -10.732059 -10.259017 -1.042705 0.000041 -0.002653 -0.010479 0.000000 -0.000027 455
0.024821 -10.852283 -10.374805 -1.042705 0.000041 -0.002653 -0.010479 0.000000 -0.000027 456
0.025099 -10.973923 -10.491964 -1.042705 0.000041 -0.002653 -0.010479 0.000000 -0.000027 457
0.025379 -11.096997 -10.610511 -1.042705 0.000041 -0.002653 -0.010479 0.000000 -0.000027 458
0.025663 -11.221525 -10.730465 -1.042705 0.000041 -0.002653 -0.010479 0.000000 -0.000027 459
0.025950 -11.347526 -10.851844 -1.042705 0.000041 -0.002653 -0.010479 0.000000 -0.000027 460
0.026240 -11.475018 -10.974668 -1.042705 0.000041 -0.002653 -0.010479 0.000000 -0.000027 461
0.026534 -11.604022 -11.098954 -1.042705 0.000041 -0.002653 -0.010479 0.000000 -0.000027 462
0.026831 -11.734557 -11.224723 -1.042705 0.000041 -0.002653 -0.010479 0.000000 -0.000027 463
0.027131 -11.866643 -11.351995 -1.042705 0.000041 -0.002653 -0.010479 0.000000 -0.000027 464
0.027434 -12.000302 -11.480789 -1.042705 0.000041 -0.002653 -0.010479 0.000000 -0.000027 465
0.027741 -12.135553 -11.611125 -1.042705 0.000041 -0.002653 -0.010479 0.000000 -0.000027 466
0.028052 -12.272418 -11.743025 -1.042705 0.000041 -0.002653 -0.010479 0.000000 -0.000027 467
0.028366 -12.410919 -11.876510 -1.042705 0.000041 -0.002653 -0.010479 0.000000 -0.000027 468
0.028683 -12.551077 -12.011600 -1.042705 0.000041 -0.002653 -0.010479 0.000000 -0.000027 469
0.029004 -12.692914 -12.148317 -1.042705 0.000041 -0.002653 -0.010479 0.000000 -0.000027 470
0.029329 -12.836454 -12.286684 -1.042705 0.000041 -0.002653 -0.010479 0.000000 -0.000027 471
0.029657 -12.981719 -12.426723 -1.042705 0.000041 -0.002653 -0.010479 0.000000 -0.000027 472
0.029989 -13.128731 -12.568457 -1.042705 0.000041 -0.002653 -0.010479 0.000000 -0.000027 473
0.030325 -13.277516 -12.711908 -1.042705 0.000041 -0.002653 -0.010479 0.000000 -0.000027 474
0.030664 -13.428097 -12.857100 -1.042705 0.000041 -0.002653 -0.010479 0.000000 -0.000027 475
0.031007 -13.580498 -13.004057 -1.042705 0.000041 -0.002653 -0.010479 0.000000 -0.000027 476
0.031355 -13.734744 -13.152804 -1.042705 0.000041 -0.002653 -0.010479 0.000000 -0.000027 477
0.031706 -13.890861 -13.303365 -1.042705 0.000041 -0.002653 -0.010479 0.000000 -0.000027 478
0.032061 -14.048874 -13.455765 -1.042705 0.000041 -0.002653 -0.010479 0.000000 -0.000027 479
0.032420 -14.208809 -13.610030 -1.042705 0.000041 -0.002653 -0.010479 0.000000 -0.000027 480
0.032784 -14.370692 -13.766186 -1.042705 0.000041 -0.002653 -0.010479 0.000000 -0.000027 481
0.033151 -14.534551 -13.924258 -1.042705 0.000041 -0.002653 -0.010479 0.000000 -0.000027 482
0.033523 -14.700413 -14.084275 -1.042705 0.000041 -0.002653 -0.010479 0.000000 -0.000027 483
0.033898 -14.868306 -14.246262 -1.042705 0.000041 -0.002653 -0.010479 0.000000 -0.000027 484
0.034279 -15.038258 -14.410249 -1.042705 0.000041 -0.002653 -0.010479 0.000000 -0.000027 485
0.034663 -15.210298 -14.576263 -1.042705 0.000041 -0.002653 -0.010479 0.000000 -0.000027 486
0.035052 -15.384455 -14.744333 -1.042705 0.000041 -0.002653 -0.010479 0.000000 -0.000027 487
0.035445 -15.560759 -14.914488 -1.042705 0.000041 -0.002653 -0.010479 0.000000 -0.000027 488
0.035843 -15.739240 -15.086758 -1.042705 0.000041 -0.002653 -0.010479 0.000000 -0.000027 489
0.036245 -15.919929 -15.261174 -1.042705 0.000041 -0.002653 -0.010479 0.000000 -0.000027 490
0.036652 -16.102858 -15.437765 -1.042705 0.000041 -0.002653 -0.010479 0.000000 -0.000027 491
0.037064 -16.288058 -15.616564 -1.042705 0.000041 -0.002653 -0.010479 0.000000 -0.000027 492
0.037480 -16.475562 -15.797602 -1.042705 0.000041 -0.002653 -0.010479 0.000000 -0.000027 493
0.037901 -16.665403 -15.980911 -1.042705 0.000041 -0.002653 -0.010479 0.000000 -0.000027 494
0.038327 -16.857614 -16.166526 -1.042705 0.000041 -0.002653 -0.010479 0.000000 -0.000027 495
0.038758 -17.052229 -16.354479 -1.042705 0.000041 -0.002653 -0.010479 0.000000 -0.000027 496
0.039194 -17.249285 -16.544804 -1.042705 0.000041 -0.002653 -0.010479 0.000000 -0.000027 497
0.039634 -17.448815 -16.737538 -1.042705 0.000041 -0.002653 -0.010479 0.000000 -0.000027 498
0.040080 -17.650856 -16.932714 -1.042705 0.000041 -0.002653 -0.010479 0.000000 -0.000027 499
0.040531 -17.855444 -17.130370 -1.042705 0.000041 -0.002653 -0.010479 0.000000 -0.000027 500
0.040987 -18.062618 -17.330541 -1.042705 0.000041 -0.002653 -0.010479 0.000000 -0.000027 501
0.041449 -18.272415 -17.533267 -1.042705 0.000041 -0.002653 -0.010479 0.000000 -0.000027 502
0.041916 -18.484873 -17.738584 -1.042705 0.000041 -0.002653 -0.010479 0.000000 -0.000027 503
0.042388 -18.700034 -17.946533 -1.042705 0.000041 -0.002653 -0.010479 0.000000 -0.000027 504
0.042866 -18.917935 -18.157152 -1.042705 0.000041 -0.002653 -0.010479 0.000000 -0.000027 505
0.043349 -19.138619 -18.370481 -1.042705 0.000041 -0.002653 -0.010479 0.000000 -0.000027 506
0.043838 -19.362128 -18.586564 -1.042705 0.000041 -0.002653 -0.010479 0.000000 -0.000027 507
0.044333 -19.588503 -18.805440 -1.042705 0.000041 -0.002653 -0.010479 0.000000 -0.000027 508
0.044833 -19.817788 -19.027153 -1.042705 0.000041 -0.002653 -0.010479 0.000000 -0.000027 509
0.045339 -20.050028 -19.251747 -1.042705 0.000041 -0.002653 -0.010479 0.000000 -0.000027 510
0.045852 -20.285266 -19.479267 -1.042705 0.000041 -0.002653 -0.010479 0.000000 -0.000027 511
0.046370 -20.523550 -19.709757 -1.042705 0.000041 -0.002653 -0.010479 0.000000 -0.000027 512
0.046894 -20.764925 -19.943263 -1.042705 0.000041 -0.002653 -0.010479 0.000000 -0.000027 513
0.047424 -21.009440 -20.179834 -1.042705 0.000041 -0.002653 -0.010479 0.000000 -0.000027 514
0.047961 -21.257142 -20.419517 -1.042705 0.000041 -0.002653 -0.010479 0.000000 -0.000027 515
0.048504 -21.508083 -20.662361 -1.042705 0.000041 -0.002653 -0.010479 0.000000 -0.000027 516
0.049053 -21.762310 -20.908416 -1.042705 0.000041 -0.002653 -0.010479 0.000000 -0.000027 517
0.049609 -22.019878 -21.157734 -1.042705 0.000041 -0.002653 -0.010479 0.000000 -0.000027 518
0.050171 -22.280837 -21.410367 -1.042705 0.000041 -0.002653 -0.010479 0.000000 -0.000027 519
0.050740 -22.545242 -21.666367 -1.042705 0.000041 -0.002653 -0.010479 0.000000 -0.000027 520
0.051316 -22.813147 -21.925789 -1.042705 0.000041 -0.002653 -0.010479 0.000000 -0.000027 521
0.051898 -23.084607 -22.188689 -1.042705 0.000041 -0.002653 -0.010479 0.000000 -0.000027 522
0.052488 -23.359681 -22.455123 -1.042705 0.000041 -0.002653 -0.010479 0.000000 -0.000027 523
0.053084 -23.638425 -22.725149 -1.042705 0.000041 -0.002653 -0.010479 0.000000 -0.000027 524
0.053687 -23.920900 -22.998826 -1.042705 0.000041 -0.002653 -0.010479 0.000000 -0.000027 525
0.054298 -24.207165 -23.276215 -1.042705 0.000041 -0.002653 -0.010479 0.000000 -0.000027 526
0.054916 -24.497282 -23.557376 -1.042705 0.000041 -0.002653 -0.010479 0.000000 -0.000027 527
0.055541 -24.791315 -23.842373 -1.042705 0.000041 -0.002653 -0.010479 0.000000 -0.000027 528
0.056174 -25.089328 -24.131270 -1.042705 0.000041 -0.002653 -0.010479 0.000000 -0.000027 529
0.056815 -25.391386 -24.424133 -1.042705 0.000041 -0.002653 -0.010479 0.000000 -0.000027 530
0.057463 -25.697557 -24.721028 -1.042705 0.000041 -0.002653 -0.010479 0.000000 -0.000027 531
0.058118 -26.007909 -25.022025 -1.042705 0.000041 -0.002653 -0.010479 0.000000 -0.000027 532
0.058782 -26.322513 -25.327194 -1.042705 0.000041 -0.002653 -0.010479 0.000000 -0.000027 533
0.059454 -26.641439 -25.636606 -1.042705 0.000041 -0.002653 -0.010479 0.000000 -0.000027 534
0.060134 -26.964762 -25.950334 -1.042705 0.000041 -0.002653 -0.010479 0.000000 -0.000027 535
0.060822 -27.292557 -26.268454 -1.042705 0.000041 -0.002653 -0.010479 0.000000 -0.000027 536
0.061518 -27.624898 -26.591043 -1.042705 0.000041 -0.002653 -0.010479 0.000000 -0.000027 537
0.062223 -27.961866 -26.918178 -1.042705 0.000041 -0.002653 -0.010479 0.000000 -0.000027 538
0.062937 -28.303539 -27.249941 -1.042705 0.000041 -0.002653 -0.010479 0.000000 -0.000027 539
0.063659 -28.650000 -27.586413 -1.042705 0.000041 -0.002653 -0.010479 0.000000 -0.000027 540
0.064390 -29.001332 -27.927678 -1.042705 0.000041 -0.002653 -0.010479 0.000000 -0.000027 541
0.065129 -29.357621 -28.273824 -1.042705 0.000041 -0.002653 -0.010479 0.000000 -0.000027 542
0.065878 -29.718954 -28.624937 -1.042705 0.000041 -0.002653 -0.010479 0.000000 -0.000027 543
0.066636 -30.085422 -28.981108 -1.042705 0.000041 -0.002653 -0.010479 0.000000 -0.000027 544
0.067404 -30.457115 -29.342430 -1.042705 0.000041 -0.002653 -0.010479 0.000000 -0.000027 545
0.068181 -30.834128 -29.708997 -1.042705 0.000041 -0.002653 -0.010479 0.000000 -0.000027 546
0.068967 -31.216556 -30.080907 -1.042705 0.000041 -0.002653 -0.010479 0.000000 -0.000027 547
0.069763 -31.604499 -30.458259 -1.042705 0.000041 -0.002653 -0.010479 0.000000 -0.000027 548
0.070569 -31.998056 -30.841155 -1.042705 0.000041 -0.002653 -0.010479 0.000000 -0.000027 549
0.071385 -32.397332 -31.229700 -1.042705 0.000041 -0.002653 -0.010479 0.000000 -0.000027 550
0.072211 -32.802432 -31.624000 -1.042705 0.000041 -0.002653 -0.010479 0.000000 -0.000027 551
0.073047 -33.213464 -32.024167 -1.042705 0.000041 -0.002653 -0.010479 0.000000 -0.000027 552
0.073894 -33.630540 -32.430311 -1.042705 0.000041 -0.002653 -0.010479 0.000000 -0.000027 553
0.074752 -34.053774 -32.842551 -1.042705 0.000041 -0.002653 -0.010479 0.000000 -0.000027 554
0.075620 -34.483282 -33.261003 -1.042705 0.000041 -0.002653 -0.010479 0.000000 -0.000027 555
0.076499 -34.919184 -33.685790 -1.042705 0.000041 -0.002653 -0.010479 0.000000 -0.000027 556
0.077389 -35.361603 -34.117037 -1.042705 0.000041 -0.002653 -0.010479 0.000000 -0.000027 557
0.078290 -35.810665 -34.554873 -1.042705 0.000041 -0.002653 -0.010479 0.000000 -0.000027 558
0.079203 -36.266500 -34.999429 -1.042705 0.000041 -0.002653 -0.010479 0.000000 -0.000027 559
0.080127 -36.729240 -35.450841 -1.042705 0.000041 -0.002653 -0.010479 0.000000 -0.000027 560
0.081063 -37.199020 -35.909249 -1.042705 0.000041 -0.002653 -0.010479 0.000000 -0.000027 561
0.082011 -37.675983 -36.374795 -1.042705 0.000041 -0.002653 -0.010479 0.000000 -0.000027 562
0.082972 -38.160270 -36.847627 -1.042705 0.000041 -0.002653 -0.010479 0.000000 -0.000027 563
0.083944 -38.652029 -37.327895 -1.042705 0.000041 -0.002653 -0.010479 0.000000 -0.000027 564
0.084929 -39.151413 -37.815756 -1.042705 0.000041 -0.002653 -0.010479 0.000000 -0.000027 565
0.085926 -39.658576 -38.311370 -1.042705 0.000041 -0.002653 -0.010479 0.000000 -0.000027 566
0.086937 -40.173680 -38.814900 -1.042705 0.000041 -0.002653 -0.010479 0.000000 -0.000027 567
0.087960 -40.696888 -39.326518 -1.042705 0.000041 -0.002653 -0.010479 0.000000 -0.000027 568
0.088997 -41.228370 -39.846396 -1.042705 0.000041 -0.002653 -0.010479 0.000000 -0.000027 569
0.090047 -41.768301 -40.374715 -1.042705 0.000041 -0.002653 -0.010479 0.000000 -0.000027 570
0.091111 -42.316859 -40.911660 -1.042705 0.000041 -0.002653 -0.010479 0.000000 -0.000027 571
0.092189 -42.874229 -41.457422 -1.042705 0.000041 -0.002653 -0.010479 0.000000 -0.000027 572
0.093281 -43.440600 -42.012196 -1.042705 0.000041 -0.002653 -0.010479 0.000000 -0.000027 573
0.094387 -44.016169 -42.576185 -1.042705 0.000041 -0.002653 -0.010479 0.000000 -0.000027 574
0.095508 -44.601136 -43.149599 -1.042705 0.000041 -0.002653 -0.010479 0.000000 -0.000027 575
0.096644 -45.195709 -43.732652 -1.042705 0.000041 -0.002653 -0.010479 0.000000 -0.000027 576
0.097795 -45.800101 -44.325567 -1.042705 0.000041 -0.002653 -0.010479 0.000000 -0.000027 577
0.098961 -46.414534 -44.928572 -1.042705 0.000041 -0.002653 -0.010479 0.000000 -0.000027 578
0.100143 -47.039234 -45.541905 -1.042705 0.000041 -0.002653 -0.010479 0.000000 -0.000027 579
0.101340 -47.674435 -46.165810 -1.042705 0.000041 -0.002653 -0.010479 0.000000 -0.000027 580
0.102554 -48.320379 -46.800538 -1.042705 0.000041 -0.002653 -0.010479 0.000000 -0.000027 581
0.103784 -48.977316 -47.446352 -1.042705 0.000041 -0.002653 -0.010479 0.000000 -0.000027 582
0.105031 -49.645504 -48.103520 -1.042705 0.000041 -0.002653 -0.010479 0.000000 -0.000027 583
0.106294 -50.325207 -48.772320 -1.042705 0.000041 -0.002653 -0.010479 0.000000 -0.000027 584
0.107575 -51.016702 -49.453042 -1.042705 0.000041 -0.002653 -0.010479 0.000000 -0.000027 585
0.108874 -51.720272 -50.145983 -1.042705 0.000041 -0.002653 -0.010479 0.000000 -0.000027 586
0.110190 -52.436210 -50.851452 -1.042705 0.000041 -0.002653 -0.010479 0.000000 -0.000027 587
0.111525 -53.164820 -51.569767 -1.042705 0.000041 -0.002653 -0.010479 0.000000 -0.000027 588
0.112877 -53.906416 -52.301260 -1.042705 0.000041 -0.002653 -0.010479 0.000000 -0.000027 589
0.114249 -54.661323 -53.046273 -1.042705 0.000041 -0.002653 -0.010479 0.000000 -0.000027 590
0.115640 -55.429877 -53.805161 -1.042705 0.000041 -0.002653 -0.010479 0.000000 -0.000027 591
0.117050 -56.212426 -54.578292 -1.042705 0.000041 -0.002653 -0.010479 0.000000 -0.000027 592
0.118481 -57.009332 -55.366048 -1.042705 0.000041 -0.002653 -0.010479 0.000000 -0.000027 593
0.119931 -57.820969 -56.168824 -1.042705 0.000041 -0.002653 -0.010479 0.000000 -0.000027 594
0.121402 -58.647724 -56.987032 -1.042705 0.000041 -0.002653 -0.010479 0.000000 -0.000027 595
0.122894 -59.490000 -57.821098 -1.042705 0.000041 -0.002653 -0.010479 0.000000 -0.000027 596
0.124408 -60.348214 -58.671466 -1.042705 0.000041 -0.002653 -0.010479 0.000000 -0.000027 597
0.125943 -61.222800 -59.538595 -1.042705 0.000041 -0.002653 -0.010479 0.000000 -0.000027 598
0.127500 -62.114208 -60.422964 -1.042705 0.000041 -0.002653 -0.010479 0.000000 -0.000027 599
0.129080 -63.022906 -61.325070 -1.042705 0.000041 -0.002653 -0.010479 0.000000 -0.000027 600
0.130683 -63.949382 -62.245433 -1.042705 0.000041 -0.002653 -0.010479 0.000000 -0.000027 601
0.132310 -64.894140 -63.184589 -1.042705 0.000041 -0.002653 -0.010479 0.000000 -0.000027 602
0.133960 -65.857709 -64.143101 -1.042705 0.000041 -0.002653 -0.010479 0.000000 -0.000027 603
0.135636 -66.840636 -65.121553 -1.042705 0.000041 -0.002653 -0.010479 0.000000 -0.000027 604
0.137336 -67.843494 -66.120554 -1.042705 0.000041 -0.002653 -0.010479 0.000000 -0.000027 605
0.139061 -68.866879 -67.140738 -1.042705 0.000041 -0.002653 -0.010479 0.000000 -0.000027 606
0.140813 -69.911412 -68.182768 -1.042705 0.000041 -0.002653 -0.010479 0.000000 -0.000027 607
0.142591 -70.977744 -69.247336 -1.042705 0.000041 -0.002653 -0.010479 0.000000 -0.000027 608
0.144396 -72.066551 -70.335163 -1.042705 0.000041 -0.002653 -0.010479 0.000000 -0.000027 609
0.146229 -73.178544 -71.447003 -1.042705 0.000041 -0.002653 -0.010479 0.000000 -0.000027 610
0.148090 -74.314464 -72.583644 -1.042705 0.000041 -0.002653 -0.010479 0.000000 -0.000027 611
0.149980 -75.475086 -73.745910 -1.042705 0.000041 -0.002653 -0.010479 0.000000 -0.000027 612
0.151900 -76.661225 -74.934664 -1.042705 0.000041 -0.002653 -0.010479 0.000000 -0.000027 613
0.153850 -77.873732 -76.150808 -1.042705 0.000041 -0.002653 -0.010479 0.000000 -0.000027 614
0.155830 -79.113501 -77.395287 -1.042705 0.000041 -0.002653 -0.010479 0.000000 -0.000027 615
0.157843 -80.381473 -78.669093 -1.042705 0.000041 -0.002653 -0.010479 0.000000 -0.000027 616
0.159887 -81.678633 -79.973265 -1.042705 0.000041 -0.002653 -0.010479 0.000000 -0.000027 617
0.161965 -83.006021 -81.308894 -1.042705 0.000041 -0.002653 -0.010479 0.000000 -0.000027 618
0.164077 -84.364731 -82.677126 -1.042705 0.000041 -0.002653 -0.010479 0.000000 -0.000027 619
0.166223 -85.755915 -84.079164 -1.042705 0.000041 -0.002653 -0.010479 0.000000 -0.000027 620
0.168405 -87.180789 -85.516276 -1.042705 0.000041 -0.002653 -0.010479 0.000000 -0.000027 621
0.170623 -88.640638 -86.989795 -1.042705 0.000041 -0.002653 -0.010479 0.000000 -0.000027 622
0.172878 -90.136822 -88.501126 -1.042705 0.000041 -0.002653 -0.010479 0.000000 -0.000027 623
0.175172 -91.670779 -90.051750 -1.042705 0.000041 -0.002653 -0.010479 0.000000 -0.000027 624
0.177505 -93.244035 -91.643232 -1.042705 0.000041 -0.002653 -0.010479 0.000000 -0.000027 625
0.179878 -94.858208 -93.277226 -1.042705 0.000041 -0.002653 -0.010479 0.000000 -0.000027 626
0.182293 -96.515020 -94.955481 -1.042705 0.000041 -0.002653 -0.010479 0.000000 -0.000027 627
0.184750 -98.216302 -96.679852 -1.042705 0.000041 -0.002653 -0.010479 0.000000 -0.000027 628
0.187251 -99.964006 -98.452306 -1.042705 0.000041 -0.002653 -0.010479 0.000000 -0.000027 629
0.189796 -101.760215 -100.274936 -1.042705 0.000041 -0.002653 -0.010479 0.000000 -0.000027 630
0.192388 -103.607156 -102.149967 -1.042705 0.000041 -0.002653 -0.010479 0.000000 -0.000027 631
0.195027 -105.507214 -104.079778 -1.042705 0.000041 -0.002653 -0.010479 0.000000 -0.000027 632
0.197715 -107.462944 -106.066906 -1.042705 0.000041 -0.002653 -0.010479 0.000000 -0.000027 633
0.200453 -109.477090 -108.114074 -1.042705 0.000041 -0.002653 -0.010479 0.000000 -0.000027 634
0.203243 -111.552602 -110.224204 -1.042705 0.000041 -0.002653 -0.010479 0.000000 -0.000027 635
0.206086 -113.692657 -112.400443 -1.042705 0.000041 -0.002653 -0.010479 0.000000 -0.000027 636
0.208984 -115.900683 -114.646190 -1.042705 0.000041 -0.002653 -0.010479 0.000000 -0.000027 637
0.211940 -118.180378 -116.965123 -1.042705 0.000041 -0.002653 -0.010479 0.000000 -0.000027 638
0.214954 -120.535741 -119.361239 -1.042705 0.000041 -0.002653 -0.010479 0.000000 -0.000027 639
0.218028 -122.971103 -121.838890 -1.042705 0.000041 -0.002653 -0.010479 0.000000 -0.000027 640
0.221166 -125.491153 -124.402831 -1.042705 0.000041 -0.002653 -0.010479 0.000000 -0.000027 641
0.224368 -128.100977 -127.058272 -1.042705 0.000041 -0.002653 -0.010479 0.000000 -0.000027 642
0.227638 -130.806094 -129.810934 -1.042705 0.000041 -0.002653 -0.010479 0.000000 -0.000027 643
0.230978 -133.612495 -132.667112 -1.042705 0.000041 -0.002653 -0.010479 0.000000 -0.000027 644
0.234390 -136.526687 -135.633748 -1.042705 0.000041 -0.002653 -0.010479 0.000000 -0.000027 645
0.237878 -139.555739 -138.718499 -1.042705 0.000041 -0.002653 -0.010479 0.000000 -0.000027 646
0.241444 -142.707331 -141.929815 -1.042705 0.000041 -0.002653 -0.010479 0.000000 -0.000027 647
0.245091 -145.989813 -145.277009 -1.042705 0.000041 -0.002653 -0.010479 0.000000 -0.000027 648
0.248824 -149.412271 -148.770325 -1.042705 0.000041 -0.002653 -0.010479 0.000000 -0.000027 649
0.252645 -152.984614 -152.421002 -1.042705 0.000041 -0.002653 -0.010479 0.000000 -0.000027 650
0.256560 -156.717678 -156.241316 -1.042705 0.000041 -0.002653 -0.010479 0.000000 -0.000027 651
0.260572 -160.623391 -160.244627 -1.042705 0.000041 -0.002653 -0.010479 0.000000 -0.000027 652
0.264685 -164.714991 -164.445434 -1.042705 0.000041 -0.002653 -0.010479 0.000000 -0.000027 653
0.268906 -169.007359 -168.859466 -1.042705 0.000041 -0.002653 -0.010479 0.000000 -0.000027 654
0.273240 -173.517487 -173.503889 -1.042705 0.000041 -0.002653 -0.010479 0.000000 -0.000027 655
0.277692 -178.265118 -178.397708 -1.042705 0.000041 -0.002653 -0.010479 0.000000 -0.000027 656
0.282269 -183.273556 -183.562490 -1.042705 0.000041 -0.002653 -0.010479 0.000000 -0.000027 657
0.286979 -188.570575 -189.023503 -1.042705 0.000041 -0.002653 -0.010479 0.000000 -0.000027 658
0.291829 -194.189242 -194.811281 -1.042705 0.000041 -0.002653 -0.010479 0.000000 -0.000027 659
0.296827 -200.168353 -200.963344 -1.042705 0.000041 -0.002653 -0.010479 0.000000 -0.000027 660
0.301984 -206.552206 -207.525479 -1.042705 0.000041 -0.002653 -0.010479 0.000000 -0.000027 661
0.307310 -213.389911 -214.551672 -1.042705 0.000041 -0.002653 -0.010479 0.000000 -0.000027 662
0.312817 -220.735659 -222.102399 -1.042705 0.000041 -0.002653 -0.010479 0.000000 -0.000027 663
0.318520 -228.653100 -230.243492 -1.042705 0.000041 -0.002653 -0.010479 0.000000 -0.000027 664
0.324434 -237.226011 -239.051872 -1.042705 0.000041 -0.002653 -0.010479 0.000000 -0.000027 665
0.330577 -246.568476 -248.632928 -1.042705 0.000041 -0.002653 -0.010479 0.000000 -0.000027 666
0.336969 -256.817415 -259.134720 -1.042705 0.000041 -0.002653 -0.010479 0.000000 -0.000027 667
0.343636 -268.117888 -270.729133 -1.042705 0.000041 -0.002653 -0.010479 0.000000 -0.000027 668
0.350606 -280.667446 -283.611444 -1.042705 0.000041 -0.002653 -0.010479 0.000000 -0.000027 669
0.357914 -294.750660 -298.089970 -1.042705 0.000041 -0.002653 -0.010479 0.000000 -0.000027 670
0.365605 -310.677651 -314.522645 -1.042705 0.000041 -0.002653 -0.010479 0.000000 -0.000027 671
0.373731 -328.937173 -333.434604 -1.042705 0.000041 -0.002653 -0.010479 0.000000 -0.000027 672
0.382363 -350.154814 -355.500231 -1.042705 0.000041 -0.002653 -0.010479 0.000000 -0.000027 673
0.391590 -375.289510 -381.723368 -1.042705 0.000041 -0.002653 -0.010479 0.000000 -0.000027 674
0.401534 -405.857480 -413.676502 -1.042705 0.000041 -0.002653 -0.010479 0.000000 -0.000027 675
0.412362 -444.303340 -454.068358 -1.042705 0.000041 -0.002653 -0.010479 0.000000 -0.000027 676
0.424333 -494.719104 -507.597690 -1.042705 0.000041 -0.002653 -0.010479 0.000000 -0.000027 677
0.437872 -565.302796 -583.615019 -1.042705 0.000041 -0.002653 -0.010479 0.000000 -0.000027 678
0.453775 -674.629537 -704.870872 -1.042705 0.000041 -0.002653 -0.010479 0.000000 -0.000027 679
0.473952 -877.334014 -944.229109 -1.042705 0.000041 -0.002653 -0.010479 0.000000 -0.000027 680
0.505837 -1427.414311 -1719.293730 -1.042705 0.000041 -0.002653 -0.010479 0.000000 -0.000027 681
0.686043 -6291.536778 -18034.717682 -1.042705 0.000041 -0.002653 -0.010479 0.000000 -0.000027 682
12162.919822 -219055500.122354 -2638482511483.863770 -1.042705 0.000041 -0.002653 -0.010479 0.000000 -0.000027 683
832982877421325438517623591266156544.000000 -30681317413072075044966800403422871495043532500296550999268524032.000000 418506936138210906397112828505288686175350599768938458470416384.000000 -1.042705 0.000041 -0.002653 -0.010479 0.000000 -0.000027 684
-42183507208918226680107996448489509877127718869074731184815016301627911555614919115617697857440543116814210954394173702144.000000 -nan -nan -1.042705 0.000041 -0.002653 -0.010479 0.000000 -0.000027 685
-nan -nan -nan -1.042705 0.000041 -0.002653 -0.010479 0.000000 -0.000027 686
-nan -nan -nan -1.042705 0.000041 -0.002653 -0.010479 0.000000 -0.000027 687
-nan -nan -nan -1.042705 0.000041 -0.002653 -0.010479 0.000000 -0.000027 688
-nan -nan -nan -1.042705 0.000041 -0.002653 -0.010479 0.000000 -0.000027 689
-nan -nan -nan -1.042705 0.000041 -0.002653 -0.010479 0.000000 -0.000027 690
-nan -nan -nan -1.042705 0.000041 -0.002653 -0.010479 0.000000 -0.000027 691
-nan -nan -nan -1.042705 0.000041 -0.002653 -0.010479 0.000000 -0.000027 692
-nan -nan -nan -1.042705 0.000041 -0.002653 -0.010479 0.000000 -0.000027 693
-nan -nan -nan -1.042705 0.000041 -0.002653 -0.010479 0.000000 -0.000027 694
-nan -nan -nan -1.042705 0.000041 -0.002653 -0.010479 0.000000 -0.000027 695
-nan -nan -nan -1.042705 0.000041 -0.002653 -0.010479 0.000000 -0.000027 696
-nan -nan -nan -1.042705 0.000041 -0.002653 -0.010479 0.000000 -0.000027 697
-nan -nan -nan -1.042705 0.000041 -0.002653 -0.010479 0.000000 -0.000027 698
-nan -nan -nan -1.042705 0.000041 -0.002653 -0.010479 0.000000 -0.000027 699
-nan -nan -nan -1.042705 0.000041 -0.002653 -0.010479 0.000000 -0.000027 700
-nan -nan -nan -1.042705 0.000041 -0.002653 -0.010479 0.000000 -0.000027 701
-nan -nan -nan -1.042705 0.000041 -0.002653 -0.010479 0.000000 -0.000027 702
-nan -nan -nan -1.042705 0.000041 -0.002653 -0.010479 0.000000 -0.000027 703
-nan -nan -nan -1.042705 0.000041 -0.002653 -0.010479 0.000000 -0.000027 704
-nan -nan -nan -1.042705 0.000041 -0.002653 -0.010479 0.000000 -0.000027 705
-nan -nan -nan -1.042705 0.000041 -0.002653 -0.010479 0.000000 -0.000027 706
-nan -nan -nan -1.042705 0.000041 -0.002653 -0.010479 0.000000 -0.000027 707
-nan -nan -nan -1.042705 0.000041 -0.002653 -0.010479 0.000000 -0.000027 708
-nan -nan -nan -1.042705 0.000041 -0.002653 -0.010479 0.000000 -0.000027 709
-nan -nan -nan -1.042705 0.000041 -0.002653 -0.010479 0.000000 -0.000027 710
-nan -nan -nan -1.042705 0.000041 -0.002653 -0.010479 0.000000 -0.000027 711
-nan -nan -nan -1.042705 0.000041 -0.002653 -0.010479 0.000000 -0.000027 712
-nan -nan -nan -1.042705 0.000041 -0.002653 -0.010479 0.000000 -0.000027 713
-nan -nan -nan -1.042705 0.000041 -0.002653 -0.010479 0.000000 -0.000027 714
-nan -nan -nan -1.042705 0.000041 -0.002653 -0.010479 0.000000 -0.000027 715
-nan -nan -nan -1.042705 0.000041 -0.002653 -0.010479 0.000000 -0.000027 716
-nan -nan -nan -1.042705 0.000041 -0.002653 -0.010479 0.000000 -0.000027 717
-nan -nan -nan -1.042705 0.000041 -0.002653 -0.010479 0.000000 -0.000027 718
-nan -nan -nan -1.042705 0.000041 -0.002653 -0.010479 0.000000 -0.000027 719
-nan -nan -nan -1.042705 0.000041 -0.002653 -0.010479 0.000000 -0.000027 720
-nan -nan -nan -1.042705 0.000041 -0.002653 -0.010479 0.000000 -0.000027 721
-nan -nan -nan -1.042705 0.000041 -0.002653 -0.010479 0.000000 -0.000027 722
-nan -nan -nan -1.042705 0.000041 -0.002653 -0.010479 0.000000 -0.000027 723
-nan -nan -nan -1.042705 0.000041 -0.002653 -0.010479 0.000000 -0.000027 724
-nan -nan -nan -1.042705 0.000041 -0.002653 -0.010479 0.000000 -0.000027 725
-nan -nan -nan -1.042705 0.000041 -0.002653 -0.010479 0.000000 -0.000027 726
-nan -nan -nan -1.042705 0.000041 -0.002653 -0.010479 0.000000 -0.000027 727
-nan -nan -nan -1.042705 0.000041 -0.002653 -0.010479 0.000000 -0.000027 728
-nan -nan -nan -1.042705 0.000041 -0.002653 -0.010479 0.000000 -0.000027 729
-nan -nan -nan -1.042705 0.000041 -0.002653 -0.010479 0.000000 -0.000027 730
-nan -nan -nan -1.042705 0.000041 -0.002653 -0.010479 0.000000 -0.000027 731
-nan -nan -nan -1.042705 0.000041 -0.002653 -0.010479 0.000000 -0.000027 732
-nan -nan -nan -1.042705 0.000041 -0.002653 -0.010479 0.000000 -0.000027 733
-nan -nan -nan -1.042705 0.000041 -0.002653 -0.010479 0.000000 -0.000027 734
-nan -nan -nan -1.042705 0.000041 -0.002653 -0.010479 0.000000 -0.000027 735
-nan -nan -nan -1.042705 0.000041 -0.002653 -0.010479 0.000000 -0.000027 736
-nan -nan -nan -1.042705 0.000041 -0.002653 -0.010479 0.000000 -0.000027 737
-nan -nan -nan -1.042705 0.000041 -0.002653 -0.010479 0.000000 -0.000027 738
-nan -nan -nan -1.042705 0.000041 -0.002653 -0.010479 0.000000 -0.000027 739
-nan -nan -nan -1.042705 0.000041 -0.002653 -0.010479 0.000000 -0.000027 740
-nan -nan -nan -1.042705 0.000041 -0.002653 -0.010479 0.000000 -0.000027 741
-nan -nan -nan -1.042705 0.000041 -0.002653 -0.010479 0.000000 -0.000027 742
-nan -nan -nan -1.042705 0.000041 -0.002653 -0.010479 0.000000 -0.000027 743
-nan -nan -nan -1.042705 0.000041 -0.002653 -0.010479 0.000000 -0.000027 744
-nan -nan -nan -1.042705 0.000041 -0.002653 -0.010479 0.000000 -0.000027 745
-nan -nan -nan -1.042705 0.000041 -0.002653 -0.010479 0.000000 -0.000027 746
-nan -nan -nan -1.042705 0.000041 -0.002653 -0.010479 0.000000 -0.000027 747
-nan -nan -nan -1.042705 0.000041 -0.002653 -0.010479 0.000000 -0.000027 748
-nan -nan -nan -1.042705 0.000041 -0.002653 -0.010479 0.000000 -0.000027 749
-nan -nan -nan -1.042705 0.000041 -0.002653 -0.010479 0.000000 -0.000027 750
-nan -nan -nan -1.042705 0.000041 -0.002653 -0.010479 0.000000 -0.000027 751
-nan -nan -nan -1.042705 0.000041 -0.002653 -0.010479 0.000000 -0.000027 752
-nan -nan -nan -1.042705 0.000041 -0.002653 -0.010479 0.000000 -0.000027 753
-nan -nan -nan -1.042705 0.000041 -0.002653 -0.010479 0.000000 -0.000027 754
-nan -nan -nan -1.042705 0.000041 -0.002653 -0.010479 0.000000 -0.000027 755
-nan -nan -nan -1.042705 0.000041 -0.002653 -0.010479 0.000000 -0.000027 756
-nan -nan -nan -1.042705 0.000041 -0.002653 -0.010479 0.000000 -0.000027 757
-nan -nan -nan -1.042705 0.000041 -0.002653 -0.010479 0.000000 -0.000027 758
-nan -nan -nan -1.042705 0.000041 -0.002653 -0.010479 0.000000 -0.000027 759
-nan -nan -nan -1.042705 0.000041 -0.002653 -0.010479 0.000000 -0.000027 760
-nan -nan -nan -1.042705 0.000041 -0.002653 -0.010479 0.000000 -0.000027 761
-nan -nan -nan -1.042705 0.000041 -0.002653 -0.010479 0.000000 -0.000027 762
-nan -nan -nan -1.042705 0.000041 -0.002653 -0.010479 0.000000 -0.000027 763
-nan -nan -nan -1.042705 0.000041 -0.002653 -0.010479 0.000000 -0.000027 764
-nan -nan -nan -1.042705 0.000041 -0.002653 -0.010479 0.000000 -0.000027 765
-nan -nan -nan -1.042705 0.000041 -0.002653 -0.010479 0.000000 -0.000027 766
-nan -nan -nan -1.042705 0.000041 -0.002653 -0.010479 0.000000 -0.000027 767
-nan -nan -nan -1.042705 0.000041 -0.002653 -0.010479 0.000000 -0.000027 768
-nan -nan -nan -1.042705 0.000041 -0.002653 -0.010479 0.000000 -0.000027 769
-nan -nan -nan -1.042705 0.000041 -0.002653 -0.010479 0.000000 -0.000027 770
-nan -nan -nan -1.042705 0.000041 -0.002653 -0.010479 0.000000 -0.000027 771
-nan -nan -nan -1.042705 0.000041 -0.002653 -0.010479 0.000000 -0.000027 772
-nan -nan -nan -1.042705 0.000041 -0.002653 -0.010479 0.000000 -0.000027 773
-nan -nan -nan -1.042705 0.000041 -0.002653 -0.010479 0.000000 -0.000027 774
-nan -nan -nan -1.042705 0.000041 -0.002653 -0.010479 0.000000 -0.000027 775
-nan -nan -nan -1.042705 0.000041 -0.002653 -0.010479 0.000000 -0.000027 776
-nan -nan -nan -1.042705 0.000041 -0.002653 -0.010479 0.000000 -0.000027 777
-nan -nan -nan -1.042705 0.000041 -0.002653 -0.010479 0.000000 -0.000027 778
-nan -nan -nan -1.042705 0.000041 -0.002653 -0.010479 0.000000 -0.000027 779
-nan -nan -nan -1.042705 0.000041 -0.002653 -0.010479 0.000000 -0.000027 780
-nan -nan -nan -1.042705 0.000041 -0.002653 -0.010479 0.000000 -0.000027 781
-nan -nan -nan -1.042705 0.000041 -0.002653 -0.010479 0.000000 -0.000027 782
-nan -nan -nan -1.042705 0.000041 -0.002653 -0.010479 0.000000 -0.000027 783
-nan -nan -nan -1.042705 0.000041 -0.002653 -0.010479 0.000000 -0.000027 784
-nan -nan -nan -1.042705 0.000041 -0.002653 -0.010479 0.000000 -0.000027 785
-nan -nan -nan -1.042705 0.000041 -0.002653 -0.010479 0.000000 -0.000027 786
-nan -nan -nan -1.042705 0.000041 -0.002653 -0.010479 0.000000 -0.000027 787
-nan -nan -nan -1.042705 0.000041 -0.002653 -0.010479 0.000000 -0.000027 788
-nan -nan -nan -1.042705 0.000041 -0.002653 -0.010479 0.000000 -0.000027 789
-nan -nan -nan -1.042705 0.000041 -0.002653 -0.010479 0.000000 -0.000027 790
-nan -nan -nan -1.042705 0.000041 -0.002653 -0.010479 0.000000 -0.000027 791
-nan -nan -nan -1.042705 0.000041 -0.002653 -0.010479 0.000000 -0.000027 792
-nan -nan -nan -1.042705 0.000041 -0.002653 -0.010479 0.000000 -0.000027 793
-nan -nan -nan -1.042705 0.000041 -0.002653 -0.010479 0.000000 -0.000027 794
-nan -nan -nan -1.042705 0.000041 -0.002653 -0.010479 0.000000 -0.000027 795
-nan -nan -nan -1.042705 0.000041 -0.002653 -0.010479 0.000000 -0.000027 796
-nan -nan -nan -1.042705 0.000041 -0.002653 -0.010479 0.000000 -0.000027 797
-nan -nan -nan -1.042705 0.000041 -0.002653 -0.010479 0.000000 -0.000027 798
-nan -nan -nan -1.042705 0.000041 -0.002653 -0.010479 0.000000 -0.000027 799
-nan -nan -nan -1.042705 0.000041 -0.002653 -0.010479 0.000000 -0.000027 800
-nan -nan -nan -1.042705 0.000041 -0.002653 -0.010479 0.000000 -0.000027 801
-nan -nan -nan -1.042705 0.000041 -0.002653 -0.010479 0.000000 -0.000027 802
-nan -nan -nan -1.042705 0.000041 -0.002653 -0.010479 0.000000 -0.000027 803
-nan -nan -nan -1.042705 0.000041 -0.002653 -0.010479 0.000000 -0.000027 804
-nan -nan -nan -1.042705 0.000041 -0.002653 -0.010479 0.000000 -0.000027 805
-nan -nan -nan -1.042705 0.000041 -0.002653 -0.010479 0.000000 -0.000027 806
-nan -nan -nan -1.042705 0.000041 -0.002653 -0.010479 0.000000 -0.000027 807
-nan -nan -nan -1.042705 0.000041 -0.002653 -0.010479 0.000000 -0.000027 808
-nan -nan -nan -1.042705 0.000041 -0.002653 -0.010479 0.000000 -0.000027 809
-nan -nan -nan -1.042705 0.000041 -0.002653 -0.010479 0.000000 -0.000027 810
-nan -nan -nan -1.042705 0.000041 -0.002653 -0.010479 0.000000 -0.000027 811
-nan -nan -nan -1.042705 0.000041 -0.002653 -0.010479 0.000000 -0.000027 812
-nan -nan -nan -1.042705 0.000041 -0.002653 -0.010479 0.000000 -0.000027 813
-nan -nan -nan -1.042705 0.000041 -0.002653 -0.010479 0.000000 -0.000027 814
-nan -nan -nan -1.042705 0.000041 -0.002653 -0.010479 0.000000 -0.000027 815
-nan -nan -nan -1.042705 0.000041 -0.002653 -0.010479 0.000000 -0.000027 816
-nan -nan -nan -1.042705 0.000041 -0.002653 -0.010479 0.000000 -0.000027 817
-nan -nan -nan -1.042705 0.000041 -0.002653 -0.010479 0.000000 -0.000027 818
-nan -nan -nan -1.042705 0.000041 -0.002653 -0.010479 0.000000 -0.000027 819
-nan -nan -nan -1.042705 0.000041 -0.002653 -0.010479 0.000000 -0.000027 820
-nan -nan -nan -1.042705 0.000041 -0.002653 -0.010479 0.000000 -0.000027 821
-nan -nan -nan -1.042705 0.000041 -0.002653 -0.010479 0.000000 -0.000027 822
-nan -nan -nan -1.042705 0.000041 -0.002653 -0.010479 0.000000 -0.000027 823
-nan -nan -nan -1.042705 0.000041 -0.002653 -0.010479 0.000000 -0.000027 824
-nan -nan -nan -1.042705 0.000041 -0.002653 -0.010479 0.000000 -0.000027 825
-nan -nan -nan -1.042705 0.000041 -0.002653 -0.010479 0.000000 -0.000027 826
-nan -nan -nan -1.042705 0.000041 -0.002653 -0.010479 0.000000 -0.000027 827
-nan -nan -nan -1.042705 0.000041 -0.002653 -0.010479 0.000000 -0.000027 828
-nan -nan -nan -1.042705 0.000041 -0.002653 -0.010479 0.000000 -0.000027 829
-nan -nan -nan -1.042705 0.000041 -0.002653 -0.010479 0.000000 -0.000027 830
-nan -nan -nan -1.042705 0.000041 -0.002653 -0.010479 0.000000 -0.000027 831
-nan -nan -nan -1.042705 0.000041 -0.002653 -0.010479 0.000000 -0.000027 832
-nan -nan -nan -1.042705 0.000041 -0.002653 -0.010479 0.000000 -0.000027 833
-nan -nan -nan -1.042705 0.000041 -0.002653 -0.010479 0.000000 -0.000027 834
-nan -nan -nan -1.042705 0.000041 -0.002653 -0.010479 0.000000 -0.000027 835
-nan -nan -nan -1.042705 0.000041 -0.002653 -0.010479 0.000000 -0.000027 836
-nan -nan -nan -1.042705 0.000041 -0.002653 -0.010479 0.000000 -0.000027 837
-nan -nan -nan -1.042705 0.000041 -0.002653 -0.010479 0.000000 -0.000027 838
-nan -nan -nan -1.042705 0.000041 -0.002653 -0.010479 0.000000 -0.000027 839
-nan -nan -nan -1.042705 0.000041 -0.002653 -0.010479 0.000000 -0.000027 840
-nan -nan -nan -1.042705 0.000041 -0.002653 -0.010479 0.000000 -0.000027 841
-nan -nan -nan -1.042705 0.000041 -0.002653 -0.010479 0.000000 -0.000027 842
-nan -nan -nan -1.042705 0.000041 -0.002653 -0.010479 0.000000 -0.000027 843
-nan -nan -nan -1.042705 0.000041 -0.002653 -0.010479 0.000000 -0.000027 844
-nan -nan -nan -1.042705 0.000041 -0.002653 -0.010479 0.000000 -0.000027 845
-nan -nan -nan -1.042705 0.000041 -0.002653 -0.010479 0.000000 -0.000027 846
-nan -nan -nan -1.042705 0.000041 -0.002653 -0.010479 0.000000 -0.000027 847
-nan -nan -nan -1.042705 0.000041 -0.002653 -0.010479 0.000000 -0.000027 848
-nan -nan -nan -1.042705 0.000041 -0.002653 -0.010479 0.000000 -0.000027 849
-nan -nan -nan -1.042705 0.000041 -0.002653 -0.010479 0.000000 -0.000027 850
-nan -nan -nan -1.042705 0.000041 -0.002653 -0.010479 0.000000 -0.000027 851
-nan -nan -nan -1.042705 0.000041 -0.002653 -0.010479 0.000000 -0.000027 852
-nan -nan -nan -1.042705 0.000041 -0.002653 -0.010479 0.000000 -0.000027 853
-nan -nan -nan -1.042705 0.000041 -0.002653 -0.010479 0.000000 -0.000027 854
-nan -nan -nan -1.042705 0.000041 -0.002653 -0.010479 0.000000 -0.000027 855
-nan -nan -nan -1.042705 0.000041 -0.002653 -0.010479 0.000000 -0.000027 856
-nan -nan -nan -1.042705 0.000041 -0.002653 -0.010479 0.000000 -0.000027 857
-nan -nan -nan -1.042705 0.000041 -0.002653 -0.010479 0.000000 -0.000027 858
-nan -nan -nan -1.042705 0.000041 -0.002653 -0.010479 0.000000 -0.000027 859
-nan -nan -nan -1.042705 0.000041 -0.002653 -0.010479 0.000000 -0.000027 860
-nan -nan -nan -1.042705 0.000041 -0.002653 -0.010479 0.000000 -0.000027 861
-nan -nan -nan -1.042705 0.000041 -0.002653 -0.010479 0.000000 -0.000027 862
-nan -nan -nan -1.042705 0.000041 -0.002653 -0.010479 0.000000 -0.000027 863
-nan -nan -nan -1.042705 0.000041 -0.002653 -0.010479 0.000000 -0.000027 864
-nan -nan -nan -1.042705 0.000041 -0.002653 -0.010479 0.000000 -0.000027 865
-nan -nan -nan -1.042705 0.000041 -0.002653 -0.010479 0.000000 -0.000027 866
-nan -nan -nan -1.042705 0.000041 -0.002653 -0.010479 0.000000 -0.000027 867
-nan -nan -nan -1.042705 0.000041 -0.002653 -0.010479 0.000000 -0.000027 868
-nan -nan -nan -1.042705 0.000041 -0.002653 -0.010479 0.000000 -0.000027 869
-nan -nan -nan -1.042705 0.000041 -0.002653 -0.010479 0.000000 -0.000027 870
-nan -nan -nan -1.042705 0.000041 -0.002653 -0.010479 0.000000 -0.000027 871
-nan -nan -nan -1.042705 0.000041 -0.002653 -0.010479 0.000000 -0.000027 872
-nan -nan -nan -1.042705 0.000041 -0.002653 -0.010479 0.000000 -0.000027 873
-nan -nan -nan -1.042705 0.000041 -0.002653 -0.010479 0.000000 -0.000027 874
-nan -nan -nan -1.042705 0.000041 -0.002653 -0.010479 0.000000 -0.000027 875
-nan -nan -nan -1.042705 0.000041 -0.002653 -0.010479 0.000000 -0.000027 876
-nan -nan -nan -1.042705 0.000041 -0.002653 -0.010479 0.000000 -0.000027 877
-nan -nan -nan -1.042705 0.000041 -0.002653 -0.010479 0.000000 -0.000027 878
-nan -nan -nan -1.042705 0.000041 -0.002653 -0.010479 0.000000 -0.000027 879
-nan -nan -nan -1.042705 0.000041 -0.002653 -0.010479 0.000000 -0.000027 880
-nan -nan -nan -1.042705 0.000041 -0.002653 -0.010479 0.000000 -0.000027 881
-nan -nan -nan -1.042705 0.000041 -0.002653 -0.010479 0.000000 -0.000027 882
-nan -nan -nan -1.042705 0.000041 -0.002653 -0.010479 0.000000 -0.000027 883
-nan -nan -nan -1.042705 0.000041 -0.002653 -0.010479 0.000000 -0.000027 884
-nan -nan -nan -1.042705 0.000041 -0.002653 -0.010479 0.000000 -0.000027 885
-nan -nan -nan -1.042705 0.000041 -0.002653 -0.010479 0.000000 -0.000027 886
-nan -nan -nan -1.042705 0.000041 -0.002653 -0.010479 0.000000 -0.000027 887
-nan -nan -nan -1.042705 0.000041 -0.002653 -0.010479 0.000000 -0.000027 888
-nan -nan -nan -1.042705 0.000041 -0.002653 -0.010479 0.000000 -0.000027 889
-nan -nan -nan -1.042705 0.000041 -0.002653 -0.010479 0.000000 -0.000027 890
-nan -nan -nan -1.042705 0.000041 -0.002653 -0.010479 0.000000 -0.000027 891
-nan -nan -nan -1.042705 0.000041 -0.002653 -0.010479 0.000000 -0.000027 892
-nan -nan -nan -1.042705 0.000041 -0.002653 -0.010479 0.000000 -0.000027 893
-nan -nan -nan -1.042705 0.000041 -0.002653 -0.010479 0.000000 -0.000027 894
-nan -nan -nan -1.042705 0.000041 -0.002653 -0.010479 0.000000 -0.000027 895
-nan -nan -nan -1.042705 0.000041 -0.002653 -0.010479 0.000000 -0.000027 896
-nan -nan -nan -1.042705 0.000041 -0.002653 -0.010479 0.000000 -0.000027 897
-nan -nan -nan -1.042705 0.000041 -0.002653 -0.010479 0.000000 -0.000027 898
-nan -nan -nan -1.042705 0.000041 -0.002653 -0.010479 0.000000 -0.000027 899
-nan -nan -nan -1.042705 0.000041 -0.002653 -0.010479 0.000000 -0.000027 900
-nan -nan -nan -1.042705 0.000041 -0.002653 -0.010479 0.000000 -0.000027 901
-nan -nan -nan -1.042705 0.000041 -0.002653 -0.010479 0.000000 -0.000027 902
-nan -nan -nan -1.042705 0.000041 -0.002653 -0.010479 0.000000 -0.000027 903
-nan -nan -nan -1.042705 0.000041 -0.002653 -0.010479 0.000000 -0.000027 904
-nan -nan -nan -1.042705 0.000041 -0.002653 -0.010479 0.000000 -0.000027 905
-nan -nan -nan -1.042705 0.000041 -0.002653 -0.010479 0.000000 -0.000027 906
-nan -nan -nan -1.042705 0.000041 -0.002653 -0.010479 0.000000 -0.000027 907
-nan -nan -nan -1.042705 0.000041 -0.002653 -0.010479 0.000000 -0.000027 908
-nan -nan -nan -1.042705 0.000041 -0.002653 -0.010479 0.000000 -0.000027 909
-nan -nan -nan -1.042705 0.000041 -0.002653 -0.010479 0.000000 -0.000027 910
-nan -nan -nan -1.042705 0.000041 -0.002653 -0.010479 0.000000 -0.000027 911
-nan -nan -nan -1.042705 0.000041 -0.002653 -0.010479 0.000000 -0.000027 912
-nan -nan -nan -1.042705 0.000041 -0.002653 -0.010479 0.000000 -0.000027 913
-nan -nan -nan -1.042705 0.000041 -0.002653 -0.010479 0.000000 -0.000027 914
-nan -nan -nan -1.042705 0.000041 -0.002653 -0.010479 0.000000 -0.000027 915
-nan -nan -nan -1.042705 0.000041 -0.002653 -0.010479 0.000000 -0.000027 916
-nan -nan -nan -1.042705 0.000041 -0.002653 -0.010479 0.000000 -0.000027 917
-nan -nan -nan -1.042705 0.000041 -0.002653 -0.010479 0.000000 -0.000027 918
-nan -nan -nan -1.042705 0.000041 -0.002653 -0.010479 0.000000 -0.000027 919
-nan -nan -nan -1.042705 0.000041 -0.002653 -0.010479 0.000000 -0.000027 920
-nan -nan -nan -1.042705 0.000041 -0.002653 -0.010479 0.000000 -0.000027 921
-nan -nan -nan -1.042705 0.000041 -0.002653 -0.010479 0.000000 -0.000027 922
-nan -nan -nan -1.042705 0.000041 -0.002653 -0.010479 0.000000 -0.000027 923
-nan -nan -nan -1.042705 0.000041 -0.002653 -0.010479 0.000000 -0.000027 924
-nan -nan -nan -1.042705 0.000041 -0.002653 -0.010479 0.000000 -0.000027 925
-nan -nan -nan -1.042705 0.000041 -0.002653 -0.010479 0.000000 -0.000027 926
-nan -nan -nan -1.042705 0.000041 -0.002653 -0.010479 0.000000 -0.000027 927
-nan -nan -nan -1.042705 0.000041 -0.002653 -0.010479 0.000000 -0.000027 928
-nan -nan -nan -1.042705 0.000041 -0.002653 -0.010479 0.000000 -0.000027 929
-nan -nan -nan -1.042705 0.000041 -0.002653 -0.010479 0.000000 -0.000027 930
-nan -nan -nan -1.042705 0.000041 -0.002653 -0.010479 0.000000 -0.000027 931
-nan -nan -nan -1.042705 0.000041 -0.002653 -0.010479 0.000000 -0.000027 932
-nan -nan -nan -1.042705 0.000041 -0.002653 -0.010479 0.000000 -0.000027 933
-nan -nan -nan -1.042705 0.000041 -0.002653 -0.010479 0.000000 -0.000027 934
-nan -nan -nan -1.042705 0.000041 -0.002653 -0.010479 0.000000 -0.000027 935
-nan -nan -nan -1.042705 0.000041 -0.002653 -0.010479 0.000000 -0.000027 936
-nan -nan -nan -1.042705 0.000041 -0.002653 -0.010479 0.000000 -0.000027 937
-nan -nan -nan -1.042705 0.000041 -0.002653 -0.010479 0.000000 -0.000027 938
-nan -nan -nan -1.042705 0.000041 -0.002653 -0.010479 0.000000 -0.000027 939
-nan -nan -nan -1.042705 0.000041 -0.002653 -0.010479 0.000000 -0.000027 940
-nan -nan -nan -1.042705 0.000041 -0.002653 -0.010479 0.000000 -0.000027 941
-nan -nan -nan -1.042705 0.000041 -0.002653 -0.010479 0.000000 -0.000027 942
-nan -nan -nan -1.042705 0.000041 -0.002653 -0.010479 0.000000 -0.000027 943
-nan -nan -nan -1.042705 0.000041 -0.002653 -0.010479 0.000000 -0.000027 944
-nan -nan -nan -1.042705 0.000041 -0.002653 -0.010479 0.000000 -0.000027 945
-nan -nan -nan -1.042705 0.000041 -0.002653 -0.010479 0.000000 -0.000027 946
-nan -nan -nan -1.042705 0.000041 -0.002653 -0.010479 0.000000 -0.000027 947
-nan -nan -nan -1.042705 0.000041 -0.002653 -0.010479 0.000000 -0.000027 948
-nan -nan -nan -1.042705 0.000041 -0.002653 -0.010479 0.000000 -0.000027 949
-nan -nan -nan -1.042705 0.000041 -0.002653 -0.010479 0.000000 -0.000027 950
-nan -nan -nan -1.042705 0.000041 -0.002653 -0.010479 0.000000 -0.000027 951
-nan -nan -nan -1.042705 0.000041 -0.002653 -0.010479 0.000000 -0.000027 952
-nan -nan -nan -1.042705 0.000041 -0.002653 -0.010479 0.000000 -0.000027 953
-nan -nan -nan -1.042705 0.000041 -0.002653 -0.010479 0.000000 -0.000027 954
-nan -nan -nan -1.042705 0.000041 -0.002653 -0.010479 0.000000 -0.000027 955
-nan -nan -nan -1.042705 0.000041 -0.002653 -0.010479 0.000000 -0.000027 956
-nan -nan -nan -1.042705 0.000041 -0.002653 -0.010479 0.000000 -0.000027 957
-nan -nan -nan -1.042705 0.000041 -0.002653 -0.010479 0.000000 -0.000027 958
-nan -nan -nan -1.042705 0.000041 -0.002653 -0.010479 0.000000 -0.000027 959
-nan -nan -nan -1.042705 0.000041 -0.002653 -0.010479 0.000000 -0.000027 960
-nan -nan -nan -1.042705 0.000041 -0.002653 -0.010479 0.000000 -0.000027 961
-nan -nan -nan -1.042705 0.000041 -0.002653 -0.010479 0.000000 -0.000027 962
-nan -nan -nan -1.042705 0.000041 -0.002653 -0.010479 0.000000 -0.000027 963
-nan -nan -nan -1.042705 0.000041 -0.002653 -0.010479 0.000000 -0.000027 964
-nan -nan -nan -1.042705 0.000041 -0.002653 -0.010479 0.000000 -0.000027 965
-nan -nan -nan -1.042705 0.000041 -0.002653 -0.010479 0.000000 -0.000027 966
-nan -nan -nan -1.042705 0.000041 -0.002653 -0.010479 0.000000 -0.000027 967
-nan -nan -nan -1.042705 0.000041 -0.002653 -0.010479 0.000000 -0.000027 968
-nan -nan -nan -1.042705 0.000041 -0.002653 -0.010479 0.000000 -0.000027 969
-nan -nan -nan -1.042705 0.000041 -0.002653 -0.010479 0.000000 -0.000027 970
-nan -nan -nan -1.042705 0.000041 -0.002653 -0.010479 0.000000 -0.000027 971
-nan -nan -nan -1.042705 0.000041 -0.002653 -0.010479 0.000000 -0.000027 972
-nan -nan -nan -1.042705 0.000041 -0.002653 -0.010479 0.000000 -0.000027 973
-nan -nan -nan -1.042705 0.000041 -0.002653 -0.010479 0.000000 -0.000027 974
-nan -nan -nan -1.042705 0.000041 -0.002653 -0.010479 0.000000 -0.000027 975
-nan -nan -nan -1.042705 0.000041 -0.002653 -0.010479 0.000000 -0.000027 976
-nan -nan -nan -1.042705 0.000041 -0.002653 -0.010479 0.000000 -0.000027 977
-nan -nan -nan -1.042705 0.000041 -0.002653 -0.010479 0.000000 -0.000027 978
-nan -nan -nan -1.042705 0.000041 -0.002653 -0.010479 0.000000 -0.000027 979
-nan -nan -nan -1.042705 0.000041 -0.002653 -0.010479 0.000000 -0.000027 980
-nan -nan -nan -1.042705 0.000041 -0.002653 -0.010479 0.000000 -0.000027 981
-nan -nan -nan -1.042705 0.000041 -0.002653 -0.010479 0.000000 -0.000027 982
-nan -nan -nan -1.042705 0.000041 -0.002653 -0.010479 0.000000 -0.000027 983
-nan -nan -nan -1.042705 0.000041 -0.002653 -0.010479 0.000000 -0.000027 984
-nan -nan -nan -1.042705 0.000041 -0.002653 -0.010479 0.000000 -0.000027 985
-nan -nan -nan -1.042705 0.000041 -0.002653 -0.010479 0.000000 -0.000027 986
-nan -nan -nan -1.042705 0.000041 -0.002653 -0.010479 0.000000 -0.000027 987
-nan -nan -nan -1.042705 0.000041 -0.002653 -0.010479 0.000000 -0.000027 988
-nan -nan -nan -1.042705 0.000041 -0.002653 -0.010479 0.000000 -0.000027 989
-nan -nan -nan -1.042705 0.000041 -0.002653 -0.010479 0.000000 -0.000027 990
-nan -nan -nan -1.042705 0.000041 -0.002653 -0.010479 0.000000 -0.000027 991
-nan -nan -nan -1.042705 0.000041 -0.002653 -0.010479 0.000000 -0.000027 992
-nan -nan -nan -1.042705 0.000041 -0.002653 -0.010479 0.000000 -0.000027 993
-nan -nan -nan -1.042705 0.000041 -0.002653 -0.010479 0.000000 -0.000027 994
-nan -nan -nan -1.042705 0.000041 -0.002653 -0.010479 0.000000 -0.000027 995
-nan -nan -nan -1.042705 0.000041 -0.002653 -0.010479 0.000000 -0.000027 996
-nan -nan -nan -1.042705 0.000041 -0.002653 -0.010479 0.000000 -0.000027 997
-nan -nan -nan -1.042705 0.000041 -0.002653 -0.010479 0.000000 -0.000027 998
-nan -nan -nan -1.042705 0.000041 -0.002653 -0.010479 0.000000 -0.000027 999
-nan -nan -nan -1.042705 0.000041 -0.002653 -0.010479 0.000000 -0.000027 1000
