0.000000 0.000000 0.000543 -1.323504 -1.315280 -0.003286 -0.013301 -0.013218 0.000142 0
0.001250 -0.001372 0.001055 -1.327991 -1.315269 -0.003286 -0.013350 -0.013218 0.000143 1
0.002506 -0.002742 0.001554 -1.327997 -1.315269 -0.003286 -0.013350 -0.013218 0.000143 2
0.003768 -0.004105 0.002039 -1.327997 -1.315269 -0.003286 -0.013350 -0.013218 0.000143 3
0.005036 -0.005461 0.002509 -1.327997 -1.315269 -0.003286 -0.013350 -0.013218 0.000143 4
0.006311 -0.006811 0.002965 -1.327997 -1.315269 -0.003286 -0.013350 -0.013218 0.000143 5
0.007591 -0.008154 0.003406 -1.327997 -1.315269 -0.003286 -0.013350 -0.013218 0.000143 6
0.008877 -0.009491 0.003832 -1.327997 -1.315269 -0.003286 -0.013350 -0.013218 0.000143 7
0.010168 -0.010822 0.004242 -1.327997 -1.315269 -0.003286 -0.013350 -0.013218 0.000143 8
0.011465 -0.012148 0.004638 -1.327997 -1.315269 -0.003286 -0.013350 -0.013218 0.000143 9
0.012766 -0.013468 0.005017 -1.327997 -1.315269 -0.003286 -0.013350 -0.013218 0.000143 10
0.014072 -0.014783 0.005381 -1.327997 -1.315269 -0.003286 -0.013350 -0.013218 0.000143 11
0.015383 -0.016092 0.005728 -1.327997 -1.315269 -0.003286 -0.013350 -0.013218 0.000143 12
0.016698 -0.017397 0.006059 -1.327997 -1.315269 -0.003286 -0.013350 -0.013218 0.000143 13
0.018018 -0.018697 0.006374 -1.327997 -1.315269 -0.003286 -0.013350 -0.013218 0.000143 14
0.019341 -0.019993 0.006671 -1.327997 -1.315269 -0.003286 -0.013350 -0.013218 0.000143 15
0.020669 -0.021285 0.006952 -1.327997 -1.315269 -0.003286 -0.013350 -0.013218 0.000143 16
0.022000 -0.022573 0.007215 -1.327997 -1.315269 -0.003286 -0.013350 -0.013218 0.000143 17
0.023334 -0.023857 0.007461 -1.327997 -1.315269 -0.003286 -0.013350 -0.013218 0.000143 18
0.024671 -0.025138 0.007689 -1.327997 -1.315269 -0.003286 -0.013350 -0.013218 0.000143 19
0.026011 -0.026416 0.007899 -1.327997 -1.315269 -0.003286 -0.013350 -0.013218 0.000143 20
0.027354 -0.027690 0.008091 -1.327997 -1.315269 -0.003286 -0.013350 -0.013218 0.000143 21
0.028700 -0.028962 0.008265 -1.327997 -1.315269 -0.003286 -0.013350 -0.013218 0.000143 22
0.030047 -0.030232 0.008420 -1.327997 -1.315269 -0.003286 -0.013350 -0.013218 0.000143 23
0.031397 -0.031500 0.008556 -1.327997 -1.315269 -0.003286 -0.013350 -0.013218 0.000143 24
0.032748 -0.032766 0.008673 -1.327997 -1.315269 -0.003286 -0.013350 -0.013218 0.000143 25
0.034101 -0.034030 0.008770 -1.327997 -1.315269 -0.003286 -0.013350 -0.013218 0.000143 26
0.035455 -0.035293 0.008848 -1.327997 -1.315269 -0.003286 -0.013350 -0.013218 0.000143 27
0.036810 -0.036554 0.008907 -1.327997 -1.315269 -0.003286 -0.013350 -0.013218 0.000143 28
0.038166 -0.037815 0.008945 -1.327997 -1.315269 -0.003286 -0.013350 -0.013218 0.000143 29
0.039522 -0.039076 0.008963 -1.327997 -1.315269 -0.003286 -0.013350 -0.013218 0.000143 30
0.040879 -0.040336 0.008960 -1.327997 -1.315269 -0.003286 -0.013350 -0.013218 0.000143 31
0.042236 -0.041597 0.008937 -1.327997 -1.315269 -0.003286 -0.013350 -0.013218 0.000143 32
0.043592 -0.042858 0.008893 -1.327997 -1.315269 -0.003286 -0.013350 -0.013218 0.000143 33
0.044948 -0.044119 0.008828 -1.327997 -1.315269 -0.003286 -0.013350 -0.013218 0.000143 34
0.046303 -0.045382 0.008741 -1.327997 -1.315269 -0.003286 -0.013350 -0.013218 0.000143 35
0.047657 -0.046645 0.008633 -1.327997 -1.315269 -0.003286 -0.013350 -0.013218 0.000143 36
0.049009 -0.047911 0.008503 -1.327997 -1.315269 -0.003286 -0.013350 -0.013218 0.000143 37
0.050360 -0.049178 0.008351 -1.327997 -1.315269 -0.003286 -0.013350 -0.013218 0.000143 38
0.051710 -0.050447 0.008176 -1.327997 -1.315269 -0.003286 -0.013350 -0.013218 0.000143 39
0.053057 -0.051719 0.007979 -1.327997 -1.315269 -0.003286 -0.013350 -0.013218 0.000143 40
0.054401 -0.052994 0.007760 -1.327997 -1.315269 -0.003286 -0.013350 -0.013218 0.000143 41
0.055743 -0.054272 0.007517 -1.327997 -1.315269 -0.003286 -0.013350 -0.013218 0.000143 42
0.057082 -0.055553 0.007251 -1.327997 -1.315269 -0.003286 -0.013350 -0.013218 0.000143 43
0.058417 -0.056839 0.006962 -1.327997 -1.315269 -0.003286 -0.013350 -0.013218 0.000143 44
0.059749 -0.058128 0.006649 -1.327997 -1.315269 -0.003286 -0.013350 -0.013218 0.000143 45
0.061077 -0.059422 0.006313 -1.327997 -1.315269 -0.003286 -0.013350 -0.013218 0.000143 46
0.062401 -0.060720 0.005952 -1.327997 -1.315269 -0.003286 -0.013350 -0.013218 0.000143 47
0.063720 -0.062024 0.005567 -1.327997 -1.315269 -0.003286 -0.013350 -0.013218 0.000143 48
0.065034 -0.063333 0.005157 -1.327997 -1.315269 -0.003286 -0.013350 -0.013218 0.000143 49
0.066344 -0.064648 0.004723 -1.327997 -1.315269 -0.003286 -0.013350 -0.013218 0.000143 50
0.067647 -0.065969 0.004264 -1.327997 -1.315269 -0.003286 -0.013350 -0.013218 0.000143 51
0.068946 -0.067296 0.003780 -1.327997 -1.315269 -0.003286 -0.013350 -0.013218 0.000143 52
0.070238 -0.068631 0.003270 -1.327997 -1.315269 -0.003286 -0.013350 -0.013218 0.000143 53
0.071523 -0.069972 0.002735 -1.327997 -1.315269 -0.003286 -0.013350 -0.013218 0.000143 54
0.072802 -0.071322 0.002174 -1.327997 -1.315269 -0.003286 -0.013350 -0.013218 0.000143 55
0.074074 -0.072679 0.001587 -1.327997 -1.315269 -0.003286 -0.013350 -0.013218 0.000143 56
0.075339 -0.074044 0.000974 -1.327997 -1.315269 -0.003286 -0.013350 -0.013218 0.000143 57
0.076595 -0.075419 0.000334 -1.327997 -1.315269 -0.003286 -0.013350 -0.013218 0.000143 58
0.077844 -0.076802 -0.000332 -1.327997 -1.315269 -0.003286 -0.013350 -0.013218 0.000143 59
0.079085 -0.078194 -0.001025 -1.327997 -1.315269 -0.003286 -0.013350 -0.013218 0.000143 60
0.080317 -0.079597 -0.001745 -1.327997 -1.315269 -0.003286 -0.013350 -0.013218 0.000143 61
0.081539 -0.081009 -0.002492 -1.327997 -1.315269 -0.003286 -0.013350 -0.013218 0.000143 62
0.082753 -0.082433 -0.003267 -1.327997 -1.315269 -0.003286 -0.013350 -0.013218 0.000143 63
0.083956 -0.083867 -0.004069 -1.327997 -1.315269 -0.003286 -0.013350 -0.013218 0.000143 64
0.085150 -0.085312 -0.004900 -1.327997 -1.315269 -0.003286 -0.013350 -0.013218 0.000143 65
0.086333 -0.086769 -0.005758 -1.327997 -1.315269 -0.003286 -0.013350 -0.013218 0.000143 66
0.087505 -0.088238 -0.006644 -1.327997 -1.315269 -0.003286 -0.013350 -0.013218 0.000143 67
0.088667 -0.089720 -0.007559 -1.327997 -1.315269 -0.003286 -0.013350 -0.013218 0.000143 68
0.089816 -0.091215 -0.008503 -1.327997 -1.315269 -0.003286 -0.013350 -0.013218 0.000143 69
0.090954 -0.092723 -0.009475 -1.327997 -1.315269 -0.003286 -0.013350 -0.013218 0.000143 70
0.092080 -0.094245 -0.010477 -1.327997 -1.315269 -0.003286 -0.013350 -0.013218 0.000143 71
0.093193 -0.095781 -0.011507 -1.327997 -1.315269 -0.003286 -0.013350 -0.013218 0.000143 72
0.094293 -0.097331 -0.012567 -1.327997 -1.315269 -0.003286 -0.013350 -0.013218 0.000143 73
0.095380 -0.098896 -0.013657 -1.327997 -1.315269 -0.003286 -0.013350 -0.013218 0.000143 74
0.096453 -0.100477 -0.014776 -1.327997 -1.315269 -0.003286 -0.013350 -0.013218 0.000143 75
0.097512 -0.102074 -0.015925 -1.327997 -1.315269 -0.003286 -0.013350 -0.013218 0.000143 76
0.098557 -0.103686 -0.017105 -1.327997 -1.315269 -0.003286 -0.013350 -0.013218 0.000143 77
0.099587 -0.105316 -0.018314 -1.327997 -1.315269 -0.003286 -0.013350 -0.013218 0.000143 78
0.100601 -0.106962 -0.019554 -1.327997 -1.315269 -0.003286 -0.013350 -0.013218 0.000143 79
0.101600 -0.108626 -0.020825 -1.327997 -1.315269 -0.003286 -0.013350 -0.013218 0.000143 80
0.102583 -0.110308 -0.022126 -1.327997 -1.315269 -0.003286 -0.013350 -0.013218 0.000143 81
0.103550 -0.112008 -0.023459 -1.327997 -1.315269 -0.003286 -0.013350 -0.013218 0.000143 82
0.104500 -0.113727 -0.024822 -1.327997 -1.315269 -0.003286 -0.013350 -0.013218 0.000143 83
0.105433 -0.115465 -0.026217 -1.327997 -1.315269 -0.003286 -0.013350 -0.013218 0.000143 84
0.106348 -0.117223 -0.027644 -1.327997 -1.315269 -0.003286 -0.013350 -0.013218 0.000143 85
0.107246 -0.119001 -0.029102 -1.327997 -1.315269 -0.003286 -0.013350 -0.013218 0.000143 86
0.108125 -0.120799 -0.030591 -1.327997 -1.315269 -0.003286 -0.013350 -0.013218 0.000143 87
0.108985 -0.122619 -0.032113 -1.327997 -1.315269 -0.003286 -0.013350 -0.013218 0.000143 88
0.109827 -0.124459 -0.033667 -1.327997 -1.315269 -0.003286 -0.013350 -0.013218 0.000143 89
0.110648 -0.126322 -0.035252 -1.327997 -1.315269 -0.003286 -0.013350 -0.013218 0.000143 90
0.111450 -0.128207 -0.036871 -1.327997 -1.315269 -0.003286 -0.013350 -0.013218 0.000143 91
0.112231 -0.130115 -0.038521 -1.327997 -1.315269 -0.003286 -0.013350 -0.013218 0.000143 92
0.112992 -0.132046 -0.040205 -1.327997 -1.315269 -0.003286 -0.013350 -0.013218 0.000143 93
0.113732 -0.134001 -0.041921 -1.327997 -1.315269 -0.003286 -0.013350 -0.013218 0.000143 94
0.114450 -0.135980 -0.043670 -1.327997 -1.315269 -0.003286 -0.013350 -0.013218 0.000143 95
0.115146 -0.137984 -0.045452 -1.327997 -1.315269 -0.003286 -0.013350 -0.013218 0.000143 96
0.115819 -0.140013 -0.047268 -1.327997 -1.315269 -0.003286 -0.013350 -0.013218 0.000143 97
0.116470 -0.142067 -0.049116 -1.327997 -1.315269 -0.003286 -0.013350 -0.013218 0.000143 98
0.117098 -0.144148 -0.050998 -1.327997 -1.315269 -0.003286 -0.013350 -0.013218 0.000143 99
0.117702 -0.146255 -0.052914 -1.327997 -1.315269 -0.003286 -0.013350 -0.013218 0.000143 100
0.118281 -0.148389 -0.054863 -1.327997 -1.315269 -0.003286 -0.013350 -0.013218 0.000143 101
0.118837 -0.150550 -0.056846 -1.327997 -1.315269 -0.003286 -0.013350 -0.013218 0.000143 102
0.119367 -0.152739 -0.058863 -1.327997 -1.315269 -0.003286 -0.013350 -0.013218 0.000143 103
0.119872 -0.154957 -0.060914 -1.327997 -1.315269 -0.003286 -0.013350 -0.013218 0.000143 104
0.120351 -0.157203 -0.062999 -1.327997 -1.315269 -0.003286 -0.013350 -0.013218 0.000143 105
0.120804 -0.159479 -0.065118 -1.327997 -1.315269 -0.003286 -0.013350 -0.013218 0.000143 106
0.121231 -0.161785 -0.067272 -1.327997 -1.315269 -0.003286 -0.013350 -0.013218 0.000143 107
0.121630 -0.164121 -0.069459 -1.327997 -1.315269 -0.003286 -0.013350 -0.013218 0.000143 108
0.122002 -0.166488 -0.071682 -1.327997 -1.315269 -0.003286 -0.013350 -0.013218 0.000143 109
0.122346 -0.168886 -0.073938 -1.327997 -1.315269 -0.003286 -0.013350 -0.013218 0.000143 110
0.122661 -0.171316 -0.076230 -1.327997 -1.315269 -0.003286 -0.013350 -0.013218 0.000143 111
0.122948 -0.173778 -0.078556 -1.327997 -1.315269 -0.003286 -0.013350 -0.013218 0.000143 112
0.123206 -0.176273 -0.080917 -1.327997 -1.315269 -0.003286 -0.013350 -0.013218 0.000143 113
0.123433 -0.178802 -0.083313 -1.327997 -1.315269 -0.003286 -0.013350 -0.013218 0.000143 114
0.123631 -0.181364 -0.085743 -1.327997 -1.315269 -0.003286 -0.013350 -0.013218 0.000143 115
0.123798 -0.183960 -0.088209 -1.327997 -1.315269 -0.003286 -0.013350 -0.013218 0.000143 116
0.123934 -0.186591 -0.090710 -1.327997 -1.315269 -0.003286 -0.013350 -0.013218 0.000143 117
0.124039 -0.189257 -0.093245 -1.327997 -1.315269 -0.003286 -0.013350 -0.013218 0.000143 118
0.124112 -0.191959 -0.095816 -1.327997 -1.315269 -0.003286 -0.013350 -0.013218 0.000143 119
0.124152 -0.194696 -0.098422 -1.327997 -1.315269 -0.003286 -0.013350 -0.013218 0.000143 120
0.124160 -0.197471 -0.101063 -1.327997 -1.315269 -0.003286 -0.013350 -0.013218 0.000143 121
0.124135 -0.200283 -0.103740 -1.327997 -1.315269 -0.003286 -0.013350 -0.013218 0.000143 122
0.124076 -0.203132 -0.106452 -1.327997 -1.315269 -0.003286 -0.013350 -0.013218 0.000143 123
0.123982 -0.206020 -0.109199 -1.327997 -1.315269 -0.003286 -0.013350 -0.013218 0.000143 124
0.123855 -0.208946 -0.111981 -1.327997 -1.315269 -0.003286 -0.013350 -0.013218 0.000143 125
0.123692 -0.211912 -0.114799 -1.327997 -1.315269 -0.003286 -0.013350 -0.013218 0.000143 126
0.123494 -0.214917 -0.117652 -1.327997 -1.315269 -0.003286 -0.013350 -0.013218 0.000143 127
0.123260 -0.217962 -0.120541 -1.327997 -1.315269 -0.003286 -0.013350 -0.013218 0.000143 128
0.122990 -0.221048 -0.123464 -1.327997 -1.315269 -0.003286 -0.013350 -0.013218 0.000143 129
0.122683 -0.224176 -0.126424 -1.327997 -1.315269 -0.003286 -0.013350 -0.013218 0.000143 130
0.122338 -0.227344 -0.129418 -1.327997 -1.315269 -0.003286 -0.013350 -0.013218 0.000143 131
0.121956 -0.230555 -0.132448 -1.327997 -1.315269 -0.003286 -0.013350 -0.013218 0.000143 132
0.121536 -0.233809 -0.135514 -1.327997 -1.315269 -0.003286 -0.013350 -0.013218 0.000143 133
0.121078 -0.237106 -0.138615 -1.327997 -1.315269 -0.003286 -0.013350 -0.013218 0.000143 134
0.120581 -0.240446 -0.141751 -1.327997 -1.315269 -0.003286 -0.013350 -0.013218 0.000143 135
0.120044 -0.243831 -0.144922 -1.327997 -1.315269 -0.003286 -0.013350 -0.013218 0.000143 136
0.119467 -0.247260 -0.148128 -1.327997 -1.315269 -0.003286 -0.013350 -0.013218 0.000143 137
0.118850 -0.250734 -0.151370 -1.327997 -1.315269 -0.003286 -0.013350 -0.013218 0.000143 138
0.118192 -0.254254 -0.154647 -1.327997 -1.315269 -0.003286 -0.013350 -0.013218 0.000143 139
0.117493 -0.257820 -0.157959 -1.327997 -1.315269 -0.003286 -0.013350 -0.013218 0.000143 140
0.116752 -0.261433 -0.161306 -1.327997 -1.315269 -0.003286 -0.013350 -0.013218 0.000143 141
0.115970 -0.265092 -0.164688 -1.327997 -1.315269 -0.003286 -0.013350 -0.013218 0.000143 142
0.115144 -0.268800 -0.168105 -1.327997 -1.315269 -0.003286 -0.013350 -0.013218 0.000143 143
0.114276 -0.272555 -0.171557 -1.327997 -1.315269 -0.003286 -0.013350 -0.013218 0.000143 144
0.113365 -0.276359 -0.175044 -1.327997 -1.315269 -0.003286 -0.013350 -0.013218 0.000143 145
0.112409 -0.280212 -0.178565 -1.327997 -1.315269 -0.003286 -0.013350 -0.013218 0.000143 146
0.111410 -0.284115 -0.182121 -1.327997 -1.315269 -0.003286 -0.013350 -0.013218 0.000143 147
0.110365 -0.288067 -0.185712 -1.327997 -1.315269 -0.003286 -0.013350 -0.013218 0.000143 148
0.109276 -0.292070 -0.189337 -1.327997 -1.315269 -0.003286 -0.013350 -0.013218 0.000143 149
0.108141 -0.296125 -0.192996 -1.327997 -1.315269 -0.003286 -0.013350 -0.013218 0.000143 150
0.106960 -0.300230 -0.196690 -1.327997 -1.315269 -0.003286 -0.013350 -0.013218 0.000143 151
0.105733 -0.304388 -0.200417 -1.327997 -1.315269 -0.003286 -0.013350 -0.013218 0.000143 152
0.104458 -0.308598 -0.204179 -1.327997 -1.315269 -0.003286 -0.013350 -0.013218 0.000143 153
0.103137 -0.312861 -0.207974 -1.327997 -1.315269 -0.003286 -0.013350 -0.013218 0.000143 154
0.101768 -0.317177 -0.211803 -1.327997 -1.315269 -0.003286 -0.013350 -0.013218 0.000143 155
0.100350 -0.321548 -0.215666 -1.327997 -1.315269 -0.003286 -0.013350 -0.013218 0.000143 156
0.098884 -0.325972 -0.219562 -1.327997 -1.315269 -0.003286 -0.013350 -0.013218 0.000143 157
0.097369 -0.330452 -0.223491 -1.327997 -1.315269 -0.003286 -0.013350 -0.013218 0.000143 158
0.095805 -0.334986 -0.227454 -1.327997 -1.315269 -0.003286 -0.013350 -0.013218 0.000143 159
0.094191 -0.339577 -0.231449 -1.327997 -1.315269 -0.003286 -0.013350 -0.013218 0.000143 160
0.092527 -0.344224 -0.235477 -1.327997 -1.315269 -0.003286 -0.013350 -0.013218 0.000143 161
0.090812 -0.348927 -0.239538 -1.327997 -1.315269 -0.003286 -0.013350 -0.013218 0.000143 162
0.089046 -0.353688 -0.243631 -1.327997 -1.315269 -0.003286 -0.013350 -0.013218 0.000143 163
0.087229 -0.358506 -0.247756 -1.327997 -1.315269 -0.003286 -0.013350 -0.013218 0.000143 164
0.085360 -0.363382 -0.251914 -1.327997 -1.315269 -0.003286 -0.013350 -0.013218 0.000143 165
0.083439 -0.368316 -0.256103 -1.327997 -1.315269 -0.003286 -0.013350 -0.013218 0.000143 166
0.081465 -0.373310 -0.260324 -1.327997 -1.315269 -0.003286 -0.013350 -0.013218 0.000143 167
0.079438 -0.378363 -0.264576 -1.327997 -1.315269 -0.003286 -0.013350 -0.013218 0.000143 168
0.077357 -0.383476 -0.268859 -1.327997 -1.315269 -0.003286 -0.013350 -0.013218 0.000143 169
0.075223 -0.388649 -0.273174 -1.327997 -1.315269 -0.003286 -0.013350 -0.013218 0.000143 170
0.073034 -0.393882 -0.277519 -1.327997 -1.315269 -0.003286 -0.013350 -0.013218 0.000143 171
0.070791 -0.399177 -0.281894 -1.327997 -1.315269 -0.003286 -0.013350 -0.013218 0.000143 172
0.068493 -0.404533 -0.286300 -1.327997 -1.315269 -0.003286 -0.013350 -0.013218 0.000143 173
0.066140 -0.409952 -0.290736 -1.327997 -1.315269 -0.003286 -0.013350 -0.013218 0.000143 174
0.063731 -0.415432 -0.295201 -1.327997 -1.315269 -0.003286 -0.013350 -0.013218 0.000143 175
0.061266 -0.420976 -0.299696 -1.327997 -1.315269 -0.003286 -0.013350 -0.013218 0.000143 176
0.058744 -0.426583 -0.304220 -1.327997 -1.315269 -0.003286 -0.013350 -0.013218 0.000143 177
0.056166 -0.432253 -0.308773 -1.327997 -1.315269 -0.003286 -0.013350 -0.013218 0.000143 178
0.053530 -0.437988 -0.313354 -1.327997 -1.315269 -0.003286 -0.013350 -0.013218 0.000143 179
0.050837 -0.443786 -0.317964 -1.327997 -1.315269 -0.003286 -0.013350 -0.013218 0.000143 180
0.048086 -0.449650 -0.322601 -1.327997 -1.315269 -0.003286 -0.013350 -0.013218 0.000143 181
0.045277 -0.455579 -0.327266 -1.327997 -1.315269 -0.003286 -0.013350 -0.013218 0.000143 182
0.042409 -0.461574 -0.331959 -1.327997 -1.315269 -0.003286 -0.013350 -0.013218 0.000143 183
0.039482 -0.467634 -0.336678 -1.327997 -1.315269 -0.003286 -0.013350 -0.013218 0.000143 184
0.036496 -0.473761 -0.341425 -1.327997 -1.315269 -0.003286 -0.013350 -0.013218 0.000143 185
0.033450 -0.479955 -0.346197 -1.327997 -1.315269 -0.003286 -0.013350 -0.013218 0.000143 186
0.030345 -0.486215 -0.350996 -1.327997 -1.315269 -0.003286 -0.013350 -0.013218 0.000143 187
0.027179 -0.492544 -0.355820 -1.327997 -1.315269 -0.003286 -0.013350 -0.013218 0.000143 188
0.023953 -0.498940 -0.360669 -1.327997 -1.315269 -0.003286 -0.013350 -0.013218 0.000143 189
0.020665 -0.505404 -0.365543 -1.327997 -1.315269 -0.003286 -0.013350 -0.013218 0.000143 190
0.017317 -0.511937 -0.370442 -1.327997 -1.315269 -0.003286 -0.013350 -0.013218 0.000143 191
0.013907 -0.518538 -0.375365 -1.327997 -1.315269 -0.003286 -0.013350 -0.013218 0.000143 192
0.010435 -0.525209 -0.380312 -1.327997 -1.315269 -0.003286 -0.013350 -0.013218 0.000143 193
0.006901 -0.531950 -0.385282 -1.327997 -1.315269 -0.003286 -0.013350 -0.013218 0.000143 194
0.003305 -0.538760 -0.390274 -1.327997 -1.315269 -0.003286 -0.013350 -0.013218 0.000143 195
-0.000354 -0.545640 -0.395290 -1.327997 -1.315269 -0.003286 -0.013350 -0.013218 0.000143 196
-0.004076 -0.552591 -0.400327 -1.327997 -1.315269 -0.003286 -0.013350 -0.013218 0.000143 197
-0.007861 -0.559613 -0.405386 -1.327997 -1.315269 -0.003286 -0.013350 -0.013218 0.000143 198
-0.011709 -0.566706 -0.410466 -1.327997 -1.315269 -0.003286 -0.013350 -0.013218 0.000143 199
-0.015622 -0.573870 -0.415567 -1.327997 -1.315269 -0.003286 -0.013350 -0.013218 0.000143 200
-0.019598 -0.581106 -0.420689 -1.327997 -1.315269 -0.003286 -0.013350 -0.013218 0.000143 201
-0.023638 -0.588414 -0.425830 -1.327997 -1.315269 -0.003286 -0.013350 -0.013218 0.000143 202
-0.027743 -0.595795 -0.430990 -1.327997 -1.315269 -0.003286 -0.013350 -0.013218 0.000143 203
-0.031913 -0.603247 -0.436169 -1.327997 -1.315269 -0.003286 -0.013350 -0.013218 0.000143 204
-0.036148 -0.610773 -0.441367 -1.327997 -1.315269 -0.003286 -0.013350 -0.013218 0.000143 205
-0.040448 -0.618372 -0.446583 -1.327997 -1.315269 -0.003286 -0.013350 -0.013218 0.000143 206
-0.044813 -0.626044 -0.451816 -1.327997 -1.315269 -0.003286 -0.013350 -0.013218 0.000143 207
-0.049244 -0.633789 -0.457065 -1.327997 -1.315269 -0.003286 -0.013350 -0.013218 0.000143 208
-0.053741 -0.641608 -0.462332 -1.327997 -1.315269 -0.003286 -0.013350 -0.013218 0.000143 209
-0.058304 -0.649501 -0.467614 -1.327997 -1.315269 -0.003286 -0.013350 -0.013218 0.000143 210
-0.062933 -0.657469 -0.472911 -1.327997 -1.315269 -0.003286 -0.013350 -0.013218 0.000143 211
-0.067629 -0.665511 -0.478223 -1.327997 -1.315269 -0.003286 -0.013350 -0.013218 0.000143 212
-0.072391 -0.673627 -0.483550 -1.327997 -1.315269 -0.003286 -0.013350 -0.013218 0.000143 213
-0.077220 -0.681819 -0.488890 -1.327997 -1.315269 -0.003286 -0.013350 -0.013218 0.000143 214
-0.082116 -0.690085 -0.494243 -1.327997 -1.315269 -0.003286 -0.013350 -0.013218 0.000143 215
-0.087079 -0.698426 -0.499608 -1.327997 -1.315269 -0.003286 -0.013350 -0.013218 0.000143 216
-0.092109 -0.706843 -0.504986 -1.327997 -1.315269 -0.003286 -0.013350 -0.013218 0.000143 217
-0.097207 -0.715336 -0.510374 -1.327997 -1.315269 -0.003286 -0.013350 -0.013218 0.000143 218
-0.102372 -0.723904 -0.515774 -1.327997 -1.315269 -0.003286 -0.013350 -0.013218 0.000143 219
-0.107605 -0.732548 -0.521184 -1.327997 -1.315269 -0.003286 -0.013350 -0.013218 0.000143 220
-0.112906 -0.741268 -0.526603 -1.327997 -1.315269 -0.003286 -0.013350 -0.013218 0.000143 221
-0.118274 -0.750064 -0.532031 -1.327997 -1.315269 -0.003286 -0.013350 -0.013218 0.000143 222
-0.123711 -0.758936 -0.537467 -1.327997 -1.315269 -0.003286 -0.013350 -0.013218 0.000143 223
-0.129216 -0.767884 -0.542911 -1.327997 -1.315269 -0.003286 -0.013350 -0.013218 0.000143 224
-0.134788 -0.776909 -0.548362 -1.327997 -1.315269 -0.003286 -0.013350 -0.013218 0.000143 225
-0.140430 -0.786011 -0.553820 -1.327997 -1.315269 -0.003286 -0.013350 -0.013218 0.000143 226
-0.146139 -0.795189 -0.559283 -1.327997 -1.315269 -0.003286 -0.013350 -0.013218 0.000143 227
-0.151917 -0.804444 -0.564751 -1.327997 -1.315269 -0.003286 -0.013350 -0.013218 0.000143 228
-0.157763 -0.813775 -0.570223 -1.327997 -1.315269 -0.003286 -0.013350 -0.013218 0.000143 229
-0.163678 -0.823184 -0.575699 -1.327997 -1.315269 -0.003286 -0.013350 -0.013218 0.000143 230
-0.169662 -0.832669 -0.581178 -1.327997 -1.315269 -0.003286 -0.013350 -0.013218 0.000143 231
-0.175714 -0.842231 -0.586659 -1.327997 -1.315269 -0.003286 -0.013350 -0.013218 0.000143 232
-0.181834 -0.851870 -0.592141 -1.327997 -1.315269 -0.003286 -0.013350 -0.013218 0.000143 233
-0.188024 -0.861586 -0.597624 -1.327997 -1.315269 -0.003286 -0.013350 -0.013218 0.000143 234
-0.194282 -0.871379 -0.603108 -1.327997 -1.315269 -0.003286 -0.013350 -0.013218 0.000143 235
-0.200608 -0.881248 -0.608590 -1.327997 -1.315269 -0.003286 -0.013350 -0.013218 0.000143 236
-0.207003 -0.891195 -0.614072 -1.327997 -1.315269 -0.003286 -0.013350 -0.013218 0.000143 237
-0.213467 -0.901218 -0.619551 -1.327997 -1.315269 -0.003286 -0.013350 -0.013218 0.000143 238
-0.219999 -0.911319 -0.625027 -1.327997 -1.315269 -0.003286 -0.013350 -0.013218 0.000143 239
-0.226600 -0.921496 -0.630500 -1.327997 -1.315269 -0.003286 -0.013350 -0.013218 0.000143 240
-0.233269 -0.931750 -0.635968 -1.327997 -1.315269 -0.003286 -0.013350 -0.013218 0.000143 241
-0.240006 -0.942080 -0.641430 -1.327997 -1.315269 -0.003286 -0.013350 -0.013218 0.000143 242
-0.246812 -0.952487 -0.646887 -1.327997 -1.315269 -0.003286 -0.013350 -0.013218 0.000143 243
-0.253686 -0.962971 -0.652337 -1.327997 -1.315269 -0.003286 -0.013350 -0.013218 0.000143 244
-0.260628 -0.973531 -0.657779 -1.327997 -1.315269 -0.003286 -0.013350 -0.013218 0.000143 245
-0.267638 -0.984167 -0.663213 -1.327997 -1.315269 -0.003286 -0.013350 -0.013218 0.000143 246
-0.274716 -0.994880 -0.668637 -1.327997 -1.315269 -0.003286 -0.013350 -0.013218 0.000143 247
-0.281862 -1.005668 -0.674052 -1.327997 -1.315269 -0.003286 -0.013350 -0.013218 0.000143 248
-0.289075 -1.016532 -0.679455 -1.327997 -1.315269 -0.003286 -0.013350 -0.013218 0.000143 249
-0.296356 -1.027472 -0.684847 -1.327997 -1.315269 -0.003286 -0.013350 -0.013218 0.000143 250
-0.303704 -1.038488 -0.690225 -1.327997 -1.315269 -0.003286 -0.013350 -0.013218 0.000143 251
-0.311120 -1.049579 -0.695591 -1.327997 -1.315269 -0.003286 -0.013350 -0.013218 0.000143 252
-0.318602 -1.060745 -0.700942 -1.327997 -1.315269 -0.003286 -0.013350 -0.013218 0.000143 253
-0.326151 -1.071985 -0.706278 -1.327997 -1.315269 -0.003286 -0.013350 -0.013218 0.000143 254
-0.333767 -1.083301 -0.711597 -1.327997 -1.315269 -0.003286 -0.013350 -0.013218 0.000143 255
-0.341449 -1.094691 -0.716900 -1.327997 -1.315269 -0.003286 -0.013350 -0.013218 0.000143 256
-0.349198 -1.106155 -0.722184 -1.327997 -1.315269 -0.003286 -0.013350 -0.013218 0.000143 257
-0.357012 -1.117693 -0.727450 -1.327997 -1.315269 -0.003286 -0.013350 -0.013218 0.000143 258
-0.364892 -1.129305 -0.732696 -1.327997 -1.315269 -0.003286 -0.013350 -0.013218 0.000143 259
-0.372837 -1.140990 -0.737921 -1.327997 -1.315269 -0.003286 -0.013350 -0.013218 0.000143 260
-0.380847 -1.152749 -0.743125 -1.327997 -1.315269 -0.003286 -0.013350 -0.013218 0.000143 261
-0.388922 -1.164580 -0.748306 -1.327997 -1.315269 -0.003286 -0.013350 -0.013218 0.000143 262
-0.397062 -1.176483 -0.753464 -1.327997 -1.315269 -0.003286 -0.013350 -0.013218 0.000143 263
-0.405266 -1.188459 -0.758597 -1.327997 -1.315269 -0.003286 -0.013350 -0.013218 0.000143 264
-0.413534 -1.200506 -0.763705 -1.327997 -1.315269 -0.003286 -0.013350 -0.013218 0.000143 265
-0.421866 -1.212625 -0.768786 -1.327997 -1.315269 -0.003286 -0.013350 -0.013218 0.000143 266
-0.430261 -1.224815 -0.773840 -1.327997 -1.315269 -0.003286 -0.013350 -0.013218 0.000143 267
-0.438719 -1.237075 -0.778866 -1.327997 -1.315269 -0.003286 -0.013350 -0.013218 0.000143 268
-0.447239 -1.249406 -0.783862 -1.327997 -1.315269 -0.003286 -0.013350 -0.013218 0.000143 269
-0.455822 -1.261806 -0.788829 -1.327997 -1.315269 -0.003286 -0.013350 -0.013218 0.000143 270
-0.464466 -1.274276 -0.793763 -1.327997 -1.315269 -0.003286 -0.013350 -0.013218 0.000143 271
-0.473171 -1.286814 -0.798666 -1.327997 -1.315269 -0.003286 -0.013350 -0.013218 0.000143 272
-0.481938 -1.299421 -0.803535 -1.327997 -1.315269 -0.003286 -0.013350 -0.013218 0.000143 273
-0.490765 -1.312096 -0.808370 -1.327997 -1.315269 -0.003286 -0.013350 -0.013218 0.000143 274
-0.499652 -1.324839 -0.813170 -1.327997 -1.315269 -0.003286 -0.013350 -0.013218 0.000143 275
-0.508599 -1.337648 -0.817933 -1.327997 -1.315269 -0.003286 -0.013350 -0.013218 0.000143 276
-0.517605 -1.350524 -0.822659 -1.327997 -1.315269 -0.003286 -0.013350 -0.013218 0.000143 277
-0.526670 -1.363466 -0.827346 -1.327997 -1.315269 -0.003286 -0.013350 -0.013218 0.000143 278
-0.535793 -1.376473 -0.831994 -1.327997 -1.315269 -0.003286 -0.013350 -0.013218 0.000143 279
-0.544973 -1.389544 -0.836601 -1.327997 -1.315269 -0.003286 -0.013350 -0.013218 0.000143 280
-0.554211 -1.402680 -0.841167 -1.327997 -1.315269 -0.003286 -0.013350 -0.013218 0.000143 281
-0.563505 -1.415880 -0.845690 -1.327997 -1.315269 -0.003286 -0.013350 -0.013218 0.000143 282
-0.572855 -1.429142 -0.850169 -1.327997 -1.315269 -0.003286 -0.013350 -0.013218 0.000143 283
-0.582261 -1.442467 -0.854603 -1.327997 -1.315269 -0.003286 -0.013350 -0.013218 0.000143 284
-0.591722 -1.455854 -0.858991 -1.327997 -1.315269 -0.003286 -0.013350 -0.013218 0.000143 285
-0.601237 -1.469301 -0.863332 -1.327997 -1.315269 -0.003286 -0.013350 -0.013218 0.000143 286
-0.610806 -1.482809 -0.867626 -1.327997 -1.315269 -0.003286 -0.013350 -0.013218 0.000143 287
-0.620427 -1.496377 -0.871869 -1.327997 -1.315269 -0.003286 -0.013350 -0.013218 0.000143 288
-0.630102 -1.510003 -0.876063 -1.327997 -1.315269 -0.003286 -0.013350 -0.013218 0.000143 289
-0.639828 -1.523688 -0.880205 -1.327997 -1.315269 -0.003286 -0.013350 -0.013218 0.000143 290
-0.649605 -1.537431 -0.884294 -1.327997 -1.315269 -0.003286 -0.013350 -0.013218 0.000143 291
-0.659433 -1.551230 -0.888330 -1.327997 -1.315269 -0.003286 -0.013350 -0.013218 0.000143 292
-0.669311 -1.565085 -0.892311 -1.327997 -1.315269 -0.003286 -0.013350 -0.013218 0.000143 293
-0.679238 -1.578995 -0.896236 -1.327997 -1.315269 -0.003286 -0.013350 -0.013218 0.000143 294
-0.689213 -1.592960 -0.900104 -1.327997 -1.315269 -0.003286 -0.013350 -0.013218 0.000143 295
-0.699236 -1.606978 -0.903914 -1.327997 -1.315269 -0.003286 -0.013350 -0.013218 0.000143 296
-0.709306 -1.621049 -0.907664 -1.327997 -1.315269 -0.003286 -0.013350 -0.013218 0.000143 297
-0.719422 -1.635172 -0.911354 -1.327997 -1.315269 -0.003286 -0.013350 -0.013218 0.000143 298
-0.729583 -1.649346 -0.914982 -1.327997 -1.315269 -0.003286 -0.013350 -0.013218 0.000143 299
-0.739789 -1.663571 -0.918547 -1.327997 -1.315269 -0.003286 -0.013350 -0.013218 0.000143 300
-0.750039 -1.677844 -0.922048 -1.327997 -1.315269 -0.003286 -0.013350 -0.013218 0.000143 301
-0.760332 -1.692166 -0.925484 -1.327997 -1.315269 -0.003286 -0.013350 -0.013218 0.000143 302
-0.770667 -1.706536 -0.928853 -1.327997 -1.315269 -0.003286 -0.013350 -0.013218 0.000143 303
-0.781043 -1.720951 -0.932155 -1.327997 -1.315269 -0.003286 -0.013350 -0.013218 0.000143 304
-0.791460 -1.735413 -0.935388 -1.327997 -1.315269 -0.003286 -0.013350 -0.013218 0.000143 305
-0.801916 -1.749919 -0.938552 -1.327997 -1.315269 -0.003286 -0.013350 -0.013218 0.000143 306
-0.812411 -1.764468 -0.941644 -1.327997 -1.315269 -0.003286 -0.013350 -0.013218 0.000143 307
-0.822944 -1.779060 -0.944664 -1.327997 -1.315269 -0.003286 -0.013350 -0.013218 0.000143 308
-0.833514 -1.793694 -0.947611 -1.327997 -1.315269 -0.003286 -0.013350 -0.013218 0.000143 309
-0.844119 -1.808368 -0.950482 -1.327997 -1.315269 -0.003286 -0.013350 -0.013218 0.000143 310
-0.854760 -1.823081 -0.953278 -1.327997 -1.315269 -0.003286 -0.013350 -0.013218 0.000143 311
-0.865434 -1.837833 -0.955997 -1.327997 -1.315269 -0.003286 -0.013350 -0.013218 0.000143 312
-0.876142 -1.852622 -0.958638 -1.327997 -1.315269 -0.003286 -0.013350 -0.013218 0.000143 313
-0.886882 -1.867447 -0.961199 -1.327997 -1.315269 -0.003286 -0.013350 -0.013218 0.000143 314
-0.897652 -1.882307 -0.963679 -1.327997 -1.315269 -0.003286 -0.013350 -0.013218 0.000143 315
-0.908453 -1.897201 -0.966078 -1.327997 -1.315269 -0.003286 -0.013350 -0.013218 0.000143 316
-0.919283 -1.912128 -0.968393 -1.327997 -1.315269 -0.003286 -0.013350 -0.013218 0.000143 317
-0.930141 -1.927086 -0.970624 -1.327997 -1.315269 -0.003286 -0.013350 -0.013218 0.000143 318
-0.941025 -1.942074 -0.972769 -1.327997 -1.315269 -0.003286 -0.013350 -0.013218 0.000143 319
-0.951935 -1.957092 -0.974828 -1.327997 -1.315269 -0.003286 -0.013350 -0.013218 0.000143 320
-0.962870 -1.972137 -0.976799 -1.327997 -1.315269 -0.003286 -0.013350 -0.013218 0.000143 321
-0.973829 -1.987209 -0.978680 -1.327997 -1.315269 -0.003286 -0.013350 -0.013218 0.000143 322
-0.984810 -2.002307 -0.980471 -1.327997 -1.315269 -0.003286 -0.013350 -0.013218 0.000143 323
-0.995812 -2.017428 -0.982171 -1.327997 -1.315269 -0.003286 -0.013350 -0.013218 0.000143 324
-1.006834 -2.032572 -0.983777 -1.327997 -1.315269 -0.003286 -0.013350 -0.013218 0.000143 325
-1.017875 -2.047738 -0.985289 -1.327997 -1.315269 -0.003286 -0.013350 -0.013218 0.000143 326
-1.028934 -2.062924 -0.986706 -1.327997 -1.315269 -0.003286 -0.013350 -0.013218 0.000143 327
-1.040010 -2.078128 -0.988027 -1.327997 -1.315269 -0.003286 -0.013350 -0.013218 0.000143 328
-1.051101 -2.093350 -0.989249 -1.327997 -1.315269 -0.003286 -0.013350 -0.013218 0.000143 329
-1.062206 -2.108588 -0.990373 -1.327997 -1.315269 -0.003286 -0.013350 -0.013218 0.000143 330
-1.073323 -2.123840 -0.991396 -1.327997 -1.315269 -0.003286 -0.013350 -0.013218 0.000143 331
-1.084453 -2.139106 -0.992318 -1.327997 -1.315269 -0.003286 -0.013350 -0.013218 0.000143 332
-1.095592 -2.154384 -0.993137 -1.327997 -1.315269 -0.003286 -0.013350 -0.013218 0.000143 333
-1.106741 -2.169671 -0.993852 -1.327997 -1.315269 -0.003286 -0.013350 -0.013218 0.000143 334
-1.117897 -2.184968 -0.994462 -1.327997 -1.315269 -0.003286 -0.013350 -0.013218 0.000143 335
-1.129060 -2.200272 -0.994965 -1.327997 -1.315269 -0.003286 -0.013350 -0.013218 0.000143 336
-1.140228 -2.215582 -0.995361 -1.327997 -1.315269 -0.003286 -0.013350 -0.013218 0.000143 337
-1.151399 -2.230896 -0.995648 -1.327997 -1.315269 -0.003286 -0.013350 -0.013218 0.000143 338
-1.162573 -2.246213 -0.995826 -1.327997 -1.315269 -0.003286 -0.013350 -0.013218 0.000143 339
-1.173748 -2.261531 -0.995891 -1.327997 -1.315269 -0.003286 -0.013350 -0.013218 0.000143 340
-1.184922 -2.276849 -0.995845 -1.327997 -1.315269 -0.003286 -0.013350 -0.013218 0.000143 341
-1.196094 -2.292165 -0.995684 -1.327997 -1.315269 -0.003286 -0.013350 -0.013218 0.000143 342
-1.207263 -2.307478 -0.995409 -1.327997 -1.315269 -0.003286 -0.013350 -0.013218 0.000143 343
-1.218427 -2.322785 -0.995017 -1.327997 -1.315269 -0.003286 -0.013350 -0.013218 0.000143 344
-1.229585 -2.338085 -0.994508 -1.327997 -1.315269 -0.003286 -0.013350 -0.013218 0.000143 345
-1.240735 -2.353377 -0.993881 -1.327997 -1.315269 -0.003286 -0.013350 -0.013218 0.000143 346
-1.251876 -2.368659 -0.993134 -1.327997 -1.315269 -0.003286 -0.013350 -0.013218 0.000143 347
-1.263006 -2.383930 -0.992266 -1.327997 -1.315269 -0.003286 -0.013350 -0.013218 0.000143 348
-1.274124 -2.399186 -0.991275 -1.327997 -1.315269 -0.003286 -0.013350 -0.013218 0.000143 349
-1.285228 -2.414428 -0.990162 -1.327997 -1.315269 -0.003286 -0.013350 -0.013218 0.000143 350
-1.296317 -2.429652 -0.988924 -1.327997 -1.315269 -0.003286 -0.013350 -0.013218 0.000143 351
-1.307389 -2.444858 -0.987560 -1.327997 -1.315269 -0.003286 -0.013350 -0.013218 0.000143 352
-1.318442 -2.460043 -0.986069 -1.327997 -1.315269 -0.003286 -0.013350 -0.013218 0.000143 353
-1.329476 -2.475207 -0.984450 -1.327997 -1.315269 -0.003286 -0.013350 -0.013218 0.000143 354
-1.340488 -2.490346 -0.982702 -1.327997 -1.315269 -0.003286 -0.013350 -0.013218 0.000143 355
-1.351476 -2.505459 -0.980823 -1.327997 -1.315269 -0.003286 -0.013350 -0.013218 0.000143 356
-1.362440 -2.520544 -0.978813 -1.327997 -1.315269 -0.003286 -0.013350 -0.013218 0.000143 357
-1.373377 -2.535600 -0.976670 -1.327997 -1.315269 -0.003286 -0.013350 -0.013218 0.000143 358
-1.384286 -2.550625 -0.974393 -1.327997 -1.315269 -0.003286 -0.013350 -0.013218 0.000143 359
-1.395165 -2.565616 -0.971982 -1.327997 -1.315269 -0.003286 -0.013350 -0.013218 0.000143 360
-1.406012 -2.580572 -0.969433 -1.327997 -1.315269 -0.003286 -0.013350 -0.013218 0.000143 361
-1.416827 -2.595491 -0.966748 -1.327997 -1.315269 -0.003286 -0.013350 -0.013218 0.000143 362
-1.427606 -2.610371 -0.963924 -1.327997 -1.315269 -0.003286 -0.013350 -0.013218 0.000143 363
-1.438348 -2.625209 -0.960961 -1.327997 -1.315269 -0.003286 -0.013350 -0.013218 0.000143 364
-1.449052 -2.640005 -0.957857 -1.327997 -1.315269 -0.003286 -0.013350 -0.013218 0.000143 365
-1.459716 -2.654757 -0.954611 -1.327997 -1.315269 -0.003286 -0.013350 -0.013218 0.000143 366
-1.470338 -2.669461 -0.951222 -1.327997 -1.315269 -0.003286 -0.013350 -0.013218 0.000143 367
-1.480916 -2.684116 -0.947689 -1.327997 -1.315269 -0.003286 -0.013350 -0.013218 0.000143 368
-1.491448 -2.698720 -0.944011 -1.327997 -1.315269 -0.003286 -0.013350 -0.013218 0.000143 369
-1.501933 -2.713272 -0.940187 -1.327997 -1.315269 -0.003286 -0.013350 -0.013218 0.000143 370
-1.512369 -2.727768 -0.936216 -1.327997 -1.315269 -0.003286 -0.013350 -0.013218 0.000143 371
-1.522754 -2.742208 -0.932096 -1.327997 -1.315269 -0.003286 -0.013350 -0.013218 0.000143 372
-1.533086 -2.756588 -0.927827 -1.327997 -1.315269 -0.003286 -0.013350 -0.013218 0.000143 373
-1.543363 -2.770907 -0.923407 -1.327997 -1.315269 -0.003286 -0.013350 -0.013218 0.000143 374
-1.553584 -2.785163 -0.918836 -1.327997 -1.315269 -0.003286 -0.013350 -0.013218 0.000143 375
-1.563746 -2.799354 -0.914113 -1.327997 -1.315269 -0.003286 -0.013350 -0.013218 0.000143 376
-1.573847 -2.813477 -0.909236 -1.327997 -1.315269 -0.003286 -0.013350 -0.013218 0.000143 377
-1.583887 -2.827530 -0.904204 -1.327997 -1.315269 -0.003286 -0.013350 -0.013218 0.000143 378
-1.593862 -2.841511 -0.899017 -1.327997 -1.315269 -0.003286 -0.013350 -0.013218 0.000143 379
-1.603771 -2.855419 -0.893674 -1.327997 -1.315269 -0.003286 -0.013350 -0.013218 0.000143 380
-1.613612 -2.869250 -0.888173 -1.327997 -1.315269 -0.003286 -0.013350 -0.013218 0.000143 381
-1.623382 -2.883002 -0.882513 -1.327997 -1.315269 -0.003286 -0.013350 -0.013218 0.000143 382
-1.633081 -2.896675 -0.876694 -1.327997 -1.315269 -0.003286 -0.013350 -0.013218 0.000143 383
-1.642706 -2.910264 -0.870715 -1.327997 -1.315269 -0.003286 -0.013350 -0.013218 0.000143 384
-1.652255 -2.923768 -0.864574 -1.327997 -1.315269 -0.003286 -0.013350 -0.013218 0.000143 385
-1.661725 -2.937185 -0.858271 -1.327997 -1.315269 -0.003286 -0.013350 -0.013218 0.000143 386
-1.671116 -2.950512 -0.851805 -1.327997 -1.315269 -0.003286 -0.013350 -0.013218 0.000143 387
-1.680425 -2.963748 -0.845174 -1.327997 -1.315269 -0.003286 -0.013350 -0.013218 0.000143 388
-1.689650 -2.976889 -0.838379 -1.327997 -1.315269 -0.003286 -0.013350 -0.013218 0.000143 389
-1.698788 -2.989934 -0.831418 -1.327997 -1.315269 -0.003286 -0.013350 -0.013218 0.000143 390
-1.707839 -3.002881 -0.824290 -1.327997 -1.315269 -0.003286 -0.013350 -0.013218 0.000143 391
-1.716799 -3.015726 -0.816994 -1.327997 -1.315269 -0.003286 -0.013350 -0.013218 0.000143 392
-1.725667 -3.028468 -0.809530 -1.327997 -1.315269 -0.003286 -0.013350 -0.013218 0.000143 393
-1.734440 -3.041104 -0.801897 -1.327997 -1.315269 -0.003286 -0.013350 -0.013218 0.000143 394
-1.743117 -3.053632 -0.794094 -1.327997 -1.315269 -0.003286 -0.013350 -0.013218 0.000143 395
-1.751696 -3.066050 -0.786120 -1.327997 -1.315269 -0.003286 -0.013350 -0.013218 0.000143 396
-1.760174 -3.078355 -0.777974 -1.327997 -1.315269 -0.003286 -0.013350 -0.013218 0.000143 397
-1.768549 -3.090544 -0.769656 -1.327997 -1.315269 -0.003286 -0.013350 -0.013218 0.000143 398
-1.776819 -3.102617 -0.761164 -1.327997 -1.315269 -0.003286 -0.013350 -0.013218 0.000143 399
-1.784982 -3.114569 -0.752499 -1.327997 -1.315269 -0.003286 -0.013350 -0.013218 0.000143 400
-1.793036 -3.126399 -0.743659 -1.327997 -1.315269 -0.003286 -0.013350 -0.013218 0.000143 401
-1.800978 -3.138104 -0.734643 -1.327997 -1.315269 -0.003286 -0.013350 -0.013218 0.000143 402
-1.808807 -3.149682 -0.725451 -1.327997 -1.315269 -0.003286 -0.013350 -0.013218 0.000143 403
-1.816520 -3.161130 -0.716083 -1.327997 -1.315269 -0.003286 -0.013350 -0.013218 0.000143 404
-1.824116 -3.172446 -0.706537 -1.327997 -1.315269 -0.003286 -0.013350 -0.013218 0.000143 405
-1.831591 -3.183627 -0.696813 -1.327997 -1.315269 -0.003286 -0.013350 -0.013218 0.000143 406
-1.838944 -3.194672 -0.686910 -1.327997 -1.315269 -0.003286 -0.013350 -0.013218 0.000143 407
-1.846173 -3.205577 -0.676828 -1.327997 -1.315269 -0.003286 -0.013350 -0.013218 0.000143 408
-1.853275 -3.216340 -0.666566 -1.327997 -1.315269 -0.003286 -0.013350 -0.013218 0.000143 409
-1.860248 -3.226958 -0.656123 -1.327997 -1.315269 -0.003286 -0.013350 -0.013218 0.000143 410
-1.867090 -3.237430 -0.645500 -1.327997 -1.315269 -0.003286 -0.013350 -0.013218 0.000143 411
-1.873799 -3.247752 -0.634694 -1.327997 -1.315269 -0.003286 -0.013350 -0.013218 0.000143 412
-1.880372 -3.257922 -0.623706 -1.327997 -1.315269 -0.003286 -0.013350 -0.013218 0.000143 413
-1.886808 -3.267938 -0.612536 -1.327997 -1.315269 -0.003286 -0.013350 -0.013218 0.000143 414
-1.893103 -3.277797 -0.601182 -1.327997 -1.315269 -0.003286 -0.013350 -0.013218 0.000143 415
-1.899256 -3.287496 -0.589645 -1.327997 -1.315269 -0.003286 -0.013350 -0.013218 0.000143 416
-1.905265 -3.297033 -0.577923 -1.327997 -1.315269 -0.003286 -0.013350 -0.013218 0.000143 417
-1.911127 -3.306405 -0.566017 -1.327997 -1.315269 -0.003286 -0.013350 -0.013218 0.000143 418
-1.916840 -3.315611 -0.553926 -1.327997 -1.315269 -0.003286 -0.013350 -0.013218 0.000143 419
-1.922402 -3.324646 -0.541649 -1.327997 -1.315269 -0.003286 -0.013350 -0.013218 0.000143 420
-1.927810 -3.333510 -0.529187 -1.327997 -1.315269 -0.003286 -0.013350 -0.013218 0.000143 421
-1.933062 -3.342199 -0.516538 -1.327997 -1.315269 -0.003286 -0.013350 -0.013218 0.000143 422
-1.938156 -3.350710 -0.503703 -1.327997 -1.315269 -0.003286 -0.013350 -0.013218 0.000143 423
-1.943090 -3.359041 -0.490681 -1.327997 -1.315269 -0.003286 -0.013350 -0.013218 0.000143 424
-1.947861 -3.367190 -0.477471 -1.327997 -1.315269 -0.003286 -0.013350 -0.013218 0.000143 425
-1.952467 -3.375154 -0.464075 -1.327997 -1.315269 -0.003286 -0.013350 -0.013218 0.000143 426
-1.956906 -3.382930 -0.450490 -1.327997 -1.315269 -0.003286 -0.013350 -0.013218 0.000143 427
-1.961175 -3.390516 -0.436718 -1.327997 -1.315269 -0.003286 -0.013350 -0.013218 0.000143 428
-1.965272 -3.397910 -0.422758 -1.327997 -1.315269 -0.003286 -0.013350 -0.013218 0.000143 429
-1.969196 -3.405107 -0.408609 -1.327997 -1.315269 -0.003286 -0.013350 -0.013218 0.000143 430
-1.972943 -3.412107 -0.394271 -1.327997 -1.315269 -0.003286 -0.013350 -0.013218 0.000143 431
-1.976511 -3.418907 -0.379746 -1.327997 -1.315269 -0.003286 -0.013350 -0.013218 0.000143 432
-1.979898 -3.425503 -0.365031 -1.327997 -1.315269 -0.003286 -0.013350 -0.013218 0.000143 433
-1.983102 -3.431893 -0.350127 -1.327997 -1.315269 -0.003286 -0.013350 -0.013218 0.000143 434
-1.986120 -3.438076 -0.335035 -1.327997 -1.315269 -0.003286 -0.013350 -0.013218 0.000143 435
-1.988950 -3.444047 -0.319753 -1.327997 -1.315269 -0.003286 -0.013350 -0.013218 0.000143 436
-1.991590 -3.449805 -0.304282 -1.327997 -1.315269 -0.003286 -0.013350 -0.013218 0.000143 437
-1.994037 -3.455347 -0.288623 -1.327997 -1.315269 -0.003286 -0.013350 -0.013218 0.000143 438
-1.996290 -3.460670 -0.272774 -1.327997 -1.315269 -0.003286 -0.013350 -0.013218 0.000143 439
-1.998345 -3.465772 -0.256736 -1.327997 -1.315269 -0.003286 -0.013350 -0.013218 0.000143 440
-2.000201 -3.470650 -0.240509 -1.327997 -1.315269 -0.003286 -0.013350 -0.013218 0.000143 441
-2.001855 -3.475301 -0.224094 -1.327997 -1.315269 -0.003286 -0.013350 -0.013218 0.000143 442
-2.003306 -3.479724 -0.207489 -1.327997 -1.315269 -0.003286 -0.013350 -0.013218 0.000143 443
-2.004549 -3.483915 -0.190696 -1.327997 -1.315269 -0.003286 -0.013350 -0.013218 0.000143 444
-2.005585 -3.487872 -0.173715 -1.327997 -1.315269 -0.003286 -0.013350 -0.013218 0.000143 445
-2.006409 -3.491592 -0.156545 -1.327997 -1.315269 -0.003286 -0.013350 -0.013218 0.000143 446
-2.007020 -3.495073 -0.139187 -1.327997 -1.315269 -0.003286 -0.013350 -0.013218 0.000143 447
-2.007416 -3.498313 -0.121642 -1.327997 -1.315269 -0.003286 -0.013350 -0.013218 0.000143 448
-2.007594 -3.501307 -0.103909 -1.327997 -1.315269 -0.003286 -0.013350 -0.013218 0.000143 449
-2.007552 -3.504055 -0.085988 -1.327997 -1.315269 -0.003286 -0.013350 -0.013218 0.000143 450
-2.007288 -3.506553 -0.067881 -1.327997 -1.315269 -0.003286 -0.013350 -0.013218 0.000143 451
-2.006799 -3.508800 -0.049588 -1.327997 -1.315269 -0.003286 -0.013350 -0.013218 0.000143 452
-2.006083 -3.510791 -0.031108 -1.327997 -1.315269 -0.003286 -0.013350 -0.013218 0.000143 453
-2.005138 -3.512526 -0.012442 -1.327997 -1.315269 -0.003286 -0.013350 -0.013218 0.000143 454
-2.003962 -3.514000 0.006409 -1.327997 -1.315269 -0.003286 -0.013350 -0.013218 0.000143 455
-2.002553 -3.515213 0.025445 -1.327997 -1.315269 -0.003286 -0.013350 -0.013218 0.000143 456
-2.000907 -3.516161 0.044665 -1.327997 -1.315269 -0.003286 -0.013350 -0.013218 0.000143 457
-1.999024 -3.516841 0.064069 -1.327997 -1.315269 -0.003286 -0.013350 -0.013218 0.000143 458
-1.996900 -3.517252 0.083657 -1.327997 -1.315269 -0.003286 -0.013350 -0.013218 0.000143 459
-1.994534 -3.517391 0.103427 -1.327997 -1.315269 -0.003286 -0.013350 -0.013218 0.000143 460
-1.991923 -3.517255 0.123379 -1.327997 -1.315269 -0.003286 -0.013350 -0.013218 0.000143 461
-1.989066 -3.516842 0.143513 -1.327997 -1.315269 -0.003286 -0.013350 -0.013218 0.000143 462
-1.985959 -3.516149 0.163828 -1.327997 -1.315269 -0.003286 -0.013350 -0.013218 0.000143 463
-1.982601 -3.515174 0.184323 -1.327997 -1.315269 -0.003286 -0.013350 -0.013218 0.000143 464
-1.978990 -3.513915 0.204997 -1.327997 -1.315269 -0.003286 -0.013350 -0.013218 0.000143 465
-1.975123 -3.512368 0.225850 -1.327997 -1.315269 -0.003286 -0.013350 -0.013218 0.000143 466
-1.970998 -3.510533 0.246881 -1.327997 -1.315269 -0.003286 -0.013350 -0.013218 0.000143 467
-1.966613 -3.508405 0.268088 -1.327997 -1.315269 -0.003286 -0.013350 -0.013218 0.000143 468
-1.961967 -3.505983 0.289472 -1.327997 -1.315269 -0.003286 -0.013350 -0.013218 0.000143 469
-1.957056 -3.503265 0.311032 -1.327997 -1.315269 -0.003286 -0.013350 -0.013218 0.000143 470
-1.951879 -3.500247 0.332765 -1.327997 -1.315269 -0.003286 -0.013350 -0.013218 0.000143 471
-1.946433 -3.496929 0.354673 -1.327997 -1.315269 -0.003286 -0.013350 -0.013218 0.000143 472
-1.940717 -3.493306 0.376752 -1.327997 -1.315269 -0.003286 -0.013350 -0.013218 0.000143 473
-1.934729 -3.489378 0.399004 -1.327997 -1.315269 -0.003286 -0.013350 -0.013218 0.000143 474
-1.928466 -3.485141 0.421425 -1.327997 -1.315269 -0.003286 -0.013350 -0.013218 0.000143 475
-1.921926 -3.480594 0.444016 -1.327997 -1.315269 -0.003286 -0.013350 -0.013218 0.000143 476
-1.915107 -3.475733 0.466776 -1.327997 -1.315269 -0.003286 -0.013350 -0.013218 0.000143 477
-1.908008 -3.470557 0.489702 -1.327997 -1.315269 -0.003286 -0.013350 -0.013218 0.000143 478
-1.900626 -3.465064 0.512795 -1.327997 -1.315269 -0.003286 -0.013350 -0.013218 0.000143 479
-1.892959 -3.459251 0.536052 -1.327997 -1.315269 -0.003286 -0.013350 -0.013218 0.000143 480
-1.885006 -3.453116 0.559473 -1.327997 -1.315269 -0.003286 -0.013350 -0.013218 0.000143 481
-1.876764 -3.446657 0.583056 -1.327997 -1.315269 -0.003286 -0.013350 -0.013218 0.000143 482
-1.868231 -3.439872 0.606800 -1.327997 -1.315269 -0.003286 -0.013350 -0.013218 0.000143 483
-1.859406 -3.432758 0.630703 -1.327997 -1.315269 -0.003286 -0.013350 -0.013218 0.000143 484
-1.850286 -3.425313 0.654765 -1.327997 -1.315269 -0.003286 -0.013350 -0.013218 0.000143 485
-1.840870 -3.417535 0.678984 -1.327997 -1.315269 -0.003286 -0.013350 -0.013218 0.000143 486
-1.831155 -3.409422 0.703358 -1.327997 -1.315269 -0.003286 -0.013350 -0.013218 0.000143 487
-1.821140 -3.400973 0.727887 -1.327997 -1.315269 -0.003286 -0.013350 -0.013218 0.000143 488
-1.810823 -3.392184 0.752567 -1.327997 -1.315269 -0.003286 -0.013350 -0.013218 0.000143 489
-1.800203 -3.383054 0.777399 -1.327997 -1.315269 -0.003286 -0.013350 -0.013218 0.000143 490
-1.789276 -3.373580 0.802379 -1.327997 -1.315269 -0.003286 -0.013350 -0.013218 0.000143 491
-1.778042 -3.363761 0.827508 -1.327997 -1.315269 -0.003286 -0.013350 -0.013218 0.000143 492
-1.766499 -3.353595 0.852782 -1.327997 -1.315269 -0.003286 -0.013350 -0.013218 0.000143 493
-1.754645 -3.343080 0.878201 -1.327997 -1.315269 -0.003286 -0.013350 -0.013218 0.000143 494
-1.742478 -3.332213 0.903762 -1.327997 -1.315269 -0.003286 -0.013350 -0.013218 0.000143 495
-1.729997 -3.320994 0.929465 -1.327997 -1.315269 -0.003286 -0.013350 -0.013218 0.000143 496
-1.717199 -3.309419 0.955306 -1.327997 -1.315269 -0.003286 -0.013350 -0.013218 0.000143 497
-1.704084 -3.297487 0.981285 -1.327997 -1.315269 -0.003286 -0.013350 -0.013218 0.000143 498
-1.690649 -3.285197 1.007399 -1.327997 -1.315269 -0.003286 -0.013350 -0.013218 0.000143 499
-1.676893 -3.272546 1.033646 -1.327997 -1.315269 -0.003286 -0.013350 -0.013218 0.000143 500
-1.662814 -3.259532 1.060025 -1.327997 -1.315269 -0.003286 -0.013350 -0.013218 0.000143 501
-1.648411 -3.246155 1.086534 -1.327997 -1.315269 -0.003286 -0.013350 -0.013218 0.000143 502
-1.633682 -3.232411 1.113170 -1.327997 -1.315269 -0.003286 -0.013350 -0.013218 0.000143 503
-1.618626 -3.218300 1.139931 -1.327997 -1.315269 -0.003286 -0.013350 -0.013218 0.000143 504
-1.603241 -3.203819 1.166816 -1.327997 -1.315269 -0.003286 -0.013350 -0.013218 0.000143 505
-1.587525 -3.188967 1.193823 -1.327997 -1.315269 -0.003286 -0.013350 -0.013218 0.000143 506
-1.571477 -3.173743 1.220948 -1.327997 -1.315269 -0.003286 -0.013350 -0.013218 0.000143 507
-1.555096 -3.158144 1.248190 -1.327997 -1.315269 -0.003286 -0.013350 -0.013218 0.000143 508
-1.538381 -3.142169 1.275547 -1.327997 -1.315269 -0.003286 -0.013350 -0.013218 0.000143 509
-1.521329 -3.125817 1.303016 -1.327997 -1.315269 -0.003286 -0.013350 -0.013218 0.000143 510
-1.503939 -3.109086 1.330595 -1.327997 -1.315269 -0.003286 -0.013350 -0.013218 0.000143 511
-1.486211 -3.091974 1.358282 -1.327997 -1.315269 -0.003286 -0.013350 -0.013218 0.000143 512
-1.468143 -3.074481 1.386075 -1.327997 -1.315269 -0.003286 -0.013350 -0.013218 0.000143 513
-1.449733 -3.056604 1.413970 -1.327997 -1.315269 -0.003286 -0.013350 -0.013218 0.000143 514
-1.430981 -3.038342 1.441965 -1.327997 -1.315269 -0.003286 -0.013350 -0.013218 0.000143 515
-1.411885 -3.019695 1.470059 -1.327997 -1.315269 -0.003286 -0.013350 -0.013218 0.000143 516
-1.392443 -3.000659 1.498247 -1.327997 -1.315269 -0.003286 -0.013350 -0.013218 0.000143 517
-1.372656 -2.981236 1.526529 -1.327997 -1.315269 -0.003286 -0.013350 -0.013218 0.000143 518
-1.352521 -2.961422 1.554900 -1.327997 -1.315269 -0.003286 -0.013350 -0.013218 0.000143 519
-1.332038 -2.941216 1.583359 -1.327997 -1.315269 -0.003286 -0.013350 -0.013218 0.000143 520
-1.311205 -2.920619 1.611903 -1.327997 -1.315269 -0.003286 -0.013350 -0.013218 0.000143 521
-1.290021 -2.899627 1.640528 -1.327997 -1.315269 -0.003286 -0.013350 -0.013218 0.000143 522
-1.268486 -2.878241 1.669233 -1.327997 -1.315269 -0.003286 -0.013350 -0.013218 0.000143 523
-1.246599 -2.856460 1.698015 -1.327997 -1.315269 -0.003286 -0.013350 -0.013218 0.000143 524
-1.224358 -2.834281 1.726869 -1.327997 -1.315269 -0.003286 -0.013350 -0.013218 0.000143 525
-1.201762 -2.811704 1.755795 -1.327997 -1.315269 -0.003286 -0.013350 -0.013218 0.000143 526
-1.178812 -2.788729 1.784787 -1.327997 -1.315269 -0.003286 -0.013350 -0.013218 0.000143 527
-1.155505 -2.765354 1.813845 -1.327997 -1.315269 -0.003286 -0.013350 -0.013218 0.000143 528
-1.131842 -2.741578 1.842964 -1.327997 -1.315269 -0.003286 -0.013350 -0.013218 0.000143 529
-1.107820 -2.717401 1.872142 -1.327997 -1.315269 -0.003286 -0.013350 -0.013218 0.000143 530
-1.083441 -2.692821 1.901375 -1.327997 -1.315269 -0.003286 -0.013350 -0.013218 0.000143 531
-1.058702 -2.667838 1.930661 -1.327997 -1.315269 -0.003286 -0.013350 -0.013218 0.000143 532
-1.033604 -2.642452 1.959995 -1.327997 -1.315269 -0.003286 -0.013350 -0.013218 0.000143 533
-1.008145 -2.616660 1.989376 -1.327997 -1.315269 -0.003286 -0.013350 -0.013218 0.000143 534
-0.982325 -2.590464 2.018799 -1.327997 -1.315269 -0.003286 -0.013350 -0.013218 0.000143 535
-0.956144 -2.563862 2.048261 -1.327997 -1.315269 -0.003286 -0.013350 -0.013218 0.000143 536
-0.929600 -2.536853 2.077759 -1.327997 -1.315269 -0.003286 -0.013350 -0.013218 0.000143 537
-0.902695 -2.509438 2.107290 -1.327997 -1.315269 -0.003286 -0.013350 -0.013218 0.000143 538
-0.875426 -2.481615 2.136850 -1.327997 -1.315269 -0.003286 -0.013350 -0.013218 0.000143 539
-0.847794 -2.453385 2.166435 -1.327997 -1.315269 -0.003286 -0.013350 -0.013218 0.000143 540
-0.819798 -2.424746 2.196043 -1.327997 -1.315269 -0.003286 -0.013350 -0.013218 0.000143 541
-0.791439 -2.395699 2.225669 -1.327997 -1.315269 -0.003286 -0.013350 -0.013218 0.000143 542
-0.762715 -2.366243 2.255310 -1.327997 -1.315269 -0.003286 -0.013350 -0.013218 0.000143 543
-0.733627 -2.336378 2.284963 -1.327997 -1.315269 -0.003286 -0.013350 -0.013218 0.000143 544
-0.704174 -2.306104 2.314623 -1.327997 -1.315269 -0.003286 -0.013350 -0.013218 0.000143 545
-0.674356 -2.275421 2.344287 -1.327997 -1.315269 -0.003286 -0.013350 -0.013218 0.000143 546
-0.644174 -2.244328 2.373951 -1.327997 -1.315269 -0.003286 -0.013350 -0.013218 0.000143 547
-0.613627 -2.212825 2.403611 -1.327997 -1.315269 -0.003286 -0.013350 -0.013218 0.000143 548
-0.582714 -2.180913 2.433264 -1.327997 -1.315269 -0.003286 -0.013350 -0.013218 0.000143 549
-0.551437 -2.148592 2.462906 -1.327997 -1.315269 -0.003286 -0.013350 -0.013218 0.000143 550
-0.519795 -2.115861 2.492532 -1.327997 -1.315269 -0.003286 -0.013350 -0.013218 0.000143 551
-0.487788 -2.082721 2.522139 -1.327997 -1.315269 -0.003286 -0.013350 -0.013218 0.000143 552
-0.455417 -2.049172 2.551722 -1.327997 -1.315269 -0.003286 -0.013350 -0.013218 0.000143 553
-0.422682 -2.015214 2.581279 -1.327997 -1.315269 -0.003286 -0.013350 -0.013218 0.000143 554
-0.389582 -1.980848 2.610803 -1.327997 -1.315269 -0.003286 -0.013350 -0.013218 0.000143 555
-0.356119 -1.946074 2.640292 -1.327997 -1.315269 -0.003286 -0.013350 -0.013218 0.000143 556
-0.322292 -1.910892 2.669742 -1.327997 -1.315269 -0.003286 -0.013350 -0.013218 0.000143 557
-0.288102 -1.875303 2.699147 -1.327997 -1.315269 -0.003286 -0.013350 -0.013218 0.000143 558
-0.253550 -1.839307 2.728504 -1.327997 -1.315269 -0.003286 -0.013350 -0.013218 0.000143 559
-0.218636 -1.802905 2.757808 -1.327997 -1.315269 -0.003286 -0.013350 -0.013218 0.000143 560
-0.183361 -1.766098 2.787056 -1.327997 -1.315269 -0.003286 -0.013350 -0.013218 0.000143 561
-0.147724 -1.728885 2.816242 -1.327997 -1.315269 -0.003286 -0.013350 -0.013218 0.000143 562
-0.111728 -1.691269 2.845363 -1.327997 -1.315269 -0.003286 -0.013350 -0.013218 0.000143 563
-0.075372 -1.653250 2.874413 -1.327997 -1.315269 -0.003286 -0.013350 -0.013218 0.000143 564
-0.038657 -1.614829 2.903388 -1.327997 -1.315269 -0.003286 -0.013350 -0.013218 0.000143 565
-0.001585 -1.576006 2.932285 -1.327997 -1.315269 -0.003286 -0.013350 -0.013218 0.000143 566
0.035845 -1.536783 2.961097 -1.327997 -1.315269 -0.003286 -0.013350 -0.013218 0.000143 567
0.073630 -1.497160 2.989821 -1.327997 -1.315269 -0.003286 -0.013350 -0.013218 0.000143 568
0.111771 -1.457139 3.018452 -1.327997 -1.315269 -0.003286 -0.013350 -0.013218 0.000143 569
0.150266 -1.416722 3.046985 -1.327997 -1.315269 -0.003286 -0.013350 -0.013218 0.000143 570
0.189113 -1.375908 3.075415 -1.327997 -1.315269 -0.003286 -0.013350 -0.013218 0.000143 571
0.228313 -1.334700 3.103738 -1.327997 -1.315269 -0.003286 -0.013350 -0.013218 0.000143 572
0.267863 -1.293099 3.131949 -1.327997 -1.315269 -0.003286 -0.013350 -0.013218 0.000143 573
0.307763 -1.251106 3.160042 -1.327997 -1.315269 -0.003286 -0.013350 -0.013218 0.000143 574
0.348010 -1.208722 3.188014 -1.327997 -1.315269 -0.003286 -0.013350 -0.013218 0.000143 575
0.388605 -1.165950 3.215858 -1.327997 -1.315269 -0.003286 -0.013350 -0.013218 0.000143 576
0.429544 -1.122791 3.243570 -1.327997 -1.315269 -0.003286 -0.013350 -0.013218 0.000143 577
0.470828 -1.079247 3.271145 -1.327997 -1.315269 -0.003286 -0.013350 -0.013218 0.000143 578
0.512454 -1.035319 3.298579 -1.327997 -1.315269 -0.003286 -0.013350 -0.013218 0.000143 579
0.554420 -0.991009 3.325864 -1.327997 -1.315269 -0.003286 -0.013350 -0.013218 0.000143 580
0.596725 -0.946320 3.352998 -1.327997 -1.315269 -0.003286 -0.013350 -0.013218 0.000143 581
0.639368 -0.901252 3.379974 -1.327997 -1.315269 -0.003286 -0.013350 -0.013218 0.000143 582
0.682346 -0.855808 3.406787 -1.327997 -1.315269 -0.003286 -0.013350 -0.013218 0.000143 583
0.725657 -0.809991 3.433431 -1.327997 -1.315269 -0.003286 -0.013350 -0.013218 0.000143 584
0.769301 -0.763802 3.459903 -1.327997 -1.315269 -0.003286 -0.013350 -0.013218 0.000143 585
0.813274 -0.717243 3.486195 -1.327997 -1.315269 -0.003286 -0.013350 -0.013218 0.000143 586
0.857575 -0.670317 3.512303 -1.327997 -1.315269 -0.003286 -0.013350 -0.013218 0.000143 587
0.902201 -0.623026 3.538222 -1.327997 -1.315269 -0.003286 -0.013350 -0.013218 0.000143 588
0.947151 -0.575373 3.563946 -1.327997 -1.315269 -0.003286 -0.013350 -0.013218 0.000143 589
0.992422 -0.527361 3.589468 -1.327997 -1.315269 -0.003286 -0.013350 -0.013218 0.000143 590
1.038012 -0.478991 3.614785 -1.327997 -1.315269 -0.003286 -0.013350 -0.013218 0.000143 591
1.083918 -0.430266 3.639890 -1.327997 -1.315269 -0.003286 -0.013350 -0.013218 0.000143 592
1.130139 -0.381190 3.664777 -1.327997 -1.315269 -0.003286 -0.013350 -0.013218 0.000143 593
1.176671 -0.331765 3.689442 -1.327997 -1.315269 -0.003286 -0.013350 -0.013218 0.000143 594
1.223512 -0.281993 3.713877 -1.327997 -1.315269 -0.003286 -0.013350 -0.013218 0.000143 595
1.270660 -0.231879 3.738078 -1.327997 -1.315269 -0.003286 -0.013350 -0.013218 0.000143 596
1.318111 -0.181424 3.762039 -1.327997 -1.315269 -0.003286 -0.013350 -0.013218 0.000143 597
1.365863 -0.130633 3.785753 -1.327997 -1.315269 -0.003286 -0.013350 -0.013218 0.000143 598
1.413913 -0.079507 3.809216 -1.327997 -1.315269 -0.003286 -0.013350 -0.013218 0.000143 599
1.462259 -0.028052 3.832420 -1.327997 -1.315269 -0.003286 -0.013350 -0.013218 0.000143 600
1.510897 0.023731 3.855361 -1.327997 -1.315269 -0.003286 -0.013350 -0.013218 0.000143 601
1.559823 0.075837 3.878032 -1.327997 -1.315269 -0.003286 -0.013350 -0.013218 0.000143 602
1.609036 0.128264 3.900427 -1.327997 -1.315269 -0.003286 -0.013350 -0.013218 0.000143 603
1.658532 0.181007 3.922540 -1.327997 -1.315269 -0.003286 -0.013350 -0.013218 0.000143 604
1.708307 0.234063 3.944366 -1.327997 -1.315269 -0.003286 -0.013350 -0.013218 0.000143 605
1.758359 0.287428 3.965897 -1.327997 -1.315269 -0.003286 -0.013350 -0.013218 0.000143 606
1.808683 0.341098 3.987129 -1.327997 -1.315269 -0.003286 -0.013350 -0.013218 0.000143 607
1.859277 0.395070 4.008054 -1.327997 -1.315269 -0.003286 -0.013350 -0.013218 0.000143 608
1.910136 0.449338 4.028666 -1.327997 -1.315269 -0.003286 -0.013350 -0.013218 0.000143 609
1.961258 0.503900 4.048960 -1.327997 -1.315269 -0.003286 -0.013350 -0.013218 0.000143 610
2.012637 0.558751 4.068929 -1.327997 -1.315269 -0.003286 -0.013350 -0.013218 0.000143 611
2.064272 0.613887 4.088566 -1.327997 -1.315269 -0.003286 -0.013350 -0.013218 0.000143 612
2.116157 0.669302 4.107866 -1.327997 -1.315269 -0.003286 -0.013350 -0.013218 0.000143 613
2.168289 0.724994 4.126821 -1.327997 -1.315269 -0.003286 -0.013350 -0.013218 0.000143 614
2.220663 0.780957 4.145426 -1.327997 -1.315269 -0.003286 -0.013350 -0.013218 0.000143 615
2.273277 0.837187 4.163674 -1.327997 -1.315269 -0.003286 -0.013350 -0.013218 0.000143 616
2.326124 0.893679 4.181559 -1.327997 -1.315269 -0.003286 -0.013350 -0.013218 0.000143 617
2.379202 0.950427 4.199073 -1.327997 -1.315269 -0.003286 -0.013350 -0.013218 0.000143 618
2.432506 1.007429 4.216211 -1.327997 -1.315269 -0.003286 -0.013350 -0.013218 0.000143 619
2.486031 1.064677 4.232966 -1.327997 -1.315269 -0.003286 -0.013350 -0.013218 0.000143 620
2.539772 1.122168 4.249332 -1.327997 -1.315269 -0.003286 -0.013350 -0.013218 0.000143 621
2.593727 1.179896 4.265301 -1.327997 -1.315269 -0.003286 -0.013350 -0.013218 0.000143 622
2.647888 1.237855 4.280867 -1.327997 -1.315269 -0.003286 -0.013350 -0.013218 0.000143 623
2.702253 1.296041 4.296024 -1.327997 -1.315269 -0.003286 -0.013350 -0.013218 0.000143 624
2.756815 1.354448 4.310764 -1.327997 -1.315269 -0.003286 -0.013350 -0.013218 0.000143 625
2.811571 1.413071 4.325081 -1.327997 -1.315269 -0.003286 -0.013350 -0.013218 0.000143 626
2.866515 1.471903 4.338969 -1.327997 -1.315269 -0.003286 -0.013350 -0.013218 0.000143 627
2.921641 1.530940 4.352419 -1.327997 -1.315269 -0.003286 -0.013350 -0.013218 0.000143 628
2.976946 1.590174 4.365427 -1.327997 -1.315269 -0.003286 -0.013350 -0.013218 0.000143 629
3.032422 1.649601 4.377984 -1.327997 -1.315269 -0.003286 -0.013350 -0.013218 0.000143 630
3.088066 1.709215 4.390083 -1.327997 -1.315269 -0.003286 -0.013350 -0.013218 0.000143 631
3.143872 1.769008 4.401719 -1.327997 -1.315269 -0.003286 -0.013350 -0.013218 0.000143 632
3.199834 1.828976 4.412883 -1.327997 -1.315269 -0.003286 -0.013350 -0.013218 0.000143 633
3.255946 1.889111 4.423570 -1.327997 -1.315269 -0.003286 -0.013350 -0.013218 0.000143 634
3.312204 1.949407 4.433771 -1.327997 -1.315269 -0.003286 -0.013350 -0.013218 0.000143 635
3.368600 2.009859 4.443481 -1.327997 -1.315269 -0.003286 -0.013350 -0.013218 0.000143 636
3.425129 2.070458 4.452691 -1.327997 -1.315269 -0.003286 -0.013350 -0.013218 0.000143 637
3.481786 2.131198 4.461396 -1.327997 -1.315269 -0.003286 -0.013350 -0.013218 0.000143 638
3.538564 2.192074 4.469587 -1.327997 -1.315269 -0.003286 -0.013350 -0.013218 0.000143 639
3.595456 2.253076 4.477258 -1.327997 -1.315269 -0.003286 -0.013350 -0.013218 0.000143 640
3.652458 2.314200 4.484402 -1.327997 -1.315269 -0.003286 -0.013350 -0.013218 0.000143 641
3.709561 2.375437 4.491011 -1.327997 -1.315269 -0.003286 -0.013350 -0.013218 0.000143 642
3.766761 2.436780 4.497079 -1.327997 -1.315269 -0.003286 -0.013350 -0.013218 0.000143 643
3.824050 2.498222 4.502598 -1.327997 -1.315269 -0.003286 -0.013350 -0.013218 0.000143 644
3.881422 2.559756 4.507561 -1.327997 -1.315269 -0.003286 -0.013350 -0.013218 0.000143 645
3.938869 2.621374 4.511961 -1.327997 -1.315269 -0.003286 -0.013350 -0.013218 0.000143 646
3.996386 2.683068 4.515790 -1.327997 -1.315269 -0.003286 -0.013350 -0.013218 0.000143 647
4.053965 2.744830 4.519042 -1.327997 -1.315269 -0.003286 -0.013350 -0.013218 0.000143 648
4.111600 2.806653 4.521709 -1.327997 -1.315269 -0.003286 -0.013350 -0.013218 0.000143 649
4.169282 2.868529 4.523784 -1.327997 -1.315269 -0.003286 -0.013350 -0.013218 0.000143 650
4.227006 2.930450 4.525260 -1.327997 -1.315269 -0.003286 -0.013350 -0.013218 0.000143 651
4.284763 2.992407 4.526129 -1.327997 -1.315269 -0.003286 -0.013350 -0.013218 0.000143 652
4.342547 3.054392 4.526384 -1.327997 -1.315269 -0.003286 -0.013350 -0.013218 0.000143 653
4.400349 3.116396 4.526017 -1.327997 -1.315269 -0.003286 -0.013350 -0.013218 0.000143 654
4.458163 3.178412 4.525022 -1.327997 -1.315269 -0.003286 -0.013350 -0.013218 0.000143 655
4.515980 3.240431 4.523391 -1.327997 -1.315269 -0.003286 -0.013350 -0.013218 0.000143 656
4.573793 3.302444 4.521117 -1.327997 -1.315269 -0.003286 -0.013350 -0.013218 0.000143 657
4.631593 3.364441 4.518192 -1.327997 -1.315269 -0.003286 -0.013350 -0.013218 0.000143 658
4.689374 3.426415 4.514609 -1.327997 -1.315269 -0.003286 -0.013350 -0.013218 0.000143 659
4.747126 3.488355 4.510361 -1.327997 -1.315269 -0.003286 -0.013350 -0.013218 0.000143 660
4.804842 3.550253 4.505440 -1.327997 -1.315269 -0.003286 -0.013350 -0.013218 0.000143 661
4.862513 3.612100 4.499839 -1.327997 -1.315269 -0.003286 -0.013350 -0.013218 0.000143 662
4.920131 3.673886 4.493551 -1.327997 -1.315269 -0.003286 -0.013350 -0.013218 0.000143 663
4.977687 3.735601 4.486567 -1.327997 -1.315269 -0.003286 -0.013350 -0.013218 0.000143 664
5.035173 3.797236 4.478882 -1.327997 -1.315269 -0.003286 -0.013350 -0.013218 0.000143 665
5.092581 3.858782 4.470486 -1.327997 -1.315269 -0.003286 -0.013350 -0.013218 0.000143 666
5.149900 3.920228 4.461374 -1.327997 -1.315269 -0.003286 -0.013350 -0.013218 0.000143 667
5.207123 3.981564 4.451538 -1.327997 -1.315269 -0.003286 -0.013350 -0.013218 0.000143 668
5.264241 4.042780 4.440969 -1.327997 -1.315269 -0.003286 -0.013350 -0.013218 0.000143 669
5.321243 4.103866 4.429662 -1.327997 -1.315269 -0.003286 -0.013350 -0.013218 0.000143 670
5.378122 4.164812 4.417608 -1.327997 -1.315269 -0.003286 -0.013350 -0.013218 0.000143 671
5.434867 4.225607 4.404800 -1.327997 -1.315269 -0.003286 -0.013350 -0.013218 0.000143 672
5.491470 4.286241 4.391231 -1.327997 -1.315269 -0.003286 -0.013350 -0.013218 0.000143 673
5.547921 4.346703 4.376894 -1.327997 -1.315269 -0.003286 -0.013350 -0.013218 0.000143 674
5.604209 4.406982 4.361780 -1.327997 -1.315269 -0.003286 -0.013350 -0.013218 0.000143 675
5.660326 4.467067 4.345883 -1.327997 -1.315269 -0.003286 -0.013350 -0.013218 0.000143 676
5.716262 4.526947 4.329196 -1.327997 -1.315269 -0.003286 -0.013350 -0.013218 0.000143 677
5.772006 4.586612 4.311711 -1.327997 -1.315269 -0.003286 -0.013350 -0.013218 0.000143 678
5.827549 4.646049 4.293421 -1.327997 -1.315269 -0.003286 -0.013350 -0.013218 0.000143 679
5.882880 4.705248 4.274318 -1.327997 -1.315269 -0.003286 -0.013350 -0.013218 0.000143 680
5.937989 4.764196 4.254396 -1.327997 -1.315269 -0.003286 -0.013350 -0.013218 0.000143 681
5.992866 4.822883 4.233647 -1.327997 -1.315269 -0.003286 -0.013350 -0.013218 0.000143 682
6.047501 4.881296 4.212063 -1.327997 -1.315269 -0.003286 -0.013350 -0.013218 0.000143 683
6.101881 4.939424 4.189639 -1.327997 -1.315269 -0.003286 -0.013350 -0.013218 0.000143 684
6.155998 4.997255 4.166365 -1.327997 -1.315269 -0.003286 -0.013350 -0.013218 0.000143 685
6.209840 5.054776 4.142236 -1.327997 -1.315269 -0.003286 -0.013350 -0.013218 0.000143 686
6.263397 5.111976 4.117244 -1.327997 -1.315269 -0.003286 -0.013350 -0.013218 0.000143 687
6.316656 5.168842 4.091383 -1.327997 -1.315269 -0.003286 -0.013350 -0.013218 0.000143 688
6.369608 5.225361 4.064644 -1.327997 -1.315269 -0.003286 -0.013350 -0.013218 0.000143 689
6.422240 5.281521 4.037021 -1.327997 -1.315269 -0.003286 -0.013350 -0.013218 0.000143 690
6.474542 5.337309 4.008507 -1.327997 -1.315269 -0.003286 -0.013350 -0.013218 0.000143 691
6.526503 5.392713 3.979095 -1.327997 -1.315269 -0.003286 -0.013350 -0.013218 0.000143 692
6.578109 5.447719 3.948778 -1.327997 -1.315269 -0.003286 -0.013350 -0.013218 0.000143 693
6.629351 5.502315 3.917549 -1.327997 -1.315269 -0.003286 -0.013350 -0.013218 0.000143 694
6.680216 5.556487 3.885402 -1.327997 -1.315269 -0.003286 -0.013350 -0.013218 0.000143 695
6.730692 5.610222 3.852328 -1.327997 -1.315269 -0.003286 -0.013350 -0.013218 0.000143 696
6.780767 5.663506 3.818322 -1.327997 -1.315269 -0.003286 -0.013350 -0.013218 0.000143 697
6.830429 5.716326 3.783377 -1.327997 -1.315269 -0.003286 -0.013350 -0.013218 0.000143 698
6.879667 5.768669 3.747486 -1.327997 -1.315269 -0.003286 -0.013350 -0.013218 0.000143 699
6.928467 5.820520 3.710642 -1.327997 -1.315269 -0.003286 -0.013350 -0.013218 0.000143 700
6.976817 5.871866 3.672839 -1.327997 -1.315269 -0.003286 -0.013350 -0.013218 0.000143 701
7.024705 5.922693 3.634070 -1.327997 -1.315269 -0.003286 -0.013350 -0.013218 0.000143 702
7.072119 5.972986 3.594328 -1.327997 -1.315269 -0.003286 -0.013350 -0.013218 0.000143 703
7.119045 6.022732 3.553608 -1.327997 -1.315269 -0.003286 -0.013350 -0.013218 0.000143 704
7.165470 6.071915 3.511902 -1.327997 -1.315269 -0.003286 -0.013350 -0.013218 0.000143 705
7.211383 6.120522 3.469205 -1.327997 -1.315269 -0.003286 -0.013350 -0.013218 0.000143 706
7.256769 6.168538 3.425510 -1.327997 -1.315269 -0.003286 -0.013350 -0.013218 0.000143 707
7.301615 6.215948 3.380810 -1.327997 -1.315269 -0.003286 -0.013350 -0.013218 0.000143 708
7.345909 6.262737 3.335100 -1.327997 -1.315269 -0.003286 -0.013350 -0.013218 0.000143 709
7.389637 6.308890 3.288374 -1.327997 -1.315269 -0.003286 -0.013350 -0.013218 0.000143 710
7.432786 6.354393 3.240624 -1.327997 -1.315269 -0.003286 -0.013350 -0.013218 0.000143 711
7.475341 6.399230 3.191846 -1.327997 -1.315269 -0.003286 -0.013350 -0.013218 0.000143 712
7.517290 6.443386 3.142034 -1.327997 -1.315269 -0.003286 -0.013350 -0.013218 0.000143 713
7.558619 6.486846 3.091181 -1.327997 -1.315269 -0.003286 -0.013350 -0.013218 0.000143 714
7.599313 6.529593 3.039282 -1.327997 -1.315269 -0.003286 -0.013350 -0.013218 0.000143 715
7.639360 6.571613 2.986331 -1.327997 -1.315269 -0.003286 -0.013350 -0.013218 0.000143 716
7.678744 6.612889 2.932323 -1.327997 -1.315269 -0.003286 -0.013350 -0.013218 0.000143 717
7.717452 6.653407 2.877251 -1.327997 -1.315269 -0.003286 -0.013350 -0.013218 0.000143 718
7.755470 6.693149 2.821111 -1.327997 -1.315269 -0.003286 -0.013350 -0.013218 0.000143 719
7.792782 6.732100 2.763897 -1.327997 -1.315269 -0.003286 -0.013350 -0.013218 0.000143 720
7.829376 6.770243 2.705604 -1.327997 -1.315269 -0.003286 -0.013350 -0.013218 0.000143 721
7.865236 6.807564 2.646227 -1.327997 -1.315269 -0.003286 -0.013350 -0.013218 0.000143 722
7.900347 6.844044 2.585760 -1.327997 -1.315269 -0.003286 -0.013350 -0.013218 0.000143 723
7.934696 6.879667 2.524198 -1.327997 -1.315269 -0.003286 -0.013350 -0.013218 0.000143 724
7.968267 6.914418 2.461537 -1.327997 -1.315269 -0.003286 -0.013350 -0.013218 0.000143 725
8.001045 6.948279 2.397772 -1.327997 -1.315269 -0.003286 -0.013350 -0.013218 0.000143 726
8.033016 6.981234 2.332897 -1.327997 -1.315269 -0.003286 -0.013350 -0.013218 0.000143 727
8.064164 7.013266 2.266909 -1.327997 -1.315269 -0.003286 -0.013350 -0.013218 0.000143 728
8.094474 7.044357 2.199803 -1.327997 -1.315269 -0.003286 -0.013350 -0.013218 0.000143 729
8.123932 7.074491 2.131574 -1.327997 -1.315269 -0.003286 -0.013350 -0.013218 0.000143 730
8.152521 7.103650 2.062219 -1.327997 -1.315269 -0.003286 -0.013350 -0.013218 0.000143 731
8.180227 7.131818 1.991732 -1.327997 -1.315269 -0.003286 -0.013350 -0.013218 0.000143 732
8.207033 7.158977 1.920111 -1.327997 -1.315269 -0.003286 -0.013350 -0.013218 0.000143 733
8.232925 7.185109 1.847350 -1.327997 -1.315269 -0.003286 -0.013350 -0.013218 0.000143 734
8.257887 7.210198 1.773447 -1.327997 -1.315269 -0.003286 -0.013350 -0.013218 0.000143 735
8.281903 7.234225 1.698397 -1.327997 -1.315269 -0.003286 -0.013350 -0.013218 0.000143 736
8.304958 7.257172 1.622197 -1.327997 -1.315269 -0.003286 -0.013350 -0.013218 0.000143 737
8.327035 7.279023 1.544844 -1.327997 -1.315269 -0.003286 -0.013350 -0.013218 0.000143 738
8.348119 7.299759 1.466333 -1.327997 -1.315269 -0.003286 -0.013350 -0.013218 0.000143 739
8.368193 7.319362 1.386663 -1.327997 -1.315269 -0.003286 -0.013350 -0.013218 0.000143 740
8.387242 7.337815 1.305830 -1.327997 -1.315269 -0.003286 -0.013350 -0.013218 0.000143 741
8.405250 7.355098 1.223831 -1.327997 -1.315269 -0.003286 -0.013350 -0.013218 0.000143 742
8.422200 7.371195 1.140663 -1.327997 -1.315269 -0.003286 -0.013350 -0.013218 0.000143 743
8.438077 7.386087 1.056324 -1.327997 -1.315269 -0.003286 -0.013350 -0.013218 0.000143 744
8.452863 7.399755 0.970811 -1.327997 -1.315269 -0.003286 -0.013350 -0.013218 0.000143 745
8.466544 7.412181 0.884122 -1.327997 -1.315269 -0.003286 -0.013350 -0.013218 0.000143 746
8.479101 7.423348 0.796255 -1.327997 -1.315269 -0.003286 -0.013350 -0.013218 0.000143 747
8.490519 7.433235 0.707208 -1.327997 -1.315269 -0.003286 -0.013350 -0.013218 0.000143 748
8.500782 7.441826 0.616979 -1.327997 -1.315269 -0.003286 -0.013350 -0.013218 0.000143 749
8.509873 7.449101 0.525567 -1.327997 -1.315269 -0.003286 -0.013350 -0.013218 0.000143 750
8.517775 7.455041 0.432969 -1.327997 -1.315269 -0.003286 -0.013350 -0.013218 0.000143 751
8.524471 7.459628 0.339185 -1.327997 -1.315269 -0.003286 -0.013350 -0.013218 0.000143 752
8.529946 7.462844 0.244214 -1.327997 -1.315269 -0.003286 -0.013350 -0.013218 0.000143 753
8.534182 7.464669 0.148054 -1.327997 -1.315269 -0.003286 -0.013350 -0.013218 0.000143 754
8.537163 7.465085 0.050705 -1.327997 -1.315269 -0.003286 -0.013350 -0.013218 0.000143 755
8.538871 7.464073 -0.047835 -1.327997 -1.315269 -0.003286 -0.013350 -0.013218 0.000143 756
8.539291 7.461614 -0.147564 -1.327997 -1.315269 -0.003286 -0.013350 -0.013218 0.000143 757
8.538405 7.457688 -0.248484 -1.327997 -1.315269 -0.003286 -0.013350 -0.013218 0.000143 758
8.536197 7.452278 -0.350594 -1.327997 -1.315269 -0.003286 -0.013350 -0.013218 0.000143 759
8.532649 7.445364 -0.453895 -1.327997 -1.315269 -0.003286 -0.013350 -0.013218 0.000143 760
8.527745 7.436928 -0.558386 -1.327997 -1.315269 -0.003286 -0.013350 -0.013218 0.000143 761
8.521469 7.426949 -0.664066 -1.327997 -1.315269 -0.003286 -0.013350 -0.013218 0.000143 762
8.513802 7.415410 -0.770935 -1.327997 -1.315269 -0.003286 -0.013350 -0.013218 0.000143 763
8.504728 7.402291 -0.878992 -1.327997 -1.315269 -0.003286 -0.013350 -0.013218 0.000143 764
8.494231 7.387573 -0.988235 -1.327997 -1.315269 -0.003286 -0.013350 -0.013218 0.000143 765
8.482294 7.371237 -1.098663 -1.327997 -1.315269 -0.003286 -0.013350 -0.013218 0.000143 766
8.468899 7.353264 -1.210275 -1.327997 -1.315269 -0.003286 -0.013350 -0.013218 0.000143 767
8.454030 7.333636 -1.323068 -1.327997 -1.315269 -0.003286 -0.013350 -0.013218 0.000143 768
8.437670 7.312332 -1.437041 -1.327997 -1.315269 -0.003286 -0.013350 -0.013218 0.000143 769
8.419802 7.289335 -1.552192 -1.327997 -1.315269 -0.003286 -0.013350 -0.013218 0.000143 770
8.400409 7.264624 -1.668516 -1.327997 -1.315269 -0.003286 -0.013350 -0.013218 0.000143 771
8.379475 7.238182 -1.786013 -1.327997 -1.315269 -0.003286 -0.013350 -0.013218 0.000143 772
8.356982 7.209989 -1.904679 -1.327997 -1.315269 -0.003286 -0.013350 -0.013218 0.000143 773
8.332915 7.180027 -2.024511 -1.327997 -1.315269 -0.003286 -0.013350 -0.013218 0.000143 774
8.307256 7.148276 -2.145504 -1.327997 -1.315269 -0.003286 -0.013350 -0.013218 0.000143 775
8.279989 7.114718 -2.267657 -1.327997 -1.315269 -0.003286 -0.013350 -0.013218 0.000143 776
8.251097 7.079333 -2.390963 -1.327997 -1.315269 -0.003286 -0.013350 -0.013218 0.000143 777
8.220564 7.042104 -2.515420 -1.327997 -1.315269 -0.003286 -0.013350 -0.013218 0.000143 778
8.188372 7.003012 -2.641023 -1.327997 -1.315269 -0.003286 -0.013350 -0.013218 0.000143 779
8.154507 6.962037 -2.767767 -1.327997 -1.315269 -0.003286 -0.013350 -0.013218 0.000143 780
8.118951 6.919162 -2.895646 -1.327997 -1.315269 -0.003286 -0.013350 -0.013218 0.000143 781
8.081688 6.874368 -3.024657 -1.327997 -1.315269 -0.003286 -0.013350 -0.013218 0.000143 782
8.042702 6.827637 -3.154792 -1.327997 -1.315269 -0.003286 -0.013350 -0.013218 0.000143 783
8.001976 6.778950 -3.286047 -1.327997 -1.315269 -0.003286 -0.013350 -0.013218 0.000143 784
7.959495 6.728289 -3.418415 -1.327997 -1.315269 -0.003286 -0.013350 -0.013218 0.000143 785
7.915243 6.675636 -3.551889 -1.327997 -1.315269 -0.003286 -0.013350 -0.013218 0.000143 786
7.869204 6.620973 -3.686464 -1.327997 -1.315269 -0.003286 -0.013350 -0.013218 0.000143 787
7.821362 6.564282 -3.822132 -1.327997 -1.315269 -0.003286 -0.013350 -0.013218 0.000143 788
7.771702 6.505546 -3.958886 -1.327997 -1.315269 -0.003286 -0.013350 -0.013218 0.000143 789
7.720207 6.444746 -4.096718 -1.327997 -1.315269 -0.003286 -0.013350 -0.013218 0.000143 790
7.666863 6.381866 -4.235621 -1.327997 -1.315269 -0.003286 -0.013350 -0.013218 0.000143 791
7.611653 6.316887 -4.375586 -1.327997 -1.315269 -0.003286 -0.013350 -0.013218 0.000143 792
7.554564 6.249792 -4.516605 -1.327997 -1.315269 -0.003286 -0.013350 -0.013218 0.000143 793
7.495580 6.180565 -4.658670 -1.327997 -1.315269 -0.003286 -0.013350 -0.013218 0.000143 794
7.434686 6.109188 -4.801770 -1.327997 -1.315269 -0.003286 -0.013350 -0.013218 0.000143 795
7.371866 6.035644 -4.945898 -1.327997 -1.315269 -0.003286 -0.013350 -0.013218 0.000143 796
7.307108 5.959917 -5.091043 -1.327997 -1.315269 -0.003286 -0.013350 -0.013218 0.000143 797
7.240395 5.881990 -5.237195 -1.327997 -1.315269 -0.003286 -0.013350 -0.013218 0.000143 798
7.171715 5.801847 -5.384344 -1.327997 -1.315269 -0.003286 -0.013350 -0.013218 0.000143 799
7.101052 5.719472 -5.532479 -1.327997 -1.315269 -0.003286 -0.013350 -0.013218 0.000143 800
7.028392 5.634849 -5.681590 -1.327997 -1.315269 -0.003286 -0.013350 -0.013218 0.000143 801
6.953723 5.547961 -5.831665 -1.327997 -1.315269 -0.003286 -0.013350 -0.013218 0.000143 802
6.877030 5.458794 -5.982693 -1.327997 -1.315269 -0.003286 -0.013350 -0.013218 0.000143 803
6.798300 5.367332 -6.134661 -1.327997 -1.315269 -0.003286 -0.013350 -0.013218 0.000143 804
6.717520 5.273560 -6.287558 -1.327997 -1.315269 -0.003286 -0.013350 -0.013218 0.000143 805
6.634676 5.177462 -6.441371 -1.327997 -1.315269 -0.003286 -0.013350 -0.013218 0.000143 806
6.549756 5.079025 -6.596088 -1.327997 -1.315269 -0.003286 -0.013350 -0.013218 0.000143 807
6.462747 4.978234 -6.751693 -1.327997 -1.315269 -0.003286 -0.013350 -0.013218 0.000143 808
6.373638 4.875074 -6.908176 -1.327997 -1.315269 -0.003286 -0.013350 -0.013218 0.000143 809
6.282415 4.769532 -7.065520 -1.327997 -1.315269 -0.003286 -0.013350 -0.013218 0.000143 810
6.189068 4.661593 -7.223713 -1.327997 -1.315269 -0.003286 -0.013350 -0.013218 0.000143 811
6.093583 4.551245 -7.382739 -1.327997 -1.315269 -0.003286 -0.013350 -0.013218 0.000143 812
5.995951 4.438475 -7.542584 -1.327997 -1.315269 -0.003286 -0.013350 -0.013218 0.000143 813
5.896159 4.323268 -7.703232 -1.327997 -1.315269 -0.003286 -0.013350 -0.013218 0.000143 814
5.794198 4.205614 -7.864668 -1.327997 -1.315269 -0.003286 -0.013350 -0.013218 0.000143 815
5.690056 4.085498 -8.026875 -1.327997 -1.315269 -0.003286 -0.013350 -0.013218 0.000143 816
5.583722 3.962910 -8.189838 -1.327997 -1.315269 -0.003286 -0.013350 -0.013218 0.000143 817
5.475188 3.837838 -8.353540 -1.327997 -1.315269 -0.003286 -0.013350 -0.013218 0.000143 818
5.364443 3.710270 -8.517963 -1.327997 -1.315269 -0.003286 -0.013350 -0.013218 0.000143 819
5.251478 3.580196 -8.683090 -1.327997 -1.315269 -0.003286 -0.013350 -0.013218 0.000143 820
5.136283 3.447604 -8.848904 -1.327997 -1.315269 -0.003286 -0.013350 -0.013218 0.000143 821
5.018850 3.312484 -9.015387 -1.327997 -1.315269 -0.003286 -0.013350 -0.013218 0.000143 822
4.899171 3.174826 -9.182519 -1.327997 -1.315269 -0.003286 -0.013350 -0.013218 0.000143 823
4.777236 3.034621 -9.350283 -1.327997 -1.315269 -0.003286 -0.013350 -0.013218 0.000143 824
4.653039 2.891859 -9.518658 -1.327997 -1.315269 -0.003286 -0.013350 -0.013218 0.000143 825
4.526571 2.746531 -9.687626 -1.327997 -1.315269 -0.003286 -0.013350 -0.013218 0.000143 826
4.397826 2.598628 -9.857167 -1.327997 -1.315269 -0.003286 -0.013350 -0.013218 0.000143 827
4.266797 2.448143 -10.027260 -1.327997 -1.315269 -0.003286 -0.013350 -0.013218 0.000143 828
4.133476 2.295068 -10.197885 -1.327997 -1.315269 -0.003286 -0.013350 -0.013218 0.000143 829
3.997859 2.139395 -10.369021 -1.327997 -1.315269 -0.003286 -0.013350 -0.013218 0.000143 830
3.859939 1.981117 -10.540647 -1.327997 -1.315269 -0.003286 -0.013350 -0.013218 0.000143 831
3.719711 1.820228 -10.712741 -1.327997 -1.315269 -0.003286 -0.013350 -0.013218 0.000143 832
3.577170 1.656722 -10.885280 -1.327997 -1.315269 -0.003286 -0.013350 -0.013218 0.000143 833
3.432311 1.490592 -11.058243 -1.327997 -1.315269 -0.003286 -0.013350 -0.013218 0.000143 834
3.285131 1.321834 -11.231607 -1.327997 -1.315269 -0.003286 -0.013350 -0.013218 0.000143 835
3.135624 1.150443 -11.405349 -1.327997 -1.315269 -0.003286 -0.013350 -0.013218 0.000143 836
2.983789 0.976414 -11.579446 -1.327997 -1.315269 -0.003286 -0.013350 -0.013218 0.000143 837
2.829621 0.799744 -11.753873 -1.327997 -1.315269 -0.003286 -0.013350 -0.013218 0.000143 838
2.673119 0.620428 -11.928606 -1.327997 -1.315269 -0.003286 -0.013350 -0.013218 0.000143 839
2.514281 0.438465 -12.103622 -1.327997 -1.315269 -0.003286 -0.013350 -0.013218 0.000143 840
2.353104 0.253851 -12.278896 -1.327997 -1.315269 -0.003286 -0.013350 -0.013218 0.000143 841
2.189587 0.066584 -12.454401 -1.327997 -1.315269 -0.003286 -0.013350 -0.013218 0.000143 842
2.023729 -0.123337 -12.630113 -1.327997 -1.315269 -0.003286 -0.013350 -0.013218 0.000143 843
1.855531 -0.315912 -12.806007 -1.327997 -1.315269 -0.003286 -0.013350 -0.013218 0.000143 844
1.684993 -0.511143 -12.982055 -1.327997 -1.315269 -0.003286 -0.013350 -0.013218 0.000143 845
1.512113 -0.709030 -13.158232 -1.327997 -1.315269 -0.003286 -0.013350 -0.013218 0.000143 846
1.336895 -0.909572 -13.334510 -1.327997 -1.315269 -0.003286 -0.013350 -0.013218 0.000143 847
1.159339 -1.112768 -13.510863 -1.327997 -1.315269 -0.003286 -0.013350 -0.013218 0.000143 848
0.979448 -1.318617 -13.687263 -1.327997 -1.315269 -0.003286 -0.013350 -0.013218 0.000143 849
0.797223 -1.527116 -13.863683 -1.327997 -1.315269 -0.003286 -0.013350 -0.013218 0.000143 850
0.612668 -1.738262 -14.040093 -1.327997 -1.315269 -0.003286 -0.013350 -0.013218 0.000143 851
0.425786 -1.952053 -14.216467 -1.327997 -1.315269 -0.003286 -0.013350 -0.013218 0.000143 852
0.236580 -2.168485 -14.392775 -1.327997 -1.315269 -0.003286 -0.013350 -0.013218 0.000143 853
0.045057 -2.387554 -14.568988 -1.327997 -1.315269 -0.003286 -0.013350 -0.013218 0.000143 854
-0.148780 -2.609254 -14.745077 -1.327997 -1.315269 -0.003286 -0.013350 -0.013218 0.000143 855
-0.344925 -2.833580 -14.921012 -1.327997 -1.315269 -0.003286 -0.013350 -0.013218 0.000143 856
-0.543373 -3.060527 -15.096764 -1.327997 -1.315269 -0.003286 -0.013350 -0.013218 0.000143 857
-0.744116 -3.290087 -15.272302 -1.327997 -1.315269 -0.003286 -0.013350 -0.013218 0.000143 858
-0.947148 -3.522254 -15.447597 -1.327997 -1.315269 -0.003286 -0.013350 -0.013218 0.000143 859
-1.152461 -3.757019 -15.622616 -1.327997 -1.315269 -0.003286 -0.013350 -0.013218 0.000143 860
-1.360047 -3.994374 -15.797330 -1.327997 -1.315269 -0.003286 -0.013350 -0.013218 0.000143 861
-1.569898 -4.234312 -15.971706 -1.327997 -1.315269 -0.003286 -0.013350 -0.013218 0.000143 862
-1.782004 -4.476820 -16.145714 -1.327997 -1.315269 -0.003286 -0.013350 -0.013218 0.000143 863
-1.996356 -4.721891 -16.319322 -1.327997 -1.315269 -0.003286 -0.013350 -0.013218 0.000143 864
-2.212943 -4.969513 -16.492498 -1.327997 -1.315269 -0.003286 -0.013350 -0.013218 0.000143 865
-2.431755 -5.219674 -16.665208 -1.327997 -1.315269 -0.003286 -0.013350 -0.013218 0.000143 866
-2.652781 -5.472363 -16.837422 -1.327997 -1.315269 -0.003286 -0.013350 -0.013218 0.000143 867
-2.876009 -5.727567 -17.009106 -1.327997 -1.315269 -0.003286 -0.013350 -0.013218 0.000143 868
-3.101425 -5.985273 -17.180228 -1.327997 -1.315269 -0.003286 -0.013350 -0.013218 0.000143 869
-3.329019 -6.245467 -17.350753 -1.327997 -1.315269 -0.003286 -0.013350 -0.013218 0.000143 870
-3.558775 -6.508134 -17.520650 -1.327997 -1.315269 -0.003286 -0.013350 -0.013218 0.000143 871
-3.790680 -6.773260 -17.689883 -1.327997 -1.315269 -0.003286 -0.013350 -0.013218 0.000143 872
-4.024719 -7.040829 -17.858420 -1.327997 -1.315269 -0.003286 -0.013350 -0.013218 0.000143 873
-4.260878 -7.310825 -18.026226 -1.327997 -1.315269 -0.003286 -0.013350 -0.013218 0.000143 874
-4.499139 -7.583230 -18.193268 -1.327997 -1.315269 -0.003286 -0.013350 -0.013218 0.000143 875
-4.739489 -7.858028 -18.359510 -1.327997 -1.315269 -0.003286 -0.013350 -0.013218 0.000143 876
-4.981908 -8.135199 -18.524919 -1.327997 -1.315269 -0.003286 -0.013350 -0.013218 0.000143 877
-5.226381 -8.414726 -18.689460 -1.327997 -1.315269 -0.003286 -0.013350 -0.013218 0.000143 878
-5.472888 -8.696588 -18.853097 -1.327997 -1.315269 -0.003286 -0.013350 -0.013218 0.000143 879
-5.721412 -8.980766 -19.015797 -1.327997 -1.315269 -0.003286 -0.013350 -0.013218 0.000143 880
-5.971934 -9.267238 -19.177524 -1.327997 -1.315269 -0.003286 -0.013350 -0.013218 0.000143 881
-6.224434 -9.555985 -19.338243 -1.327997 -1.315269 -0.003286 -0.013350 -0.013218 0.000143 882
-6.478892 -9.846983 -19.497918 -1.327997 -1.315269 -0.003286 -0.013350 -0.013218 0.000143 883
-6.735287 -10.140210 -19.656513 -1.327997 -1.315269 -0.003286 -0.013350 -0.013218 0.000143 884
-6.993598 -10.435643 -19.813995 -1.327997 -1.315269 -0.003286 -0.013350 -0.013218 0.000143 885
-7.253803 -10.733258 -19.970326 -1.327997 -1.315269 -0.003286 -0.013350 -0.013218 0.000143 886
-7.515880 -11.033030 -20.125471 -1.327997 -1.315269 -0.003286 -0.013350 -0.013218 0.000143 887
-7.779806 -11.334936 -20.279394 -1.327997 -1.315269 -0.003286 -0.013350 -0.013218 0.000143 888
-8.045557 -11.638948 -20.432060 -1.327997 -1.315269 -0.003286 -0.013350 -0.013218 0.000143 889
-8.313111 -11.945041 -20.583432 -1.327997 -1.315269 -0.003286 -0.013350 -0.013218 0.000143 890
-8.582441 -12.253187 -20.733475 -1.327997 -1.315269 -0.003286 -0.013350 -0.013218 0.000143 891
-8.853524 -12.563360 -20.882151 -1.327997 -1.315269 -0.003286 -0.013350 -0.013218 0.000143 892
-9.126333 -12.875532 -21.029427 -1.327997 -1.315269 -0.003286 -0.013350 -0.013218 0.000143 893
-9.400843 -13.189672 -21.175264 -1.327997 -1.315269 -0.003286 -0.013350 -0.013218 0.000143 894
-9.677027 -13.505753 -21.319627 -1.327997 -1.315269 -0.003286 -0.013350 -0.013218 0.000143 895
-9.954858 -13.823745 -21.462481 -1.327997 -1.315269 -0.003286 -0.013350 -0.013218 0.000143 896
-10.234309 -14.143616 -21.603788 -1.327997 -1.315269 -0.003286 -0.013350 -0.013218 0.000143 897
-10.515351 -14.465337 -21.743513 -1.327997 -1.315269 -0.003286 -0.013350 -0.013218 0.000143 898
-10.797956 -14.788874 -21.881619 -1.327997 -1.315269 -0.003286 -0.013350 -0.013218 0.000143 899
-11.082094 -15.114197 -22.018072 -1.327997 -1.315269 -0.003286 -0.013350 -0.013218 0.000143 900
-11.367737 -15.441273 -22.152834 -1.327997 -1.315269 -0.003286 -0.013350 -0.013218 0.000143 901
-11.654854 -15.770067 -22.285869 -1.327997 -1.315269 -0.003286 -0.013350 -0.013218 0.000143 902
-11.943415 -16.100547 -22.417143 -1.327997 -1.315269 -0.003286 -0.013350 -0.013218 0.000143 903
-12.233388 -16.432678 -22.546618 -1.327997 -1.315269 -0.003286 -0.013350 -0.013218 0.000143 904
-12.524742 -16.766425 -22.674259 -1.327997 -1.315269 -0.003286 -0.013350 -0.013218 0.000143 905
-12.817446 -17.101753 -22.800031 -1.327997 -1.315269 -0.003286 -0.013350 -0.013218 0.000143 906
-13.111467 -17.438625 -22.923898 -1.327997 -1.315269 -0.003286 -0.013350 -0.013218 0.000143 907
-13.406772 -17.777005 -23.045825 -1.327997 -1.315269 -0.003286 -0.013350 -0.013218 0.000143 908
-13.703328 -18.116857 -23.165775 -1.327997 -1.315269 -0.003286 -0.013350 -0.013218 0.000143 909
-14.001102 -18.458142 -23.283715 -1.327997 -1.315269 -0.003286 -0.013350 -0.013218 0.000143 910
-14.300059 -18.800823 -23.399608 -1.327997 -1.315269 -0.003286 -0.013350 -0.013218 0.000143 911
-14.600164 -19.144862 -23.513420 -1.327997 -1.315269 -0.003286 -0.013350 -0.013218 0.000143 912
-14.901384 -19.490218 -23.625116 -1.327997 -1.315269 -0.003286 -0.013350 -0.013218 0.000143 913
-15.203683 -19.836854 -23.734662 -1.327997 -1.315269 -0.003286 -0.013350 -0.013218 0.000143 914
-15.507024 -20.184728 -23.842023 -1.327997 -1.315269 -0.003286 -0.013350 -0.013218 0.000143 915
-15.811373 -20.533802 -23.947164 -1.327997 -1.315269 -0.003286 -0.013350 -0.013218 0.000143 916
-16.116692 -20.884033 -24.050053 -1.327997 -1.315269 -0.003286 -0.013350 -0.013218 0.000143 917
-16.422945 -21.235381 -24.150654 -1.327997 -1.315269 -0.003286 -0.013350 -0.013218 0.000143 918
-16.730095 -21.587805 -24.248934 -1.327997 -1.315269 -0.003286 -0.013350 -0.013218 0.000143 919
-17.038105 -21.941261 -24.344859 -1.327997 -1.315269 -0.003286 -0.013350 -0.013218 0.000143 920
-17.346936 -22.295708 -24.438397 -1.327997 -1.315269 -0.003286 -0.013350 -0.013218 0.000143 921
-17.656551 -22.651104 -24.529515 -1.327997 -1.315269 -0.003286 -0.013350 -0.013218 0.000143 922
-17.966910 -23.007404 -24.618179 -1.327997 -1.315269 -0.003286 -0.013350 -0.013218 0.000143 923
-18.277977 -23.364565 -24.704357 -1.327997 -1.315269 -0.003286 -0.013350 -0.013218 0.000143 924
-18.589710 -23.722544 -24.788016 -1.327997 -1.315269 -0.003286 -0.013350 -0.013218 0.000143 925
-18.902072 -24.081295 -24.869126 -1.327997 -1.315269 -0.003286 -0.013350 -0.013218 0.000143 926
-19.215022 -24.440775 -24.947654 -1.327997 -1.315269 -0.003286 -0.013350 -0.013218 0.000143 927
-19.528521 -24.800939 -25.023568 -1.327997 -1.315269 -0.003286 -0.013350 -0.013218 0.000143 928
-19.842529 -25.161741 -25.096837 -1.327997 -1.315269 -0.003286 -0.013350 -0.013218 0.000143 929
-20.157004 -25.523136 -25.167432 -1.327997 -1.315269 -0.003286 -0.013350 -0.013218 0.000143 930
-20.471908 -25.885077 -25.235320 -1.327997 -1.315269 -0.003286 -0.013350 -0.013218 0.000143 931
-20.787199 -26.247519 -25.300472 -1.327997 -1.315269 -0.003286 -0.013350 -0.013218 0.000143 932
-21.102835 -26.610416 -25.362858 -1.327997 -1.315269 -0.003286 -0.013350 -0.013218 0.000143 933
-21.418777 -26.973720 -25.422448 -1.327997 -1.315269 -0.003286 -0.013350 -0.013218 0.000143 934
-21.734982 -27.337385 -25.479213 -1.327997 -1.315269 -0.003286 -0.013350 -0.013218 0.000143 935
-22.051409 -27.701363 -25.533124 -1.327997 -1.315269 -0.003286 -0.013350 -0.013218 0.000143 936
-22.368015 -28.065608 -25.584152 -1.327997 -1.315269 -0.003286 -0.013350 -0.013218 0.000143 937
-22.684761 -28.430071 -25.632270 -1.327997 -1.315269 -0.003286 -0.013350 -0.013218 0.000143 938
-23.001602 -28.794705 -25.677449 -1.327997 -1.315269 -0.003286 -0.013350 -0.013218 0.000143 939
-23.318497 -29.159462 -25.719661 -1.327997 -1.315269 -0.003286 -0.013350 -0.013218 0.000143 940
-23.635404 -29.524293 -25.758881 -1.327997 -1.315269 -0.003286 -0.013350 -0.013218 0.000143 941
-23.952280 -29.889151 -25.795080 -1.327997 -1.315269 -0.003286 -0.013350 -0.013218 0.000143 942
-24.269083 -30.253986 -25.828232 -1.327997 -1.315269 -0.003286 -0.013350 -0.013218 0.000143 943
-24.585770 -30.618751 -25.858312 -1.327997 -1.315269 -0.003286 -0.013350 -0.013218 0.000143 944
-24.902298 -30.983396 -25.885294 -1.327997 -1.315269 -0.003286 -0.013350 -0.013218 0.000143 945
-25.218625 -31.347872 -25.909153 -1.327997 -1.315269 -0.003286 -0.013350 -0.013218 0.000143 946
-25.534708 -31.712131 -25.929863 -1.327997 -1.315269 -0.003286 -0.013350 -0.013218 0.000143 947
-25.850503 -32.076123 -25.947400 -1.327997 -1.315269 -0.003286 -0.013350 -0.013218 0.000143 948
-26.165968 -32.439799 -25.961741 -1.327997 -1.315269 -0.003286 -0.013350 -0.013218 0.000143 949
-26.481060 -32.803110 -25.972862 -1.327997 -1.315269 -0.003286 -0.013350 -0.013218 0.000143 950
-26.795736 -33.166006 -25.980738 -1.327997 -1.315269 -0.003286 -0.013350 -0.013218 0.000143 951
-27.109952 -33.528439 -25.985349 -1.327997 -1.315269 -0.003286 -0.013350 -0.013218 0.000143 952
-27.423666 -33.890358 -25.986671 -1.327997 -1.315269 -0.003286 -0.013350 -0.013218 0.000143 953
-27.736835 -34.251714 -25.984683 -1.327997 -1.315269 -0.003286 -0.013350 -0.013218 0.000143 954
-28.049415 -34.612458 -25.979363 -1.327997 -1.315269 -0.003286 -0.013350 -0.013218 0.000143 955
-28.361364 -34.972540 -25.970689 -1.327997 -1.315269 -0.003286 -0.013350 -0.013218 0.000143 956
-28.672639 -35.331910 -25.958642 -1.327997 -1.315269 -0.003286 -0.013350 -0.013218 0.000143 957
-28.983196 -35.690520 -25.943201 -1.327997 -1.315269 -0.003286 -0.013350 -0.013218 0.000143 958
-29.292993 -36.048320 -25.924347 -1.327997 -1.315269 -0.003286 -0.013350 -0.013218 0.000143 959
-29.601987 -36.405259 -25.902059 -1.327997 -1.315269 -0.003286 -0.013350 -0.013218 0.000143 960
-29.910135 -36.761290 -25.876320 -1.327997 -1.315269 -0.003286 -0.013350 -0.013218 0.000143 961
-30.217395 -37.116362 -25.847111 -1.327997 -1.315269 -0.003286 -0.013350 -0.013218 0.000143 962
-30.523724 -37.470426 -25.814414 -1.327997 -1.315269 -0.003286 -0.013350 -0.013218 0.000143 963
-30.829080 -37.823433 -25.778211 -1.327997 -1.315269 -0.003286 -0.013350 -0.013218 0.000143 964
-31.133420 -38.175334 -25.738485 -1.327997 -1.315269 -0.003286 -0.013350 -0.013218 0.000143 965
-31.436701 -38.526080 -25.695221 -1.327997 -1.315269 -0.003286 -0.013350 -0.013218 0.000143 966
-31.738883 -38.875622 -25.648400 -1.327997 -1.315269 -0.003286 -0.013350 -0.013218 0.000143 967
-32.039922 -39.223912 -25.598009 -1.327997 -1.315269 -0.003286 -0.013350 -0.013218 0.000143 968
-32.339777 -39.570899 -25.544032 -1.327997 -1.315269 -0.003286 -0.013350 -0.013218 0.000143 969
-32.638407 -39.916537 -25.486453 -1.327997 -1.315269 -0.003286 -0.013350 -0.013218 0.000143 970
-32.935769 -40.260776 -25.425259 -1.327997 -1.315269 -0.003286 -0.013350 -0.013218 0.000143 971
-33.231822 -40.603569 -25.360435 -1.327997 -1.315269 -0.003286 -0.013350 -0.013218 0.000143 972
-33.526525 -40.944867 -25.291969 -1.327997 -1.315269 -0.003286 -0.013350 -0.013218 0.000143 973
-33.819837 -41.284622 -25.219847 -1.327997 -1.315269 -0.003286 -0.013350 -0.013218 0.000143 974
-34.111717 -41.622787 -25.144057 -1.327997 -1.315269 -0.003286 -0.013350 -0.013218 0.000143 975
-34.402124 -41.959313 -25.064586 -1.327997 -1.315269 -0.003286 -0.013350 -0.013218 0.000143 976
-34.691018 -42.294155 -24.981423 -1.327997 -1.315269 -0.003286 -0.013350 -0.013218 0.000143 977
-34.978359 -42.627264 -24.894558 -1.327997 -1.315269 -0.003286 -0.013350 -0.013218 0.000143 978
-35.264106 -42.958593 -24.803978 -1.327997 -1.315269 -0.003286 -0.013350 -0.013218 0.000143 979
-35.548220 -43.288096 -24.709675 -1.327997 -1.315269 -0.003286 -0.013350 -0.013218 0.000143 980
-35.830661 -43.615727 -24.611637 -1.327997 -1.315269 -0.003286 -0.013350 -0.013218 0.000143 981
-36.111389 -43.941438 -24.509856 -1.327997 -1.315269 -0.003286 -0.013350 -0.013218 0.000143 982
-36.390366 -44.265185 -24.404323 -1.327997 -1.315269 -0.003286 -0.013350 -0.013218 0.000143 983
-36.667552 -44.586921 -24.295029 -1.327997 -1.315269 -0.003286 -0.013350 -0.013218 0.000143 984
-36.942909 -44.906600 -24.181967 -1.327997 -1.315269 -0.003286 -0.013350 -0.013218 0.000143 985
-37.216397 -45.224177 -24.065127 -1.327997 -1.315269 -0.003286 -0.013350 -0.013218 0.000143 986
-37.487980 -45.539608 -23.944505 -1.327997 -1.315269 -0.003286 -0.013350 -0.013218 0.000143 987
-37.757619 -45.852848 -23.820091 -1.327997 -1.315269 -0.003286 -0.013350 -0.013218 0.000143 988
-38.025276 -46.163852 -23.691881 -1.327997 -1.315269 -0.003286 -0.013350 -0.013218 0.000143 989
-38.290915 -46.472575 -23.559869 -1.327997 -1.315269 -0.003286 -0.013350 -0.013218 0.000143 990
-38.554497 -46.778975 -23.424048 -1.327997 -1.315269 -0.003286 -0.013350 -0.013218 0.000143 991
-38.815985 -47.083007 -23.284414 -1.327997 -1.315269 -0.003286 -0.013350 -0.013218 0.000143 992
-39.075345 -47.384628 -23.140962 -1.327997 -1.315269 -0.003286 -0.013350 -0.013218 0.000143 993
-39.332538 -47.683796 -22.993688 -1.327997 -1.315269 -0.003286 -0.013350 -0.013218 0.000143 994
-39.587529 -47.980467 -22.842588 -1.327997 -1.315269 -0.003286 -0.013350 -0.013218 0.000143 995
-39.840282 -48.274599 -22.687659 -1.327997 -1.315269 -0.003286 -0.013350 -0.013218 0.000143 996
-40.090762 -48.566149 -22.528898 -1.327997 -1.315269 -0.003286 -0.013350 -0.013218 0.000143 997
-40.338933 -48.855078 -22.366301 -1.327997 -1.315269 -0.003286 -0.013350 -0.013218 0.000143 998
-40.584762 -49.141342 -22.199867 -1.327997 -1.315269 -0.003286 -0.013350 -0.013218 0.000143 999
-40.828212 -49.424901 -22.029595 -1.327997 -1.315269 -0.003286 -0.013350 -0.013218 0.000143 1000
