0.000000 0.000000 -0.000814 -0.506879 0.000008 -0.001352 -0.005094 0.000000 -0.000014 0
-0.000000 -0.000531 -0.001636 -0.506916 0.000010 -0.001352 -0.005094 0.000000 -0.000014 1
0.000000 -0.001066 -0.002461 -0.506916 0.000010 -0.001352 -0.005094 0.000000 -0.000014 2
0.000000 -0.001605 -0.003291 -0.506916 0.000010 -0.001352 -0.005094 0.000000 -0.000014 3
0.000000 -0.002149 -0.004124 -0.506916 0.000010 -0.001352 -0.005094 0.000000 -0.000014 4
0.000000 -0.002697 -0.004962 -0.506916 0.000010 -0.001352 -0.005094 0.000000 -0.000014 5
0.000000 -0.003250 -0.005803 -0.506916 0.000010 -0.001352 -0.005094 0.000000 -0.000014 6
0.000000 -0.003807 -0.006649 -0.506916 0.000010 -0.001352 -0.005094 0.000000 -0.000014 7
0.000000 -0.004369 -0.007498 -0.506916 0.000010 -0.001352 -0.005094 0.000000 -0.000014 8
0.000000 -0.004935 -0.008352 -0.506916 0.000010 -0.001352 -0.005094 0.000000 -0.000014 9
0.000000 -0.005506 -0.009210 -0.506916 0.000010 -0.001352 -0.005094 0.000000 -0.000014 10
0.000000 -0.006082 -0.010072 -0.506916 0.000010 -0.001352 -0.005094 0.000000 -0.000014 11
0.000000 -0.006662 -0.010938 -0.506916 0.000010 -0.001352 -0.005094 0.000000 -0.000014 12
0.000001 -0.007246 -0.011808 -0.506916 0.000010 -0.001352 -0.005094 0.000000 -0.000014 13
0.000001 -0.007836 -0.012682 -0.506916 0.000010 -0.001352 -0.005094 0.000000 -0.000014 14
0.000001 -0.008430 -0.013561 -0.506916 0.000010 -0.001352 -0.005094 0.000000 -0.000014 15
0.000001 -0.009029 -0.014444 -0.506916 0.000010 -0.001352 -0.005094 0.000000 -0.000014 16
0.000001 -0.009632 -0.015331 -0.506916 0.000010 -0.001352 -0.005094 0.000000 -0.000014 17
0.000001 -0.010240 -0.016222 -0.506916 0.000010 -0.001352 -0.005094 0.000000 -0.000014 18
0.000001 -0.010853 -0.017118 -0.506916 0.000010 -0.001352 -0.005094 0.000000 -0.000014 19
0.000001 -0.011471 -0.018018 -0.506916 0.000010 -0.001352 -0.005094 0.000000 -0.000014 20
0.000001 -0.012093 -0.018922 -0.506916 0.000010 -0.001352 -0.005094 0.000000 -0.000014 21
0.000002 -0.012721 -0.019831 -0.506916 0.000010 -0.001352 -0.005094 0.000000 -0.000014 22
0.000002 -0.013353 -0.020744 -0.506916 0.000010 -0.001352 -0.005094 0.000000 -0.000014 23
0.000002 -0.013990 -0.021661 -0.506916 0.000010 -0.001352 -0.005094 0.000000 -0.000014 24
0.000002 -0.014632 -0.022583 -0.506916 0.000010 -0.001352 -0.005094 0.000000 -0.000014 25
0.000002 -0.015279 -0.023510 -0.506916 0.000010 -0.001352 -0.005094 0.000000 -0.000014 26
0.000003 -0.015931 -0.024440 -0.506916 0.000010 -0.001352 -0.005094 0.000000 -0.000014 27
0.000003 -0.016588 -0.025376 -0.506916 0.000010 -0.001352 -0.005094 0.000000 -0.000014 28
0.000003 -0.017250 -0.026316 -0.506916 0.000010 -0.001352 -0.005094 0.000000 -0.000014 29
0.000003 -0.017916 -0.027260 -0.506916 0.000010 -0.001352 -0.005094 0.000000 -0.000014 30
0.000003 -0.018588 -0.028209 -0.506916 0.000010 -0.001352 -0.005094 0.000000 -0.000014 31
0.000004 -0.019265 -0.029163 -0.506916 0.000010 -0.001352 -0.005094 0.000000 -0.000014 32
0.000004 -0.019947 -0.030121 -0.506916 0.000010 -0.001352 -0.005094 0.000000 -0.000014 33
0.000004 -0.020635 -0.031084 -0.506916 0.000010 -0.001352 -0.005094 0.000000 -0.000014 34
0.000004 -0.021327 -0.032052 -0.506916 0.000010 -0.001352 -0.005094 0.000000 -0.000014 35
0.000005 -0.022025 -0.033024 -0.506916 0.000010 -0.001352 -0.005094 0.000000 -0.000014 36
0.000005 -0.022727 -0.034001 -0.506916 0.000010 -0.001352 -0.005094 0.000000 -0.000014 37
0.000005 -0.023435 -0.034983 -0.506916 0.000010 -0.001352 -0.005094 0.000000 -0.000014 38
0.000006 -0.024148 -0.035969 -0.506916 0.000010 -0.001352 -0.005094 0.000000 -0.000014 39
0.000006 -0.024867 -0.036960 -0.506916 0.000010 -0.001352 -0.005094 0.000000 -0.000014 40
0.000006 -0.025591 -0.037956 -0.506916 0.000010 -0.001352 -0.005094 0.000000 -0.000014 41
0.000007 -0.026320 -0.038957 -0.506916 0.000010 -0.001352 -0.005094 0.000000 -0.000014 42
0.000007 -0.027054 -0.039963 -0.506916 0.000010 -0.001352 -0.005094 0.000000 -0.000014 43
0.000007 -0.027794 -0.040974 -0.506916 0.000010 -0.001352 -0.005094 0.000000 -0.000014 44
0.000008 -0.028539 -0.041989 -0.506916 0.000010 -0.001352 -0.005094 0.000000 -0.000014 45
0.000008 -0.029290 -0.043010 -0.506916 0.000010 -0.001352 -0.005094 0.000000 -0.000014 46
0.000008 -0.030046 -0.044036 -0.506916 0.000010 -0.001352 -0.005094 0.000000 -0.000014 47
0.000009 -0.030807 -0.045066 -0.506916 0.000010 -0.001352 -0.005094 0.000000 -0.000014 48
0.000009 -0.031575 -0.046102 -0.506916 0.000010 -0.001352 -0.005094 0.000000 -0.000014 49
0.000010 -0.032347 -0.047142 -0.506916 0.000010 -0.001352 -0.005094 0.000000 -0.000014 50
0.000010 -0.033125 -0.048188 -0.506916 0.000010 -0.001352 -0.005094 0.000000 -0.000014 51
0.000010 -0.033909 -0.049239 -0.506916 0.000010 -0.001352 -0.005094 0.000000 -0.000014 52
0.000011 -0.034699 -0.050295 -0.506916 0.000010 -0.001352 -0.005094 0.000000 -0.000014 53
0.000011 -0.035494 -0.051356 -0.506916 0.000010 -0.001352 -0.005094 0.000000 -0.000014 54
0.000012 -0.036294 -0.052422 -0.506916 0.000010 -0.001352 -0.005094 0.000000 -0.000014 55
0.000012 -0.037101 -0.053493 -0.506916 0.000010 -0.001352 -0.005094 0.000000 -0.000014 56
0.000013 -0.037913 -0.054570 -0.506916 0.000010 -0.001352 -0.005094 0.000000 -0.000014 57
0.000013 -0.038731 -0.055652 -0.506916 0.000010 -0.001352 -0.005094 0.000000 -0.000014 58
0.000014 -0.039554 -0.056739 -0.506916 0.000010 -0.001352 -0.005094 0.000000 -0.000014 59
0.000014 -0.040384 -0.057832 -0.506916 0.000010 -0.001352 -0.005094 0.000000 -0.000014 60
0.000015 -0.041219 -0.058930 -0.506916 0.000010 -0.001352 -0.005094 0.000000 -0.000014 61
0.000015 -0.042060 -0.060033 -0.506916 0.000010 -0.001352 -0.005094 0.000000 -0.000014 62
0.000016 -0.042907 -0.061141 -0.506916 0.000010 -0.001352 -0.005094 0.000000 -0.000014 63
0.000016 -0.043760 -0.062256 -0.506916 0.000010 -0.001352 -0.005094 0.000000 -0.000014 64
0.000017 -0.044619 -0.063375 -0.506916 0.000010 -0.001352 -0.005094 0.000000 -0.000014 65
0.000017 -0.045484 -0.064500 -0.506916 0.000010 -0.001352 -0.005094 0.000000 -0.000014 66
0.000018 -0.046355 -0.065631 -0.506916 0.000010 -0.001352 -0.005094 0.000000 -0.000014 67
0.000019 -0.047232 -0.066767 -0.506916 0.000010 -0.001352 -0.005094 0.000000 -0.000014 68
0.000019 -0.048115 -0.067908 -0.506916 0.000010 -0.001352 -0.005094 0.000000 -0.000014 69
0.000020 -0.049005 -0.069056 -0.506916 0.000010 -0.001352 -0.005094 0.000000 -0.000014 70
0.000021 -0.049900 -0.070208 -0.506916 0.000010 -0.001352 -0.005094 0.000000 -0.000014 71
0.000021 -0.050801 -0.071367 -0.506916 0.000010 -0.001352 -0.005094 0.000000 -0.000014 72
0.000022 -0.051709 -0.072531 -0.506916 0.000010 -0.001352 -0.005094 0.000000 -0.000014 73
0.000022 -0.052623 -0.073701 -0.506916 0.000010 -0.001352 -0.005094 0.000000 -0.000014 74
0.000023 -0.053543 -0.074877 -0.506916 0.000010 -0.001352 -0.005094 0.000000 -0.000014 75
0.000024 -0.054470 -0.076058 -0.506916 0.000010 -0.001352 -0.005094 0.000000 -0.000014 76
0.000025 -0.055402 -0.077245 -0.506916 0.000010 -0.001352 -0.005094 0.000000 -0.000014 77
0.000025 -0.056341 -0.078438 -0.506916 0.000010 -0.001352 -0.005094 0.000000 -0.000014 78
0.000026 -0.057287 -0.079637 -0.506916 0.000010 -0.001352 -0.005094 0.000000 -0.000014 79
0.000027 -0.058239 -0.080842 -0.506916 0.000010 -0.001352 -0.005094 0.000000 -0.000014 80
0.000028 -0.059197 -0.082053 -0.506916 0.000010 -0.001352 -0.005094 0.000000 -0.000014 81
0.000028 -0.060162 -0.083270 -0.506916 0.000010 -0.001352 -0.005094 0.000000 -0.000014 82
0.000029 -0.061133 -0.084492 -0.506916 0.000010 -0.001352 -0.005094 0.000000 -0.000014 83
0.000030 -0.062111 -0.085721 -0.506916 0.000010 -0.001352 -0.005094 0.000000 -0.000014 84
0.000031 -0.063096 -0.086956 -0.506916 0.000010 -0.001352 -0.005094 0.000000 -0.000014 85
0.000031 -0.064087 -0.088197 -0.506916 0.000010 -0.001352 -0.005094 0.000000 -0.000014 86
0.000032 -0.065084 -0.089444 -0.506916 0.000010 -0.001352 -0.005094 0.000000 -0.000014 87
0.000033 -0.066089 -0.090697 -0.506916 0.000010 -0.001352 -0.005094 0.000000 -0.000014 88
0.000034 -0.067100 -0.091956 -0.506916 0.000010 -0.001352 -0.005094 0.000000 -0.000014 89
0.000035 -0.068117 -0.093221 -0.506916 0.000010 -0.001352 -0.005094 0.000000 -0.000014 90
0.000036 -0.069142 -0.094493 -0.506916 0.000010 -0.001352 -0.005094 0.000000 -0.000014 91
0.000037 -0.070173 -0.095771 -0.506916 0.000010 -0.001352 -0.005094 0.000000 -0.000014 92
0.000038 -0.071211 -0.097055 -0.506916 0.000010 -0.001352 -0.005094 0.000000 -0.000014 93
0.000038 -0.072257 -0.098346 -0.506916 0.000010 -0.001352 -0.005094 0.000000 -0.000014 94
0.000039 -0.073308 -0.099643 -0.506916 0.000010 -0.001352 -0.005094 0.000000 -0.000014 95
0.000040 -0.074367 -0.100946 -0.506916 0.000010 -0.001352 -0.005094 0.000000 -0.000014 96
0.000041 -0.075433 -0.102256 -0.506916 0.000010 -0.001352 -0.005094 0.000000 -0.000014 97
0.000042 -0.076506 -0.103573 -0.506916 0.000010 -0.001352 -0.005094 0.000000 -0.000014 98
0.000043 -0.077586 -0.104895 -0.506916 0.000010 -0.001352 -0.005094 0.000000 -0.000014 99
0.000044 -0.078673 -0.106225 -0.506916 0.000010 -0.001352 -0.005094 0.000000 -0.000014 100
0.000045 -0.079767 -0.107561 -0.506916 0.000010 -0.001352 -0.005094 0.000000 -0.000014 101
0.000046 -0.080868 -0.108903 -0.506916 0.000010 -0.001352 -0.005094 0.000000 -0.000014 102
0.000047 -0.081977 -0.110252 -0.506916 0.000010 -0.001352 -0.005094 0.000000 -0.000014 103
0.000048 -0.083092 -0.111608 -0.506916 0.000010 -0.001352 -0.005094 0.000000 -0.000014 104
0.000050 -0.084215 -0.112971 -0.506916 0.000010 -0.001352 -0.005094 0.000000 -0.000014 105
0.000051 -0.085345 -0.114340 -0.506916 0.000010 -0.001352 -0.005094 0.000000 -0.000014 106
0.000052 -0.086483 -0.115716 -0.506916 0.000010 -0.001352 -0.005094 0.000000 -0.000014 107
0.000053 -0.087628 -0.117099 -0.506916 0.000010 -0.001352 -0.005094 0.000000 -0.000014 108
0.000054 -0.088780 -0.118489 -0.506916 0.000010 -0.001352 -0.005094 0.000000 -0.000014 109
0.000055 -0.089939 -0.119885 -0.506916 0.000010 -0.001352 -0.005094 0.000000 -0.000014 110
0.000056 -0.091107 -0.121289 -0.506916 0.000010 -0.001352 -0.005094 0.000000 -0.000014 111
0.000058 -0.092281 -0.122699 -0.506916 0.000010 -0.001352 -0.005094 0.000000 -0.000014 112
0.000059 -0.093463 -0.124117 -0.506916 0.000010 -0.001352 -0.005094 0.000000 -0.000014 113
0.000060 -0.094653 -0.125541 -0.506916 0.000010 -0.001352 -0.005094 0.000000 -0.000014 114
0.000061 -0.095851 -0.126973 -0.506916 0.000010 -0.001352 -0.005094 0.000000 -0.000014 115
0.000062 -0.097056 -0.128411 -0.506916 0.000010 -0.001352 -0.005094 0.000000 -0.000014 116
0.000064 -0.098268 -0.129857 -0.506916 0.000010 -0.001352 -0.005094 0.000000 -0.000014 117
0.000065 -0.099489 -0.131310 -0.506916 0.000010 -0.001352 -0.005094 0.000000 -0.000014 118
0.000066 -0.100717 -0.132770 -0.506916 0.000010 -0.001352 -0.005094 0.000000 -0.000014 119
0.000068 -0.101953 -0.134238 -0.506916 0.000010 -0.001352 -0.005094 0.000000 -0.000014 120
0.000069 -0.103197 -0.135713 -0.506916 0.000010 -0.001352 -0.005094 0.000000 -0.000014 121
0.000070 -0.104449 -0.137195 -0.506916 0.000010 -0.001352 -0.005094 0.000000 -0.000014 122
0.000072 -0.105709 -0.138684 -0.506916 0.000010 -0.001352 -0.005094 0.000000 -0.000014 123
0.000073 -0.106976 -0.140181 -0.506916 0.000010 -0.001352 -0.005094 0.000000 -0.000014 124
0.000074 -0.108252 -0.141685 -0.506916 0.000010 -0.001352 -0.005094 0.000000 -0.000014 125
0.000076 -0.109536 -0.143197 -0.506916 0.000010 -0.001352 -0.005094 0.000000 -0.000014 126
0.000077 -0.110828 -0.144716 -0.506916 0.000010 -0.001352 -0.005094 0.000000 -0.000014 127
0.000079 -0.112128 -0.146243 -0.506916 0.000010 -0.001352 -0.005094 0.000000 -0.000014 128
0.000080 -0.113436 -0.147777 -0.506916 0.000010 -0.001352 -0.005094 0.000000 -0.000014 129
0.000082 -0.114752 -0.149319 -0.506916 0.000010 -0.001352 -0.005094 0.000000 -0.000014 130
0.000083 -0.116077 -0.150869 -0.506916 0.000010 -0.001352 -0.005094 0.000000 -0.000014 131
0.000084 -0.117410 -0.152426 -0.506916 0.000010 -0.001352 -0.005094 0.000000 -0.000014 132
0.000086 -0.118751 -0.153991 -0.506916 0.000010 -0.001352 -0.005094 0.000000 -0.000014 133
0.000088 -0.120100 -0.155564 -0.506916 0.000010 -0.001352 -0.005094 0.000000 -0.000014 134
0.000089 -0.121458 -0.157145 -0.506916 0.000010 -0.001352 -0.005094 0.000000 -0.000014 135
0.000091 -0.122825 -0.158734 -0.506916 0.000010 -0.001352 -0.005094 0.000000 -0.000014 136
0.000092 -0.124200 -0.160330 -0.506916 0.000010 -0.001352 -0.005094 0.000000 -0.000014 137
0.000094 -0.125583 -0.161935 -0.506916 0.000010 -0.001352 -0.005094 0.000000 -0.000014 138
0.000096 -0.126976 -0.163547 -0.506916 0.000010 -0.001352 -0.005094 0.000000 -0.000014 139
0.000097 -0.128376 -0.165168 -0.506916 0.000010 -0.001352 -0.005094 0.000000 -0.000014 140
0.000099 -0.129786 -0.166796 -0.506916 0.000010 -0.001352 -0.005094 0.000000 -0.000014 141
0.000101 -0.131204 -0.168433 -0.506916 0.000010 -0.001352 -0.005094 0.000000 -0.000014 142
0.000102 -0.132631 -0.170078 -0.506916 0.000010 -0.001352 -0.005094 0.000000 -0.000014 143
0.000104 -0.134066 -0.171731 -0.506916 0.000010 -0.001352 -0.005094 0.000000 -0.000014 144
0.000106 -0.135511 -0.173392 -0.506916 0.000010 -0.001352 -0.005094 0.000000 -0.000014 145
0.000107 -0.136964 -0.175062 -0.506916 0.000010 -0.001352 -0.005094 0.000000 -0.000014 146
0.000109 -0.138427 -0.176740 -0.506916 0.000010 -0.001352 -0.005094 0.000000 -0.000014 147
0.000111 -0.139898 -0.178426 -0.506916 0.000010 -0.001352 -0.005094 0.000000 -0.000014 148
0.000113 -0.141378 -0.180121 -0.506916 0.000010 -0.001352 -0.005094 0.000000 -0.000014 149
0.000115 -0.142868 -0.181824 -0.506916 0.000010 -0.001352 -0.005094 0.000000 -0.000014 150
0.000117 -0.144366 -0.183536 -0.506916 0.000010 -0.001352 -0.005094 0.000000 -0.000014 151
0.000118 -0.145874 -0.185256 -0.506916 0.000010 -0.001352 -0.005094 0.000000 -0.000014 152
0.000120 -0.147391 -0.186985 -0.506916 0.000010 -0.001352 -0.005094 0.000000 -0.000014 153
0.000122 -0.148917 -0.188723 -0.506916 0.000010 -0.001352 -0.005094 0.000000 -0.000014 154
0.000124 -0.150453 -0.190469 -0.506916 0.000010 -0.001352 -0.005094 0.000000 -0.000014 155
0.000126 -0.151998 -0.192224 -0.506916 0.000010 -0.001352 -0.005094 0.000000 -0.000014 156
0.000128 -0.153552 -0.193988 -0.506916 0.000010 -0.001352 -0.005094 0.000000 -0.000014 157
0.000130 -0.155115 -0.195760 -0.506916 0.000010 -0.001352 -0.005094 0.000000 -0.000014 158
0.000132 -0.156689 -0.197542 -0.506916 0.000010 -0.001352 -0.005094 0.000000 -0.000014 159
0.000134 -0.158271 -0.199332 -0.506916 0.000010 -0.001352 -0.005094 0.000000 -0.000014 160
0.000136 -0.159864 -0.201131 -0.506916 0.000010 -0.001352 -0.005094 0.000000 -0.000014 161
0.000138 -0.161465 -0.202939 -0.506916 0.000010 -0.001352 -0.005094 0.000000 -0.000014 162
0.000140 -0.163077 -0.204757 -0.506916 0.000010 -0.001352 -0.005094 0.000000 -0.000014 163
0.000142 -0.164698 -0.206583 -0.506916 0.000010 -0.001352 -0.005094 0.000000 -0.000014 164
0.000145 -0.166329 -0.208419 -0.506916 0.000010 -0.001352 -0.005094 0.000000 -0.000014 165
0.000147 -0.167970 -0.210264 -0.506916 0.000010 -0.001352 -0.005094 0.000000 -0.000014 166
0.000149 -0.169621 -0.212118 -0.506916 0.000010 -0.001352 -0.005094 0.000000 -0.000014 167
0.000151 -0.171282 -0.213981 -0.506916 0.000010 -0.001352 -0.005094 0.000000 -0.000014 168
0.000153 -0.172953 -0.215853 -0.506916 0.000010 -0.001352 -0.005094 0.000000 -0.000014 169
0.000156 -0.174633 -0.217735 -0.506916 0.000010 -0.001352 -0.005094 0.000000 -0.000014 170
0.000158 -0.176324 -0.219627 -0.506916 0.000010 -0.001352 -0.005094 0.000000 -0.000014 171
0.000160 -0.178025 -0.221528 -0.506916 0.000010 -0.001352 -0.005094 0.000000 -0.000014 172
0.000162 -0.179736 -0.223438 -0.506916 0.000010 -0.001352 -0.005094 0.000000 -0.000014 173
0.000165 -0.181457 -0.225358 -0.506916 0.000010 -0.001352 -0.005094 0.000000 -0.000014 174
0.000167 -0.183189 -0.227288 -0.506916 0.000010 -0.001352 -0.005094 0.000000 -0.000014 175
0.000170 -0.184931 -0.229227 -0.506916 0.000010 -0.001352 -0.005094 0.000000 -0.000014 176
0.000172 -0.186683 -0.231176 -0.506916 0.000010 -0.001352 -0.005094 0.000000 -0.000014 177
0.000174 -0.188446 -0.233135 -0.506916 0.000010 -0.001352 -0.005094 0.000000 -0.000014 178
0.000177 -0.190219 -0.235104 -0.506916 0.000010 -0.001352 -0.005094 0.000000 -0.000014 179
0.000179 -0.192003 -0.237083 -0.506916 0.000010 -0.001352 -0.005094 0.000000 -0.000014 180
0.000182 -0.193798 -0.239071 -0.506916 0.000010 -0.001352 -0.005094 0.000000 -0.000014 181
0.000184 -0.195603 -0.241070 -0.506916 0.000010 -0.001352 -0.005094 0.000000 -0.000014 182
0.000187 -0.197418 -0.243078 -0.506916 0.000010 -0.001352 -0.005094 0.000000 -0.000014 183
0.000189 -0.199245 -0.245097 -0.506916 0.000010 -0.001352 -0.005094 0.000000 -0.000014 184
0.000192 -0.201082 -0.247125 -0.506916 0.000010 -0.001352 -0.005094 0.000000 -0.000014 185
0.000195 -0.202930 -0.249164 -0.506916 0.000010 -0.001352 -0.005094 0.000000 -0.000014 186
0.000197 -0.204790 -0.251214 -0.506916 0.000010 -0.001352 -0.005094 0.000000 -0.000014 187
0.000200 -0.206660 -0.253273 -0.506916 0.000010 -0.001352 -0.005094 0.000000 -0.000014 188
0.000203 -0.208541 -0.255343 -0.506916 0.000010 -0.001352 -0.005094 0.000000 -0.000014 189
0.000205 -0.210433 -0.257423 -0.506916 0.000010 -0.001352 -0.005094 0.000000 -0.000014 190
0.000208 -0.212336 -0.259514 -0.506916 0.000010 -0.001352 -0.005094 0.000000 -0.000014 191
0.000211 -0.214251 -0.261615 -0.506916 0.000010 -0.001352 -0.005094 0.000000 -0.000014 192
0.000214 -0.216177 -0.263727 -0.506916 0.000010 -0.001352 -0.005094 0.000000 -0.000014 193
0.000216 -0.218114 -0.265849 -0.506916 0.000010 -0.001352 -0.005094 0.000000 -0.000014 194
0.000219 -0.220062 -0.267982 -0.506916 0.000010 -0.001352 -0.005094 0.000000 -0.000014 195
0.000222 -0.222022 -0.270126 -0.506916 0.000010 -0.001352 -0.005094 0.000000 -0.000014 196
0.000225 -0.223994 -0.272281 -0.506916 0.000010 -0.001352 -0.005094 0.000000 -0.000014 197
0.000228 -0.225976 -0.274446 -0.506916 0.000010 -0.001352 -0.005094 0.000000 -0.000014 198
0.000231 -0.227971 -0.276623 -0.506916 0.000010 -0.001352 -0.005094 0.000000 -0.000014 199
0.000234 -0.229977 -0.278810 -0.506916 0.000010 -0.001352 -0.005094 0.000000 -0.000014 200
0.000237 -0.231995 -0.281008 -0.506916 0.000010 -0.001352 -0.005094 0.000000 -0.000014 201
0.000240 -0.234025 -0.283218 -0.506916 0.000010 -0.001352 -0.005094 0.000000 -0.000014 202
0.000243 -0.236066 -0.285438 -0.506916 0.000010 -0.001352 -0.005094 0.000000 -0.000014 203
0.000246 -0.238120 -0.287670 -0.506916 0.000010 -0.001352 -0.005094 0.000000 -0.000014 204
0.000249 -0.240185 -0.289913 -0.506916 0.000010 -0.001352 -0.005094 0.000000 -0.000014 205
0.000252 -0.242263 -0.292167 -0.506916 0.000010 -0.001352 -0.005094 0.000000 -0.000014 206
0.000255 -0.244352 -0.294433 -0.506916 0.000010 -0.001352 -0.005094 0.000000 -0.000014 207
0.000258 -0.246454 -0.296710 -0.506916 0.000010 -0.001352 -0.005094 0.000000 -0.000014 208
0.000261 -0.248567 -0.298999 -0.506916 0.000010 -0.001352 -0.005094 0.000000 -0.000014 209
0.000265 -0.250694 -0.301299 -0.506916 0.000010 -0.001352 -0.005094 0.000000 -0.000014 210
0.000268 -0.252832 -0.303610 -0.506916 0.000010 -0.001352 -0.005094 0.000000 -0.000014 211
0.000271 -0.254983 -0.305934 -0.506916 0.000010 -0.001352 -0.005094 0.000000 -0.000014 212
0.000275 -0.257146 -0.308269 -0.506916 0.000010 -0.001352 -0.005094 0.000000 -0.000014 213
0.000278 -0.259322 -0.310616 -0.506916 0.000010 -0.001352 -0.005094 0.000000 -0.000014 214
0.000281 -0.261510 -0.312974 -0.506916 0.000010 -0.001352 -0.005094 0.000000 -0.000014 215
0.000285 -0.263711 -0.315345 -0.506916 0.000010 -0.001352 -0.005094 0.000000 -0.000014 216
0.000288 -0.265925 -0.317727 -0.506916 0.000010 -0.001352 -0.005094 0.000000 -0.000014 217
0.000292 -0.268151 -0.320122 -0.506916 0.000010 -0.001352 -0.005094 0.000000 -0.000014 218
0.000295 -0.270391 -0.322529 -0.506916 0.000010 -0.001352 -0.005094 0.000000 -0.000014 219
0.000299 -0.272643 -0.324948 -0.506916 0.000010 -0.001352 -0.005094 0.000000 -0.000014 220
0.000302 -0.274908 -0.327379 -0.506916 0.000010 -0.001352 -0.005094 0.000000 -0.000014 221
0.000306 -0.277186 -0.329822 -0.506916 0.000010 -0.001352 -0.005094 0.000000 -0.000014 222
0.000309 -0.279477 -0.332278 -0.506916 0.000010 -0.001352 -0.005094 0.000000 -0.000014 223
0.000313 -0.281782 -0.334746 -0.506916 0.000010 -0.001352 -0.005094 0.000000 -0.000014 224
0.000317 -0.284100 -0.337226 -0.506916 0.000010 -0.001352 -0.005094 0.000000 -0.000014 225
0.000320 -0.286431 -0.339719 -0.506916 0.000010 -0.001352 -0.005094 0.000000 -0.000014 226
0.000324 -0.288775 -0.342225 -0.506916 0.000010 -0.001352 -0.005094 0.000000 -0.000014 227
0.000328 -0.291133 -0.344743 -0.506916 0.000010 -0.001352 -0.005094 0.000000 -0.000014 228
0.000331 -0.293504 -0.347274 -0.506916 0.000010 -0.001352 -0.005094 0.000000 -0.000014 229
0.000335 -0.295889 -0.349818 -0.506916 0.000010 -0.001352 -0.005094 0.000000 -0.000014 230
0.000339 -0.298287 -0.352375 -0.506916 0.000010 -0.001352 -0.005094 0.000000 -0.000014 231
0.000343 -0.300700 -0.354945 -0.506916 0.000010 -0.001352 -0.005094 0.000000 -0.000014 232
0.000347 -0.303125 -0.357527 -0.506916 0.000010 -0.001352 -0.005094 0.000000 -0.000014 233
0.000351 -0.305565 -0.360123 -0.506916 0.000010 -0.001352 -0.005094 0.000000 -0.000014 234
0.000355 -0.308019 -0.362732 -0.506916 0.000010 -0.001352 -0.005094 0.000000 -0.000014 235
0.000359 -0.310487 -0.365354 -0.506916 0.000010 -0.001352 -0.005094 0.000000 -0.000014 236
0.000363 -0.312969 -0.367989 -0.506916 0.000010 -0.001352 -0.005094 0.000000 -0.000014 237
0.000367 -0.315465 -0.370638 -0.506916 0.000010 -0.001352 -0.005094 0.000000 -0.000014 238
0.000371 -0.317975 -0.373300 -0.506916 0.000010 -0.001352 -0.005094 0.000000 -0.000014 239
0.000375 -0.320499 -0.375976 -0.506916 0.000010 -0.001352 -0.005094 0.000000 -0.000014 240
0.000379 -0.323038 -0.378665 -0.506916 0.000010 -0.001352 -0.005094 0.000000 -0.000014 241
0.000383 -0.325591 -0.381367 -0.506916 0.000010 -0.001352 -0.005094 0.000000 -0.000014 242
0.000388 -0.328159 -0.384084 -0.506916 0.000010 -0.001352 -0.005094 0.000000 -0.000014 243
0.000392 -0.330741 -0.386814 -0.506916 0.000010 -0.001352 -0.005094 0.000000 -0.000014 244
0.000396 -0.333338 -0.389558 -0.506916 0.000010 -0.001352 -0.005094 0.000000 -0.000014 245
0.000401 -0.335949 -0.392316 -0.506916 0.000010 -0.001352 -0.005094 0.000000 -0.000014 246
0.000405 -0.338576 -0.395088 -0.506916 0.000010 -0.001352 -0.005094 0.000000 -0.000014 247
0.000409 -0.341217 -0.397874 -0.506916 0.000010 -0.001352 -0.005094 0.000000 -0.000014 248
0.000414 -0.343873 -0.400674 -0.506916 0.000010 -0.001352 -0.005094 0.000000 -0.000014 249
0.000418 -0.346544 -0.403488 -0.506916 0.000010 -0.001352 -0.005094 0.000000 -0.000014 250
0.000423 -0.349231 -0.406317 -0.506916 0.000010 -0.001352 -0.005094 0.000000 -0.000014 251
0.000427 -0.351932 -0.409159 -0.506916 0.000010 -0.001352 -0.005094 0.000000 -0.000014 252
0.000432 -0.354649 -0.412017 -0.506916 0.000010 -0.001352 -0.005094 0.000000 -0.000014 253
0.000436 -0.357381 -0.414888 -0.506916 0.000010 -0.001352 -0.005094 0.000000 -0.000014 254
0.000441 -0.360129 -0.417775 -0.506916 0.000010 -0.001352 -0.005094 0.000000 -0.000014 255
0.000446 -0.362892 -0.420676 -0.506916 0.000010 -0.001352 -0.005094 0.000000 -0.000014 256
0.000450 -0.365670 -0.423591 -0.506916 0.000010 -0.001352 -0.005094 0.000000 -0.000014 257
0.000455 -0.368464 -0.426522 -0.506916 0.000010 -0.001352 -0.005094 0.000000 -0.000014 258
0.000460 -0.371274 -0.429467 -0.506916 0.000010 -0.001352 -0.005094 0.000000 -0.000014 259
0.000465 -0.374100 -0.432428 -0.506916 0.000010 -0.001352 -0.005094 0.000000 -0.000014 260
0.000470 -0.376941 -0.435403 -0.506916 0.000010 -0.001352 -0.005094 0.000000 -0.000014 261
0.000474 -0.379799 -0.438393 -0.506916 0.000010 -0.001352 -0.005094 0.000000 -0.000014 262
0.000479 -0.382673 -0.441399 -0.506916 0.000010 -0.001352 -0.005094 0.000000 -0.000014 263
0.000484 -0.385562 -0.444420 -0.506916 0.000010 -0.001352 -0.005094 0.000000 -0.000014 264
0.000489 -0.388468 -0.447456 -0.506916 0.000010 -0.001352 -0.005094 0.000000 -0.000014 265
0.000494 -0.391391 -0.450508 -0.506916 0.000010 -0.001352 -0.005094 0.000000 -0.000014 266
0.000500 -0.394329 -0.453575 -0.506916 0.000010 -0.001352 -0.005094 0.000000 -0.000014 267
0.000505 -0.397284 -0.456657 -0.506916 0.000010 -0.001352 -0.005094 0.000000 -0.000014 268
0.000510 -0.400256 -0.459756 -0.506916 0.000010 -0.001352 -0.005094 0.000000 -0.000014 269
0.000515 -0.403244 -0.462870 -0.506916 0.000010 -0.001352 -0.005094 0.000000 -0.000014 270
0.000520 -0.406249 -0.466000 -0.506916 0.000010 -0.001352 -0.005094 0.000000 -0.000014 271
0.000525 -0.409271 -0.469146 -0.506916 0.000010 -0.001352 -0.005094 0.000000 -0.000014 272
0.000531 -0.412310 -0.472308 -0.506916 0.000010 -0.001352 -0.005094 0.000000 -0.000014 273
0.000536 -0.415365 -0.475485 -0.506916 0.000010 -0.001352 -0.005094 0.000000 -0.000014 274
0.000542 -0.418438 -0.478680 -0.506916 0.000010 -0.001352 -0.005094 0.000000 -0.000014 275
0.000547 -0.421528 -0.481890 -0.506916 0.000010 -0.001352 -0.005094 0.000000 -0.000014 276
0.000552 -0.424635 -0.485116 -0.506916 0.000010 -0.001352 -0.005094 0.000000 -0.000014 277
0.000558 -0.427759 -0.488360 -0.506916 0.000010 -0.001352 -0.005094 0.000000 -0.000014 278
0.000564 -0.430901 -0.491619 -0.506916 0.000010 -0.001352 -0.005094 0.000000 -0.000014 279
0.000569 -0.434060 -0.494895 -0.506916 0.000010 -0.001352 -0.005094 0.000000 -0.000014 280
0.000575 -0.437237 -0.498188 -0.506916 0.000010 -0.001352 -0.005094 0.000000 -0.000014 281
0.000580 -0.440432 -0.501497 -0.506916 0.000010 -0.001352 -0.005094 0.000000 -0.000014 282
0.000586 -0.443644 -0.504824 -0.506916 0.000010 -0.001352 -0.005094 0.000000 -0.000014 283
0.000592 -0.446874 -0.508167 -0.506916 0.000010 -0.001352 -0.005094 0.000000 -0.000014 284
0.000598 -0.450122 -0.511527 -0.506916 0.000010 -0.001352 -0.005094 0.000000 -0.000014 285
0.000604 -0.453389 -0.514905 -0.506916 0.000010 -0.001352 -0.005094 0.000000 -0.000014 286
0.000609 -0.456673 -0.518300 -0.506916 0.000010 -0.001352 -0.005094 0.000000 -0.000014 287
0.000615 -0.459976 -0.521711 -0.506916 0.000010 -0.001352 -0.005094 0.000000 -0.000014 288
0.000621 -0.463297 -0.525141 -0.506916 0.000010 -0.001352 -0.005094 0.000000 -0.000014 289
0.000627 -0.466636 -0.528587 -0.506916 0.000010 -0.001352 -0.005094 0.000000 -0.000014 290
0.000633 -0.469994 -0.532052 -0.506916 0.000010 -0.001352 -0.005094 0.000000 -0.000014 291
0.000639 -0.473370 -0.535534 -0.506916 0.000010 -0.001352 -0.005094 0.000000 -0.000014 292
0.000646 -0.476765 -0.539033 -0.506916 0.000010 -0.001352 -0.005094 0.000000 -0.000014 293
0.000652 -0.480179 -0.542551 -0.506916 0.000010 -0.001352 -0.005094 0.000000 -0.000014 294
0.000658 -0.483612 -0.546086 -0.506916 0.000010 -0.001352 -0.005094 0.000000 -0.000014 295
0.000664 -0.487064 -0.549640 -0.506916 0.000010 -0.001352 -0.005094 0.000000 -0.000014 296
0.000671 -0.490535 -0.553211 -0.506916 0.000010 -0.001352 -0.005094 0.000000 -0.000014 297
0.000677 -0.494025 -0.556801 -0.506916 0.000010 -0.001352 -0.005094 0.000000 -0.000014 298
0.000683 -0.497534 -0.560409 -0.506916 0.000010 -0.001352 -0.005094 0.000000 -0.000014 299
0.000690 -0.501063 -0.564036 -0.506916 0.000010 -0.001352 -0.005094 0.000000 -0.000014 300
0.000696 -0.504612 -0.567680 -0.506916 0.000010 -0.001352 -0.005094 0.000000 -0.000014 301
0.000703 -0.508179 -0.571344 -0.506916 0.000010 -0.001352 -0.005094 0.000000 -0.000014 302
0.000710 -0.511767 -0.575026 -0.506916 0.000010 -0.001352 -0.005094 0.000000 -0.000014 303
0.000716 -0.515374 -0.578727 -0.506916 0.000010 -0.001352 -0.005094 0.000000 -0.000014 304
0.000723 -0.519002 -0.582447 -0.506916 0.000010 -0.001352 -0.005094 0.000000 -0.000014 305
0.000730 -0.522649 -0.586186 -0.506916 0.000010 -0.001352 -0.005094 0.000000 -0.000014 306
0.000736 -0.526316 -0.589944 -0.506916 0.000010 -0.001352 -0.005094 0.000000 -0.000014 307
0.000743 -0.530004 -0.593721 -0.506916 0.000010 -0.001352 -0.005094 0.000000 -0.000014 308
0.000750 -0.533711 -0.597517 -0.506916 0.000010 -0.001352 -0.005094 0.000000 -0.000014 309
0.000757 -0.537440 -0.601333 -0.506916 0.000010 -0.001352 -0.005094 0.000000 -0.000014 310
0.000764 -0.541188 -0.605168 -0.506916 0.000010 -0.001352 -0.005094 0.000000 -0.000014 311
0.000771 -0.544958 -0.609023 -0.506916 0.000010 -0.001352 -0.005094 0.000000 -0.000014 312
0.000778 -0.548748 -0.612897 -0.506916 0.000010 -0.001352 -0.005094 0.000000 -0.000014 313
0.000785 -0.552559 -0.616792 -0.506916 0.000010 -0.001352 -0.005094 0.000000 -0.000014 314
0.000792 -0.556390 -0.620706 -0.506916 0.000010 -0.001352 -0.005094 0.000000 -0.000014 315
0.000800 -0.560243 -0.624640 -0.506916 0.000010 -0.001352 -0.005094 0.000000 -0.000014 316
0.000807 -0.564117 -0.628594 -0.506916 0.000010 -0.001352 -0.005094 0.000000 -0.000014 317
0.000814 -0.568013 -0.632569 -0.506916 0.000010 -0.001352 -0.005094 0.000000 -0.000014 318
0.000822 -0.571929 -0.636563 -0.506916 0.000010 -0.001352 -0.005094 0.000000 -0.000014 319
0.000829 -0.575867 -0.640578 -0.506916 0.000010 -0.001352 -0.005094 0.000000 -0.000014 320
0.000836 -0.579827 -0.644614 -0.506916 0.000010 -0.001352 -0.005094 0.000000 -0.000014 321
0.000844 -0.583809 -0.648670 -0.506916 0.000010 -0.001352 -0.005094 0.000000 -0.000014 322
0.000852 -0.587812 -0.652747 -0.506916 0.000010 -0.001352 -0.005094 0.000000 -0.000014 323
0.000859 -0.591837 -0.656845 -0.506916 0.000010 -0.001352 -0.005094 0.000000 -0.000014 324
0.000867 -0.595884 -0.660964 -0.506916 0.000010 -0.001352 -0.005094 0.000000 -0.000014 325
0.000875 -0.599954 -0.665104 -0.506916 0.000010 -0.001352 -0.005094 0.000000 -0.000014 326
0.000882 -0.604045 -0.669265 -0.506916 0.000010 -0.001352 -0.005094 0.000000 -0.000014 327
0.000890 -0.608159 -0.673447 -0.506916 0.000010 -0.001352 -0.005094 0.000000 -0.000014 328
0.000898 -0.612296 -0.677650 -0.506916 0.000010 -0.001352 -0.005094 0.000000 -0.000014 329
0.000906 -0.616455 -0.681876 -0.506916 0.000010 -0.001352 -0.005094 0.000000 -0.000014 330
0.000914 -0.620637 -0.686122 -0.506916 0.000010 -0.001352 -0.005094 0.000000 -0.000014 331
0.000922 -0.624841 -0.690391 -0.506916 0.000010 -0.001352 -0.005094 0.000000 -0.000014 332
0.000930 -0.629069 -0.694681 -0.506916 0.000010 -0.001352 -0.005094 0.000000 -0.000014 333
0.000938 -0.633320 -0.698993 -0.506916 0.000010 -0.001352 -0.005094 0.000000 -0.000014 334
0.000947 -0.637594 -0.703328 -0.506916 0.000010 -0.001352 -0.005094 0.000000 -0.000014 335
0.000955 -0.641891 -0.707684 -0.506916 0.000010 -0.001352 -0.005094 0.000000 -0.000014 336
0.000963 -0.646212 -0.712063 -0.506916 0.000010 -0.001352 -0.005094 0.000000 -0.000014 337
0.000972 -0.650556 -0.716464 -0.506916 0.000010 -0.001352 -0.005094 0.000000 -0.000014 338
0.000980 -0.654924 -0.720888 -0.506916 0.000010 -0.001352 -0.005094 0.000000 -0.000014 339
0.000989 -0.659316 -0.725334 -0.506916 0.000010 -0.001352 -0.005094 0.000000 -0.000014 340
0.000997 -0.663731 -0.729803 -0.506916 0.000010 -0.001352 -0.005094 0.000000 -0.000014 341
0.001006 -0.668171 -0.734295 -0.506916 0.000010 -0.001352 -0.005094 0.000000 -0.000014 342
0.001014 -0.672635 -0.738810 -0.506916 0.000010 -0.001352 -0.005094 0.000000 -0.000014 343
0.001023 -0.677123 -0.743348 -0.506916 0.000010 -0.001352 -0.005094 0.000000 -0.000014 344
0.001032 -0.681636 -0.747910 -0.506916 0.000010 -0.001352 -0.005094 0.000000 -0.000014 345
0.001041 -0.686173 -0.752494 -0.506916 0.000010 -0.001352 -0.005094 0.000000 -0.000014 346
0.001050 -0.690735 -0.757103 -0.506916 0.000010 -0.001352 -0.005094 0.000000 -0.000014 347
0.001059 -0.695322 -0.761734 -0.506916 0.000010 -0.001352 -0.005094 0.000000 -0.000014 348
0.001068 -0.699933 -0.766390 -0.506916 0.000010 -0.001352 -0.005094 0.000000 -0.000014 349
0.001077 -0.704570 -0.771069 -0.506916 0.000010 -0.001352 -0.005094 0.000000 -0.000014 350
0.001086 -0.709232 -0.775773 -0.506916 0.000010 -0.001352 -0.005094 0.000000 -0.000014 351
0.001095 -0.713919 -0.780500 -0.506916 0.000010 -0.001352 -0.005094 0.000000 -0.000014 352
0.001104 -0.718632 -0.785252 -0.506916 0.000010 -0.001352 -0.005094 0.000000 -0.000014 353
0.001114 -0.723370 -0.790028 -0.506916 0.000010 -0.001352 -0.005094 0.000000 -0.000014 354
0.001123 -0.728134 -0.794829 -0.506916 0.000010 -0.001352 -0.005094 0.000000 -0.000014 355
0.001132 -0.732924 -0.799654 -0.506916 0.000010 -0.001352 -0.005094 0.000000 -0.000014 356
0.001142 -0.737740 -0.804504 -0.506916 0.000010 -0.001352 -0.005094 0.000000 -0.000014 357
0.001152 -0.742582 -0.809379 -0.506916 0.000010 -0.001352 -0.005094 0.000000 -0.000014 358
0.001161 -0.747450 -0.814278 -0.506916 0.000010 -0.001352 -0.005094 0.000000 -0.000014 359
0.001171 -0.752345 -0.819203 -0.506916 0.000010 -0.001352 -0.005094 0.000000 -0.000014 360
0.001181 -0.757266 -0.824154 -0.506916 0.000010 -0.001352 -0.005094 0.000000 -0.000014 361
0.001190 -0.762213 -0.829129 -0.506916 0.000010 -0.001352 -0.005094 0.000000 -0.000014 362
0.001200 -0.767188 -0.834130 -0.506916 0.000010 -0.001352 -0.005094 0.000000 -0.000014 363
0.001210 -0.772190 -0.839157 -0.506916 0.000010 -0.001352 -0.005094 0.000000 -0.000014 364
0.001220 -0.777218 -0.844210 -0.506916 0.000010 -0.001352 -0.005094 0.000000 -0.000014 365
0.001230 -0.782274 -0.849288 -0.506916 0.000010 -0.001352 -0.005094 0.000000 -0.000014 366
0.001241 -0.787357 -0.854393 -0.506916 0.000010 -0.001352 -0.005094 0.000000 -0.000014 367
0.001251 -0.792468 -0.859524 -0.506916 0.000010 -0.001352 -0.005094 0.000000 -0.000014 368
0.001261 -0.797607 -0.864681 -0.506916 0.000010 -0.001352 -0.005094 0.000000 -0.000014 369
0.001271 -0.802773 -0.869864 -0.506916 0.000010 -0.001352 -0.005094 0.000000 -0.000014 370
0.001282 -0.807967 -0.875074 -0.506916 0.000010 -0.001352 -0.005094 0.000000 -0.000014 371
0.001292 -0.813189 -0.880311 -0.506916 0.000010 -0.001352 -0.005094 0.000000 -0.000014 372
0.001303 -0.818440 -0.885575 -0.506916 0.000010 -0.001352 -0.005094 0.000000 -0.000014 373
0.001313 -0.823718 -0.890866 -0.506916 0.000010 -0.001352 -0.005094 0.000000 -0.000014 374
0.001324 -0.829026 -0.896184 -0.506916 0.000010 -0.001352 -0.005094 0.000000 -0.000014 375
0.001335 -0.834362 -0.901530 -0.506916 0.000010 -0.001352 -0.005094 0.000000 -0.000014 376
0.001346 -0.839727 -0.906903 -0.506916 0.000010 -0.001352 -0.005094 0.000000 -0.000014 377
0.001357 -0.845120 -0.912303 -0.506916 0.000010 -0.001352 -0.005094 0.000000 -0.000014 378
0.001368 -0.850543 -0.917731 -0.506916 0.000010 -0.001352 -0.005094 0.000000 -0.000014 379
0.001379 -0.855996 -0.923187 -0.506916 0.000010 -0.001352 -0.005094 0.000000 -0.000014 380
0.001390 -0.861477 -0.928672 -0.506916 0.000010 -0.001352 -0.005094 0.000000 -0.000014 381
0.001401 -0.866988 -0.934184 -0.506916 0.000010 -0.001352 -0.005094 0.000000 -0.000014 382
0.001412 -0.872529 -0.939725 -0.506916 0.000010 -0.001352 -0.005094 0.000000 -0.000014 383
0.001424 -0.878100 -0.945294 -0.506916 0.000010 -0.001352 -0.005094 0.000000 -0.000014 384
0.001435 -0.883701 -0.950892 -0.506916 0.000010 -0.001352 -0.005094 0.000000 -0.000014 385
0.001446 -0.889332 -0.956518 -0.506916 0.000010 -0.001352 -0.005094 0.000000 -0.000014 386
0.001458 -0.894994 -0.962174 -0.506916 0.000010 -0.001352 -0.005094 0.000000 -0.000014 387
0.001470 -0.900685 -0.967858 -0.506916 0.000010 -0.001352 -0.005094 0.000000 -0.000014 388
0.001481 -0.906408 -0.973572 -0.506916 0.000010 -0.001352 -0.005094 0.000000 -0.000014 389
0.001493 -0.912161 -0.979316 -0.506916 0.000010 -0.001352 -0.005094 0.000000 -0.000014 390
0.001505 -0.917946 -0.985088 -0.506916 0.000010 -0.001352 -0.005094 0.000000 -0.000014 391
0.001517 -0.923761 -0.990891 -0.506916 0.000010 -0.001352 -0.005094 0.000000 -0.000014 392
0.001529 -0.929608 -0.996723 -0.506916 0.000010 -0.001352 -0.005094 0.000000 -0.000014 393
0.001541 -0.935487 -1.002586 -0.506916 0.000010 -0.001352 -0.005094 0.000000 -0.000014 394
0.001553 -0.941397 -1.008478 -0.506916 0.000010 -0.001352 -0.005094 0.000000 -0.000014 395
0.001565 -0.947338 -1.014401 -0.506916 0.000010 -0.001352 -0.005094 0.000000 -0.000014 396
0.001577 -0.953312 -1.020355 -0.506916 0.000010 -0.001352 -0.005094 0.000000 -0.000014 397
0.001590 -0.959318 -1.026339 -0.506916 0.000010 -0.001352 -0.005094 0.000000 -0.000014 398
0.001602 -0.965356 -1.032354 -0.506916 0.000010 -0.001352 -0.005094 0.000000 -0.000014 399
0.001615 -0.971427 -1.038399 -0.506916 0.000010 -0.001352 -0.005094 0.000000 -0.000014 400
0.001627 -0.977530 -1.044476 -0.506916 0.000010 -0.001352 -0.005094 0.000000 -0.000014 401
0.001640 -0.983667 -1.050585 -0.506916 0.000010 -0.001352 -0.005094 0.000000 -0.000014 402
0.001653 -0.989836 -1.056724 -0.506916 0.000010 -0.001352 -0.005094 0.000000 -0.000014 403
0.001666 -0.996038 -1.062896 -0.506916 0.000010 -0.001352 -0.005094 0.000000 -0.000014 404
0.001679 -1.002274 -1.069099 -0.506916 0.000010 -0.001352 -0.005094 0.000000 -0.000014 405
0.001692 -1.008543 -1.075334 -0.506916 0.000010 -0.001352 -0.005094 0.000000 -0.000014 406
0.001705 -1.014845 -1.081601 -0.506916 0.000010 -0.001352 -0.005094 0.000000 -0.000014 407
0.001718 -1.021182 -1.087901 -0.506916 0.000010 -0.001352 -0.005094 0.000000 -0.000014 408
0.001731 -1.027553 -1.094233 -0.506916 0.000010 -0.001352 -0.005094 0.000000 -0.000014 409
0.001744 -1.033958 -1.100598 -0.506916 0.000010 -0.001352 -0.005094 0.000000 -0.000014 410
0.001758 -1.040397 -1.106995 -0.506916 0.000010 -0.001352 -0.005094 0.000000 -0.000014 411
0.001771 -1.046871 -1.113426 -0.506916 0.000010 -0.001352 -0.005094 0.000000 -0.000014 412
0.001785 -1.053379 -1.119889 -0.506916 0.000010 -0.001352 -0.005094 0.000000 -0.000014 413
0.001799 -1.059923 -1.126386 -0.506916 0.000010 -0.001352 -0.005094 0.000000 -0.000014 414
0.001812 -1.066501 -1.132917 -0.506916 0.000010 -0.001352 -0.005094 0.000000 -0.000014 415
0.001826 -1.073115 -1.139481 -0.506916 0.000010 -0.001352 -0.005094 0.000000 -0.000014 416
0.001840 -1.079765 -1.146079 -0.506916 0.000010 -0.001352 -0.005094 0.000000 -0.000014 417
0.001854 -1.086450 -1.152711 -0.506916 0.000010 -0.001352 -0.005094 0.000000 -0.000014 418
0.001868 -1.093171 -1.159377 -0.506916 0.000010 -0.001352 -0.005094 0.000000 -0.000014 419
0.001882 -1.099927 -1.166078 -0.506916 0.000010 -0.001352 -0.005094 0.000000 -0.000014 420
0.001897 -1.106721 -1.172813 -0.506916 0.000010 -0.001352 -0.005094 0.000000 -0.000014 421
0.001911 -1.113550 -1.179583 -0.506916 0.000010 -0.001352 -0.005094 0.000000 -0.000014 422
0.001925 -1.120416 -1.186388 -0.506916 0.000010 -0.001352 -0.005094 0.000000 -0.000014 423
0.001940 -1.127319 -1.193228 -0.506916 0.000010 -0.001352 -0.005094 0.000000 -0.000014 424
0.001955 -1.134259 -1.200104 -0.506916 0.000010 -0.001352 -0.005094 0.000000 -0.000014 425
0.001969 -1.141236 -1.207015 -0.506916 0.000010 -0.001352 -0.005094 0.000000 -0.000014 426
0.001984 -1.148251 -1.213961 -0.506916 0.000010 -0.001352 -0.005094 0.000000 -0.000014 427
0.001999 -1.155303 -1.220944 -0.506916 0.000010 -0.001352 -0.005094 0.000000 -0.000014 428
0.002014 -1.162393 -1.227962 -0.506916 0.000010 -0.001352 -0.005094 0.000000 -0.000014 429
0.002029 -1.169521 -1.235017 -0.506916 0.000010 -0.001352 -0.005094 0.000000 -0.000014 430
0.002044 -1.176687 -1.242108 -0.506916 0.000010 -0.001352 -0.005094 0.000000 -0.000014 431
0.002060 -1.183891 -1.249236 -0.506916 0.000010 -0.001352 -0.005094 0.000000 -0.000014 432
0.002075 -1.191134 -1.256401 -0.506916 0.000010 -0.001352 -0.005094 0.000000 -0.000014 433
0.002090 -1.198416 -1.263603 -0.506916 0.000010 -0.001352 -0.005094 0.000000 -0.000014 434
0.002106 -1.205736 -1.270842 -0.506916 0.000010 -0.001352 -0.005094 0.000000 -0.000014 435
0.002122 -1.213096 -1.278118 -0.506916 0.000010 -0.001352 -0.005094 0.000000 -0.000014 436
0.002137 -1.220495 -1.285432 -0.506916 0.000010 -0.001352 -0.005094 0.000000 -0.000014 437
0.002153 -1.227934 -1.292784 -0.506916 0.000010 -0.001352 -0.005094 0.000000 -0.000014 438
0.002169 -1.235413 -1.300173 -0.506916 0.000010 -0.001352 -0.005094 0.000000 -0.000014 439
0.002185 -1.242931 -1.307602 -0.506916 0.000010 -0.001352 -0.005094 0.000000 -0.000014 440
0.002201 -1.250490 -1.315068 -0.506916 0.000010 -0.001352 -0.005094 0.000000 -0.000014 441
0.002217 -1.258089 -1.322573 -0.506916 0.000010 -0.001352 -0.005094 0.000000 -0.000014 442
0.002234 -1.265729 -1.330117 -0.506916 0.000010 -0.001352 -0.005094 0.000000 -0.000014 443
0.002250 -1.273410 -1.337700 -0.506916 0.000010 -0.001352 -0.005094 0.000000 -0.000014 444
0.002267 -1.281132 -1.345322 -0.506916 0.000010 -0.001352 -0.005094 0.000000 -0.000014 445
0.002283 -1.288895 -1.352983 -0.506916 0.000010 -0.001352 -0.005094 0.000000 -0.000014 446
0.002300 -1.296700 -1.360685 -0.506916 0.000010 -0.001352 -0.005094 0.000000 -0.000014 447
0.002317 -1.304546 -1.368426 -0.506916 0.000010 -0.001352 -0.005094 0.000000 -0.000014 448
0.002334 -1.312434 -1.376207 -0.506916 0.000010 -0.001352 -0.005094 0.000000 -0.000014 449
0.002351 -1.320364 -1.384028 -0.506916 0.000010 -0.001352 -0.005094 0.000000 -0.000014 450
0.002368 -1.328337 -1.391890 -0.506916 0.000010 -0.001352 -0.005094 0.000000 -0.000014 451
0.002385 -1.336353 -1.399793 -0.506916 0.000010 -0.001352 -0.005094 0.000000 -0.000014 452
0.002403 -1.344411 -1.407736 -0.506916 0.000010 -0.001352 -0.005094 0.000000 -0.000014 453
0.002420 -1.352512 -1.415721 -0.506916 0.000010 -0.001352 -0.005094 0.000000 -0.000014 454
0.002438 -1.360657 -1.423747 -0.506916 0.000010 -0.001352 -0.005094 0.000000 -0.000014 455
0.002455 -1.368845 -1.431815 -0.506916 0.000010 -0.001352 -0.005094 0.000000 -0.000014 456
0.002473 -1.377076 -1.439924 -0.506916 0.000010 -0.001352 -0.005094 0.000000 -0.000014 457
0.002491 -1.385352 -1.448076 -0.506916 0.000010 -0.001352 -0.005094 0.000000 -0.000014 458
0.002509 -1.393672 -1.456269 -0.506916 0.000010 -0.001352 -0.005094 0.000000 -0.000014 459
0.002527 -1.402036 -1.464505 -0.506916 0.000010 -0.001352 -0.005094 0.000000 -0.000014 460
0.002545 -1.410445 -1.472784 -0.506916 0.000010 -0.001352 -0.005094 0.000000 -0.000014 461
0.002563 -1.418899 -1.481106 -0.506916 0.000010 -0.001352 -0.005094 0.000000 -0.000014 462
0.002582 -1.427398 -1.489471 -0.506916 0.000010 -0.001352 -0.005094 0.000000 -0.000014 463
0.002600 -1.435943 -1.497879 -0.506916 0.000010 -0.001352 -0.005094 0.000000 -0.000014 464
0.002619 -1.444533 -1.506331 -0.506916 0.000010 -0.001352 -0.005094 0.000000 -0.000014 465
0.002638 -1.453168 -1.514827 -0.506916 0.000010 -0.001352 -0.005094 0.000000 -0.000014 466
0.002656 -1.461850 -1.523366 -0.506916 0.000010 -0.001352 -0.005094 0.000000 -0.000014 467
0.002675 -1.470579 -1.531950 -0.506916 0.000010 -0.001352 -0.005094 0.000000 -0.000014 468
0.002695 -1.479354 -1.540579 -0.506916 0.000010 -0.001352 -0.005094 0.000000 -0.000014 469
0.002714 -1.488175 -1.549252 -0.506916 0.000010 -0.001352 -0.005094 0.000000 -0.000014 470
0.002733 -1.497044 -1.557971 -0.506916 0.000010 -0.001352 -0.005094 0.000000 -0.000014 471
0.002752 -1.505960 -1.566734 -0.506916 0.000010 -0.001352 -0.005094 0.000000 -0.000014 472
0.002772 -1.514924 -1.575543 -0.506916 0.000010 -0.001352 -0.005094 0.000000 -0.000014 473
0.002792 -1.523935 -1.584398 -0.506916 0.000010 -0.001352 -0.005094 0.000000 -0.000014 474
0.002811 -1.532995 -1.593299 -0.506916 0.000010 -0.001352 -0.005094 0.000000 -0.000014 475
0.002831 -1.542103 -1.602246 -0.506916 0.000010 -0.001352 -0.005094 0.000000 -0.000014 476
0.002851 -1.551259 -1.611239 -0.506916 0.000010 -0.001352 -0.005094 0.000000 -0.000014 477
0.002871 -1.560464 -1.620279 -0.506916 0.000010 -0.001352 -0.005094 0.000000 -0.000014 478
0.002892 -1.569719 -1.629366 -0.506916 0.000010 -0.001352 -0.005094 0.000000 -0.000014 479
0.002912 -1.579022 -1.638500 -0.506916 0.000010 -0.001352 -0.005094 0.000000 -0.000014 480
0.002933 -1.588376 -1.647682 -0.506916 0.000010 -0.001352 -0.005094 0.000000 -0.000014 481
0.002953 -1.597779 -1.656912 -0.506916 0.000010 -0.001352 -0.005094 0.000000 -0.000014 482
0.002974 -1.607233 -1.666189 -0.506916 0.000010 -0.001352 -0.005094 0.000000 -0.000014 483
0.002995 -1.616736 -1.675515 -0.506916 0.000010 -0.001352 -0.005094 0.000000 -0.000014 484
0.003016 -1.626291 -1.684889 -0.506916 0.000010 -0.001352 -0.005094 0.000000 -0.000014 485
0.003037 -1.635896 -1.694311 -0.506916 0.000010 -0.001352 -0.005094 0.000000 -0.000014 486
0.003058 -1.645553 -1.703783 -0.506916 0.000010 -0.001352 -0.005094 0.000000 -0.000014 487
0.003079 -1.655261 -1.713304 -0.506916 0.000010 -0.001352 -0.005094 0.000000 -0.000014 488
0.003101 -1.665021 -1.722875 -0.506916 0.000010 -0.001352 -0.005094 0.000000 -0.000014 489
0.003122 -1.674833 -1.732495 -0.506916 0.000010 -0.001352 -0.005094 0.000000 -0.000014 490
0.003144 -1.684697 -1.742165 -0.506916 0.000010 -0.001352 -0.005094 0.000000 -0.000014 491
0.003166 -1.694614 -1.751886 -0.506916 0.000010 -0.001352 -0.005094 0.000000 -0.000014 492
0.003188 -1.704584 -1.761657 -0.506916 0.000010 -0.001352 -0.005094 0.000000 -0.000014 493
0.003210 -1.714606 -1.771479 -0.506916 0.000010 -0.001352 -0.005094 0.000000 -0.000014 494
0.003232 -1.724683 -1.781352 -0.506916 0.000010 -0.001352 -0.005094 0.000000 -0.000014 495
0.003255 -1.734813 -1.791277 -0.506916 0.000010 -0.001352 -0.005094 0.000000 -0.000014 496
0.003277 -1.744997 -1.801253 -0.506916 0.000010 -0.001352 -0.005094 0.000000 -0.000014 497
0.003300 -1.755235 -1.811281 -0.506916 0.000010 -0.001352 -0.005094 0.000000 -0.000014 498
0.003323 -1.765528 -1.821362 -0.506916 0.000010 -0.001352 -0.005094 0.000000 -0.000014 499
0.003346 -1.775875 -1.831494 -0.506916 0.000010 -0.001352 -0.005094 0.000000 -0.000014 500
0.003369 -1.786278 -1.841680 -0.506916 0.000010 -0.001352 -0.005094 0.000000 -0.000014 501
0.003392 -1.796736 -1.851919 -0.506916 0.000010 -0.001352 -0.005094 0.000000 -0.000014 502
0.003415 -1.807250 -1.862211 -0.506916 0.000010 -0.001352 -0.005094 0.000000 -0.000014 503
0.003438 -1.817820 -1.872556 -0.506916 0.000010 -0.001352 -0.005094 0.000000 -0.000014 504
0.003462 -1.828447 -1.882956 -0.506916 0.000010 -0.001352 -0.005094 0.000000 -0.000014 505
0.003486 -1.839130 -1.893409 -0.506916 0.000010 -0.001352 -0.005094 0.000000 -0.000014 506
0.003510 -1.849870 -1.903917 -0.506916 0.000010 -0.001352 -0.005094 0.000000 -0.000014 507
0.003534 -1.860667 -1.914480 -0.506916 0.000010 -0.001352 -0.005094 0.000000 -0.000014 508
0.003558 -1.871522 -1.925098 -0.506916 0.000010 -0.001352 -0.005094 0.000000 -0.000014 509
0.003582 -1.882434 -1.935772 -0.506916 0.000010 -0.001352 -0.005094 0.000000 -0.000014 510
0.003606 -1.893405 -1.946501 -0.506916 0.000010 -0.001352 -0.005094 0.000000 -0.000014 511
0.003631 -1.904434 -1.957286 -0.506916 0.000010 -0.001352 -0.005094 0.000000 -0.000014 512
0.003656 -1.915522 -1.968127 -0.506916 0.000010 -0.001352 -0.005094 0.000000 -0.000014 513
0.003681 -1.926669 -1.979025 -0.506916 0.000010 -0.001352 -0.005094 0.000000 -0.000014 514
0.003706 -1.937875 -1.989979 -0.506916 0.000010 -0.001352 -0.005094 0.000000 -0.000014 515
0.003731 -1.949142 -2.000991 -0.506916 0.000010 -0.001352 -0.005094 0.000000 -0.000014 516
0.003756 -1.960468 -2.012060 -0.506916 0.000010 -0.001352 -0.005094 0.000000 -0.000014 517
0.003781 -1.971854 -2.023187 -0.506916 0.000010 -0.001352 -0.005094 0.000000 -0.000014 518
0.003807 -1.983302 -2.034372 -0.506916 0.000010 -0.001352 -0.005094 0.000000 -0.000014 519
0.003833 -1.994810 -2.045616 -0.506916 0.000010 -0.001352 -0.005094 0.000000 -0.000014 520
0.003859 -2.006379 -2.056918 -0.506916 0.000010 -0.001352 -0.005094 0.000000 -0.000014 521
0.003885 -2.018011 -2.068279 -0.506916 0.000010 -0.001352 -0.005094 0.000000 -0.000014 522
0.003911 -2.029704 -2.079700 -0.506916 0.000010 -0.001352 -0.005094 0.000000 -0.000014 523
0.003937 -2.041459 -2.091180 -0.506916 0.000010 -0.001352 -0.005094 0.000000 -0.000014 524
0.003964 -2.053278 -2.102720 -0.506916 0.000010 -0.001352 -0.005094 0.000000 -0.000014 525
0.003990 -2.065159 -2.114321 -0.506916 0.000010 -0.001352 -0.005094 0.000000 -0.000014 526
0.004017 -2.077103 -2.125982 -0.506916 0.000010 -0.001352 -0.005094 0.000000 -0.000014 527
0.004044 -2.089111 -2.137704 -0.506916 0.000010 -0.001352 -0.005094 0.000000 -0.000014 528
0.004071 -2.101184 -2.149487 -0.506916 0.000010 -0.001352 -0.005094 0.000000 -0.000014 529
0.004098 -2.113320 -2.161332 -0.506916 0.000010 -0.001352 -0.005094 0.000000 -0.000014 530
0.004126 -2.125521 -2.173239 -0.506916 0.000010 -0.001352 -0.005094 0.000000 -0.000014 531
0.004153 -2.137787 -2.185208 -0.506916 0.000010 -0.001352 -0.005094 0.000000 -0.000014 532
0.004181 -2.150119 -2.197240 -0.506916 0.000010 -0.001352 -0.005094 0.000000 -0.000014 533
0.004209 -2.162516 -2.209334 -0.506916 0.000010 -0.001352 -0.005094 0.000000 -0.000014 534
0.004237 -2.174980 -2.221492 -0.506916 0.000010 -0.001352 -0.005094 0.000000 -0.000014 535
0.004265 -2.187509 -2.233714 -0.506916 0.000010 -0.001352 -0.005094 0.000000 -0.000014 536
0.004294 -2.200106 -2.245999 -0.506916 0.000010 -0.001352 -0.005094 0.000000 -0.000014 537
0.004322 -2.212770 -2.258349 -0.506916 0.000010 -0.001352 -0.005094 0.000000 -0.000014 538
0.004351 -2.225501 -2.270763 -0.506916 0.000010 -0.001352 -0.005094 0.000000 -0.000014 539
0.004380 -2.238300 -2.283243 -0.506916 0.000010 -0.001352 -0.005094 0.000000 -0.000014 540
0.004409 -2.251168 -2.295787 -0.506916 0.000010 -0.001352 -0.005094 0.000000 -0.000014 541
0.004438 -2.264104 -2.308398 -0.506916 0.000010 -0.001352 -0.005094 0.000000 -0.000014 542
0.004467 -2.277109 -2.321074 -0.506916 0.000010 -0.001352 -0.005094 0.000000 -0.000014 543
0.004497 -2.290183 -2.333817 -0.506916 0.000010 -0.001352 -0.005094 0.000000 -0.000014 544
0.004526 -2.303327 -2.346627 -0.506916 0.000010 -0.001352 -0.005094 0.000000 -0.000014 545
0.004556 -2.316541 -2.359504 -0.506916 0.000010 -0.001352 -0.005094 0.000000 -0.000014 546
0.004586 -2.329826 -2.372448 -0.506916 0.000010 -0.001352 -0.005094 0.000000 -0.000014 547
0.004617 -2.343181 -2.385460 -0.506916 0.000010 -0.001352 -0.005094 0.000000 -0.000014 548
0.004647 -2.356608 -2.398540 -0.506916 0.000010 -0.001352 -0.005094 0.000000 -0.000014 549
0.004678 -2.370106 -2.411689 -0.506916 0.000010 -0.001352 -0.005094 0.000000 -0.000014 550
0.004708 -2.383676 -2.424907 -0.506916 0.000010 -0.001352 -0.005094 0.000000 -0.000014 551
0.004739 -2.397319 -2.438194 -0.506916 0.000010 -0.001352 -0.005094 0.000000 -0.000014 552
0.004770 -2.411034 -2.451551 -0.506916 0.000010 -0.001352 -0.005094 0.000000 -0.000014 553
0.004802 -2.424823 -2.464978 -0.506916 0.000010 -0.001352 -0.005094 0.000000 -0.000014 554
0.004833 -2.438685 -2.478475 -0.506916 0.000010 -0.001352 -0.005094 0.000000 -0.000014 555
0.004865 -2.452621 -2.492043 -0.506916 0.000010 -0.001352 -0.005094 0.000000 -0.000014 556
0.004897 -2.466631 -2.505683 -0.506916 0.000010 -0.001352 -0.005094 0.000000 -0.000014 557
0.004929 -2.480716 -2.519394 -0.506916 0.000010 -0.001352 -0.005094 0.000000 -0.000014 558
0.004961 -2.494876 -2.533177 -0.506916 0.000010 -0.001352 -0.005094 0.000000 -0.000014 559
0.004993 -2.509112 -2.547032 -0.506916 0.000010 -0.001352 -0.005094 0.000000 -0.000014 560
0.005026 -2.523424 -2.560960 -0.506916 0.000010 -0.001352 -0.005094 0.000000 -0.000014 561
0.005058 -2.537812 -2.574962 -0.506916 0.000010 -0.001352 -0.005094 0.000000 -0.000014 562
0.005091 -2.552277 -2.589037 -0.506916 0.000010 -0.001352 -0.005094 0.000000 -0.000014 563
0.005124 -2.566819 -2.603185 -0.506916 0.000010 -0.001352 -0.005094 0.000000 -0.000014 564
0.005158 -2.581439 -2.617409 -0.506916 0.000010 -0.001352 -0.005094 0.000000 -0.000014 565
0.005191 -2.596137 -2.631707 -0.506916 0.000010 -0.001352 -0.005094 0.000000 -0.000014 566
0.005225 -2.610913 -2.646080 -0.506916 0.000010 -0.001352 -0.005094 0.000000 -0.000014 567
0.005259 -2.625768 -2.660528 -0.506916 0.000010 -0.001352 -0.005094 0.000000 -0.000014 568
0.005293 -2.640702 -2.675053 -0.506916 0.000010 -0.001352 -0.005094 0.000000 -0.000014 569
0.005327 -2.655717 -2.689654 -0.506916 0.000010 -0.001352 -0.005094 0.000000 -0.000014 570
0.005361 -2.670811 -2.704332 -0.506916 0.000010 -0.001352 -0.005094 0.000000 -0.000014 571
0.005396 -2.685986 -2.719087 -0.506916 0.000010 -0.001352 -0.005094 0.000000 -0.000014 572
0.005431 -2.701242 -2.733920 -0.506916 0.000010 -0.001352 -0.005094 0.000000 -0.000014 573
0.005466 -2.716579 -2.748831 -0.506916 0.000010 -0.001352 -0.005094 0.000000 -0.000014 574
0.005501 -2.731999 -2.763820 -0.506916 0.000010 -0.001352 -0.005094 0.000000 -0.000014 575
0.005537 -2.747500 -2.778888 -0.506916 0.000010 -0.001352 -0.005094 0.000000 -0.000014 576
0.005572 -2.763085 -2.794036 -0.506916 0.000010 -0.001352 -0.005094 0.000000 -0.000014 577
0.005608 -2.778753 -2.809263 -0.506916 0.000010 -0.001352 -0.005094 0.000000 -0.000014 578
0.005644 -2.794504 -2.824571 -0.506916 0.000010 -0.001352 -0.005094 0.000000 -0.000014 579
0.005680 -2.810340 -2.839959 -0.506916 0.000010 -0.001352 -0.005094 0.000000 -0.000014 580
0.005717 -2.826260 -2.855428 -0.506916 0.000010 -0.001352 -0.005094 0.000000 -0.000014 581
0.005753 -2.842265 -2.870979 -0.506916 0.000010 -0.001352 -0.005094 0.000000 -0.000014 582
0.005790 -2.858356 -2.886612 -0.506916 0.000010 -0.001352 -0.005094 0.000000 -0.000014 583
0.005827 -2.874533 -2.902327 -0.506916 0.000010 -0.001352 -0.005094 0.000000 -0.000014 584
0.005865 -2.890796 -2.918125 -0.506916 0.000010 -0.001352 -0.005094 0.000000 -0.000014 585
0.005902 -2.907147 -2.934006 -0.506916 0.000010 -0.001352 -0.005094 0.000000 -0.000014 586
0.005940 -2.923584 -2.949971 -0.506916 0.000010 -0.001352 -0.005094 0.000000 -0.000014 587
0.005978 -2.940110 -2.966021 -0.506916 0.000010 -0.001352 -0.005094 0.000000 -0.000014 588
0.006016 -2.956724 -2.982155 -0.506916 0.000010 -0.001352 -0.005094 0.000000 -0.000014 589
0.006054 -2.973427 -2.998374 -0.506916 0.000010 -0.001352 -0.005094 0.000000 -0.000014 590
0.006093 -2.990219 -3.014679 -0.506916 0.000010 -0.001352 -0.005094 0.000000 -0.000014 591
0.006132 -3.007101 -3.031070 -0.506916 0.000010 -0.001352 -0.005094 0.000000 -0.000014 592
0.006171 -3.024073 -3.047547 -0.506916 0.000010 -0.001352 -0.005094 0.000000 -0.000014 593
0.006210 -3.041136 -3.064112 -0.506916 0.000010 -0.001352 -0.005094 0.000000 -0.000014 594
0.006249 -3.058290 -3.080764 -0.506916 0.000010 -0.001352 -0.005094 0.000000 -0.000014 595
0.006289 -3.075537 -3.097504 -0.506916 0.000010 -0.001352 -0.005094 0.000000 -0.000014 596
0.006329 -3.092875 -3.114333 -0.506916 0.000010 -0.001352 -0.005094 0.000000 -0.000014 597
0.006369 -3.110306 -3.131250 -0.506916 0.000010 -0.001352 -0.005094 0.000000 -0.000014 598
0.006409 -3.127831 -3.148257 -0.506916 0.000010 -0.001352 -0.005094 0.000000 -0.000014 599
0.006450 -3.145449 -3.165354 -0.506916 0.000010 -0.001352 -0.005094 0.000000 -0.000014 600
0.006491 -3.163162 -3.182541 -0.506916 0.000010 -0.001352 -0.005094 0.000000 -0.000014 601
0.006532 -3.180969 -3.199819 -0.506916 0.000010 -0.001352 -0.005094 0.000000 -0.000014 602
0.006573 -3.198872 -3.217188 -0.506916 0.000010 -0.001352 -0.005094 0.000000 -0.000014 603
0.006614 -3.216871 -3.234650 -0.506916 0.000010 -0.001352 -0.005094 0.000000 -0.000014 604
0.006656 -3.234966 -3.252204 -0.506916 0.000010 -0.001352 -0.005094 0.000000 -0.000014 605
0.006698 -3.253158 -3.269851 -0.506916 0.000010 -0.001352 -0.005094 0.000000 -0.000014 606
0.006740 -3.271448 -3.287591 -0.506916 0.000010 -0.001352 -0.005094 0.000000 -0.000014 607
0.006783 -3.289835 -3.305425 -0.506916 0.000010 -0.001352 -0.005094 0.000000 -0.000014 608
0.006825 -3.308321 -3.323354 -0.506916 0.000010 -0.001352 -0.005094 0.000000 -0.000014 609
0.006868 -3.326906 -3.341377 -0.506916 0.000010 -0.001352 -0.005094 0.000000 -0.000014 610
0.006911 -3.345591 -3.359496 -0.506916 0.000010 -0.001352 -0.005094 0.000000 -0.000014 611
0.006955 -3.364376 -3.377711 -0.506916 0.000010 -0.001352 -0.005094 0.000000 -0.000014 612
0.006998 -3.383262 -3.396023 -0.506916 0.000010 -0.001352 -0.005094 0.000000 -0.000014 613
0.007042 -3.402248 -3.414432 -0.506916 0.000010 -0.001352 -0.005094 0.000000 -0.000014 614
0.007086 -3.421337 -3.432938 -0.506916 0.000010 -0.001352 -0.005094 0.000000 -0.000014 615
0.007131 -3.440528 -3.451543 -0.506916 0.000010 -0.001352 -0.005094 0.000000 -0.000014 616
0.007175 -3.459822 -3.470246 -0.506916 0.000010 -0.001352 -0.005094 0.000000 -0.000014 617
0.007220 -3.479220 -3.489049 -0.506916 0.000010 -0.001352 -0.005094 0.000000 -0.000014 618
0.007265 -3.498721 -3.507951 -0.506916 0.000010 -0.001352 -0.005094 0.000000 -0.000014 619
0.007311 -3.518328 -3.526954 -0.506916 0.000010 -0.001352 -0.005094 0.000000 -0.000014 620
0.007356 -3.538039 -3.546057 -0.506916 0.000010 -0.001352 -0.005094 0.000000 -0.000014 621
0.007402 -3.557856 -3.565262 -0.506916 0.000010 -0.001352 -0.005094 0.000000 -0.000014 622
0.007448 -3.577780 -3.584569 -0.506916 0.000010 -0.001352 -0.005094 0.000000 -0.000014 623
0.007495 -3.597811 -3.603979 -0.506916 0.000010 -0.001352 -0.005094 0.000000 -0.000014 624
0.007541 -3.617949 -3.623492 -0.506916 0.000010 -0.001352 -0.005094 0.000000 -0.000014 625
0.007588 -3.638195 -3.643108 -0.506916 0.000010 -0.001352 -0.005094 0.000000 -0.000014 626
0.007635 -3.658550 -3.662829 -0.506916 0.000010 -0.001352 -0.005094 0.000000 -0.000014 627
0.007683 -3.679015 -3.682655 -0.506916 0.000010 -0.001352 -0.005094 0.000000 -0.000014 628
0.007731 -3.699589 -3.702586 -0.506916 0.000010 -0.001352 -0.005094 0.000000 -0.000014 629
0.007778 -3.720274 -3.722623 -0.506916 0.000010 -0.001352 -0.005094 0.000000 -0.000014 630
0.007827 -3.741070 -3.742767 -0.506916 0.000010 -0.001352 -0.005094 0.000000 -0.000014 631
0.007875 -3.761978 -3.763017 -0.506916 0.000010 -0.001352 -0.005094 0.000000 -0.000014 632
0.007924 -3.782998 -3.783376 -0.506916 0.000010 -0.001352 -0.005094 0.000000 -0.000014 633
0.007973 -3.804132 -3.803843 -0.506916 0.000010 -0.001352 -0.005094 0.000000 -0.000014 634
0.008022 -3.825379 -3.824419 -0.506916 0.000010 -0.001352 -0.005094 0.000000 -0.000014 635
0.008072 -3.846740 -3.845105 -0.506916 0.000010 -0.001352 -0.005094 0.000000 -0.000014 636
0.008122 -3.868216 -3.865901 -0.506916 0.000010 -0.001352 -0.005094 0.000000 -0.000014 637
0.008172 -3.889808 -3.886808 -0.506916 0.000010 -0.001352 -0.005094 0.000000 -0.000014 638
0.008222 -3.911516 -3.907826 -0.506916 0.000010 -0.001352 -0.005094 0.000000 -0.000014 639
0.008273 -3.933341 -3.928956 -0.506916 0.000010 -0.001352 -0.005094 0.000000 -0.000014 640
0.008324 -3.955283 -3.950199 -0.506916 0.000010 -0.001352 -0.005094 0.000000 -0.000014 641
0.008375 -3.977343 -3.971556 -0.506916 0.000010 -0.001352 -0.005094 0.000000 -0.000014 642
0.008427 -3.999522 -3.993026 -0.506916 0.000010 -0.001352 -0.005094 0.000000 -0.000014 643
0.008479 -4.021821 -4.014611 -0.506916 0.000010 -0.001352 -0.005094 0.000000 -0.000014 644
0.008531 -4.044240 -4.036311 -0.506916 0.000010 -0.001352 -0.005094 0.000000 -0.000014 645
0.008583 -4.066779 -4.058127 -0.506916 0.000010 -0.001352 -0.005094 0.000000 -0.000014 646
0.008636 -4.089440 -4.080059 -0.506916 0.000010 -0.001352 -0.005094 0.000000 -0.000014 647
0.008689 -4.112224 -4.102109 -0.506916 0.000010 -0.001352 -0.005094 0.000000 -0.000014 648
0.008743 -4.135129 -4.124276 -0.506916 0.000010 -0.001352 -0.005094 0.000000 -0.000014 649
0.008796 -4.158159 -4.146562 -0.506916 0.000010 -0.001352 -0.005094 0.000000 -0.000014 650
0.008850 -4.181312 -4.168967 -0.506916 0.000010 -0.001352 -0.005094 0.000000 -0.000014 651
0.008904 -4.204591 -4.191492 -0.506916 0.000010 -0.001352 -0.005094 0.000000 -0.000014 652
0.008959 -4.227995 -4.214137 -0.506916 0.000010 -0.001352 -0.005094 0.000000 -0.000014 653
0.009014 -4.251525 -4.236903 -0.506916 0.000010 -0.001352 -0.005094 0.000000 -0.000014 654
0.009069 -4.275183 -4.259791 -0.506916 0.000010 -0.001352 -0.005094 0.000000 -0.000014 655
0.009124 -4.298968 -4.282802 -0.506916 0.000010 -0.001352 -0.005094 0.000000 -0.000014 656
0.009180 -4.322881 -4.305936 -0.506916 0.000010 -0.001352 -0.005094 0.000000 -0.000014 657
0.009236 -4.346923 -4.329194 -0.506916 0.000010 -0.001352 -0.005094 0.000000 -0.000014 658
0.009292 -4.371096 -4.352576 -0.506916 0.000010 -0.001352 -0.005094 0.000000 -0.000014 659
0.009349 -4.395399 -4.376083 -0.506916 0.000010 -0.001352 -0.005094 0.000000 -0.000014 660
0.009406 -4.419833 -4.399717 -0.506916 0.000010 -0.001352 -0.005094 0.000000 -0.000014 661
0.009463 -4.444399 -4.423477 -0.506916 0.000010 -0.001352 -0.005094 0.000000 -0.000014 662
0.009521 -4.469098 -4.447365 -0.506916 0.000010 -0.001352 -0.005094 0.000000 -0.000014 663
0.009579 -4.493931 -4.471380 -0.506916 0.000010 -0.001352 -0.005094 0.000000 -0.000014 664
0.009637 -4.518897 -4.495525 -0.506916 0.000010 -0.001352 -0.005094 0.000000 -0.000014 665
0.009696 -4.543999 -4.519799 -0.506916 0.000010 -0.001352 -0.005094 0.000000 -0.000014 666
0.009755 -4.569237 -4.544203 -0.506916 0.000010 -0.001352 -0.005094 0.000000 -0.000014 667
0.009814 -4.594611 -4.568739 -0.506916 0.000010 -0.001352 -0.005094 0.000000 -0.000014 668
0.009873 -4.620122 -4.593406 -0.506916 0.000010 -0.001352 -0.005094 0.000000 -0.000014 669
0.009933 -4.645772 -4.618205 -0.506916 0.000010 -0.001352 -0.005094 0.000000 -0.000014 670
0.009994 -4.671560 -4.643138 -0.506916 0.000010 -0.001352 -0.005094 0.000000 -0.000014 671
0.010054 -4.697488 -4.668205 -0.506916 0.000010 -0.001352 -0.005094 0.000000 -0.000014 672
0.010115 -4.723557 -4.693407 -0.506916 0.000010 -0.001352 -0.005094 0.000000 -0.000014 673
0.010176 -4.749766 -4.718744 -0.506916 0.000010 -0.001352 -0.005094 0.000000 -0.000014 674
0.010238 -4.776118 -4.744217 -0.506916 0.000010 -0.001352 -0.005094 0.000000 -0.000014 675
0.010300 -4.802612 -4.769828 -0.506916 0.000010 -0.001352 -0.005094 0.000000 -0.000014 676
0.010362 -4.829250 -4.795576 -0.506916 0.000010 -0.001352 -0.005094 0.000000 -0.000014 677
0.010425 -4.856033 -4.821463 -0.506916 0.000010 -0.001352 -0.005094 0.000000 -0.000014 678
0.010488 -4.882960 -4.847489 -0.506916 0.000010 -0.001352 -0.005094 0.000000 -0.000014 679
0.010551 -4.910034 -4.873655 -0.506916 0.000010 -0.001352 -0.005094 0.000000 -0.000014 680
0.010614 -4.937255 -4.899963 -0.506916 0.000010 -0.001352 -0.005094 0.000000 -0.000014 681
0.010679 -4.964623 -4.926412 -0.506916 0.000010 -0.001352 -0.005094 0.000000 -0.000014 682
0.010743 -4.992140 -4.953004 -0.506916 0.000010 -0.001352 -0.005094 0.000000 -0.000014 683
0.010808 -5.019806 -4.979739 -0.506916 0.000010 -0.001352 -0.005094 0.000000 -0.000014 684
0.010873 -5.047623 -5.006618 -0.506916 0.000010 -0.001352 -0.005094 0.000000 -0.000014 685
0.010938 -5.075590 -5.033642 -0.506916 0.000010 -0.001352 -0.005094 0.000000 -0.000014 686
0.011004 -5.103710 -5.060812 -0.506916 0.000010 -0.001352 -0.005094 0.000000 -0.000014 687
0.011070 -5.131982 -5.088129 -0.506916 0.000010 -0.001352 -0.005094 0.000000 -0.000014 688
0.011137 -5.160408 -5.115593 -0.506916 0.000010 -0.001352 -0.005094 0.000000 -0.000014 689
0.011203 -5.188989 -5.143206 -0.506916 0.000010 -0.001352 -0.005094 0.000000 -0.000014 690
0.011271 -5.217725 -5.170968 -0.506916 0.000010 -0.001352 -0.005094 0.000000 -0.000014 691
0.011338 -5.246618 -5.198880 -0.506916 0.000010 -0.001352 -0.005094 0.000000 -0.000014 692
0.011406 -5.275667 -5.226943 -0.506916 0.000010 -0.001352 -0.005094 0.000000 -0.000014 693
0.011475 -5.304875 -5.255157 -0.506916 0.000010 -0.001352 -0.005094 0.000000 -0.000014 694
0.011544 -5.334241 -5.283524 -0.506916 0.000010 -0.001352 -0.005094 0.000000 -0.000014 695
0.011613 -5.363768 -5.312045 -0.506916 0.000010 -0.001352 -0.005094 0.000000 -0.000014 696
0.011682 -5.393455 -5.340720 -0.506916 0.000010 -0.001352 -0.005094 0.000000 -0.000014 697
0.011752 -5.423304 -5.369550 -0.506916 0.000010 -0.001352 -0.005094 0.000000 -0.000014 698
0.011822 -5.453316 -5.398537 -0.506916 0.000010 -0.001352 -0.005094 0.000000 -0.000014 699
0.011893 -5.483491 -5.427680 -0.506916 0.000010 -0.001352 -0.005094 0.000000 -0.000014 700
0.011964 -5.513831 -5.456981 -0.506916 0.000010 -0.001352 -0.005094 0.000000 -0.000014 701
0.012036 -5.544337 -5.486442 -0.506916 0.000010 -0.001352 -0.005094 0.000000 -0.000014 702
0.012108 -5.575008 -5.516062 -0.506916 0.000010 -0.001352 -0.005094 0.000000 -0.000014 703
0.012180 -5.605847 -5.545842 -0.506916 0.000010 -0.001352 -0.005094 0.000000 -0.000014 704
0.012252 -5.636855 -5.575784 -0.506916 0.000010 -0.001352 -0.005094 0.000000 -0.000014 705
0.012326 -5.668031 -5.605889 -0.506916 0.000010 -0.001352 -0.005094 0.000000 -0.000014 706
0.012399 -5.699378 -5.636157 -0.506916 0.000010 -0.001352 -0.005094 0.000000 -0.000014 707
0.012473 -5.730897 -5.666590 -0.506916 0.000010 -0.001352 -0.005094 0.000000 -0.000014 708
0.012547 -5.762587 -5.697188 -0.506916 0.000010 -0.001352 -0.005094 0.000000 -0.000014 709
0.012622 -5.794451 -5.727952 -0.506916 0.000010 -0.001352 -0.005094 0.000000 -0.000014 710
0.012697 -5.826488 -5.758884 -0.506916 0.000010 -0.001352 -0.005094 0.000000 -0.000014 711
0.012772 -5.858701 -5.789983 -0.506916 0.000010 -0.001352 -0.005094 0.000000 -0.000014 712
0.012848 -5.891090 -5.821252 -0.506916 0.000010 -0.001352 -0.005094 0.000000 -0.000014 713
0.012925 -5.923657 -5.852691 -0.506916 0.000010 -0.001352 -0.005094 0.000000 -0.000014 714
0.013002 -5.956402 -5.884301 -0.506916 0.000010 -0.001352 -0.005094 0.000000 -0.000014 715
0.013079 -5.989325 -5.916084 -0.506916 0.000010 -0.001352 -0.005094 0.000000 -0.000014 716
0.013156 -6.022430 -5.948039 -0.506916 0.000010 -0.001352 -0.005094 0.000000 -0.000014 717
0.013234 -6.055715 -5.980169 -0.506916 0.000010 -0.001352 -0.005094 0.000000 -0.000014 718
0.013313 -6.089183 -6.012473 -0.506916 0.000010 -0.001352 -0.005094 0.000000 -0.000014 719
0.013392 -6.122835 -6.044954 -0.506916 0.000010 -0.001352 -0.005094 0.000000 -0.000014 720
0.013471 -6.156671 -6.077612 -0.506916 0.000010 -0.001352 -0.005094 0.000000 -0.000014 721
0.013551 -6.190692 -6.110449 -0.506916 0.000010 -0.001352 -0.005094 0.000000 -0.000014 722
0.013631 -6.224900 -6.143464 -0.506916 0.000010 -0.001352 -0.005094 0.000000 -0.000014 723
0.013712 -6.259296 -6.176660 -0.506916 0.000010 -0.001352 -0.005094 0.000000 -0.000014 724
0.013793 -6.293881 -6.210037 -0.506916 0.000010 -0.001352 -0.005094 0.000000 -0.000014 725
0.013875 -6.328656 -6.243597 -0.506916 0.000010 -0.001352 -0.005094 0.000000 -0.000014 726
0.013957 -6.363621 -6.277340 -0.506916 0.000010 -0.001352 -0.005094 0.000000 -0.000014 727
0.014039 -6.398779 -6.311267 -0.506916 0.000010 -0.001352 -0.005094 0.000000 -0.000014 728
0.014122 -6.434130 -6.345380 -0.506916 0.000010 -0.001352 -0.005094 0.000000 -0.000014 729
0.014205 -6.469675 -6.379680 -0.506916 0.000010 -0.001352 -0.005094 0.000000 -0.000014 730
0.014289 -6.505416 -6.414167 -0.506916 0.000010 -0.001352 -0.005094 0.000000 -0.000014 731
0.014374 -6.541354 -6.448844 -0.506916 0.000010 -0.001352 -0.005094 0.000000 -0.000014 732
0.014458 -6.577489 -6.483710 -0.506916 0.000010 -0.001352 -0.005094 0.000000 -0.000014 733
0.014544 -6.613824 -6.518768 -0.506916 0.000010 -0.001352 -0.005094 0.000000 -0.000014 734
0.014629 -6.650358 -6.554017 -0.506916 0.000010 -0.001352 -0.005094 0.000000 -0.000014 735
0.014715 -6.687094 -6.589460 -0.506916 0.000010 -0.001352 -0.005094 0.000000 -0.000014 736
0.014802 -6.724032 -6.625097 -0.506916 0.000010 -0.001352 -0.005094 0.000000 -0.000014 737
0.014889 -6.761174 -6.660930 -0.506916 0.000010 -0.001352 -0.005094 0.000000 -0.000014 738
0.014977 -6.798520 -6.696960 -0.506916 0.000010 -0.001352 -0.005094 0.000000 -0.000014 739
0.015065 -6.836073 -6.733188 -0.506916 0.000010 -0.001352 -0.005094 0.000000 -0.000014 740
0.015154 -6.873833 -6.769614 -0.506916 0.000010 -0.001352 -0.005094 0.000000 -0.000014 741
0.015243 -6.911801 -6.806241 -0.506916 0.000010 -0.001352 -0.005094 0.000000 -0.000014 742
0.015332 -6.949979 -6.843070 -0.506916 0.000010 -0.001352 -0.005094 0.000000 -0.000014 743
0.015422 -6.988368 -6.880100 -0.506916 0.000010 -0.001352 -0.005094 0.000000 -0.000014 744
0.015513 -7.026969 -6.917335 -0.506916 0.000010 -0.001352 -0.005094 0.000000 -0.000014 745
0.015604 -7.065783 -6.954775 -0.506916 0.000010 -0.001352 -0.005094 0.000000 -0.000014 746
0.015695 -7.104812 -6.992421 -0.506916 0.000010 -0.001352 -0.005094 0.000000 -0.000014 747
0.015787 -7.144057 -7.030274 -0.506916 0.000010 -0.001352 -0.005094 0.000000 -0.000014 748
0.015880 -7.183520 -7.068336 -0.506916 0.000010 -0.001352 -0.005094 0.000000 -0.000014 749
0.015973 -7.223200 -7.106608 -0.506916 0.000010 -0.001352 -0.005094 0.000000 -0.000014 750
0.016067 -7.263101 -7.145091 -0.506916 0.000010 -0.001352 -0.005094 0.000000 -0.000014 751
0.016161 -7.303222 -7.183786 -0.506916 0.000010 -0.001352 -0.005094 0.000000 -0.000014 752
0.016255 -7.343566 -7.222695 -0.506916 0.000010 -0.001352 -0.005094 0.000000 -0.000014 753
0.016351 -7.384133 -7.261819 -0.506916 0.000010 -0.001352 -0.005094 0.000000 -0.000014 754
0.016446 -7.424926 -7.301159 -0.506916 0.000010 -0.001352 -0.005094 0.000000 -0.000014 755
0.016543 -7.465945 -7.340716 -0.506916 0.000010 -0.001352 -0.005094 0.000000 -0.000014 756
0.016639 -7.507191 -7.380493 -0.506916 0.000010 -0.001352 -0.005094 0.000000 -0.000014 757
0.016737 -7.548667 -7.420489 -0.506916 0.000010 -0.001352 -0.005094 0.000000 -0.000014 758
0.016834 -7.590373 -7.460706 -0.506916 0.000010 -0.001352 -0.005094 0.000000 -0.000014 759
0.016933 -7.632310 -7.501147 -0.506916 0.000010 -0.001352 -0.005094 0.000000 -0.000014 760
0.017032 -7.674481 -7.541811 -0.506916 0.000010 -0.001352 -0.005094 0.000000 -0.000014 761
0.017131 -7.716887 -7.582701 -0.506916 0.000010 -0.001352 -0.005094 0.000000 -0.000014 762
0.017231 -7.759528 -7.623817 -0.506916 0.000010 -0.001352 -0.005094 0.000000 -0.000014 763
0.017332 -7.802407 -7.665162 -0.506916 0.000010 -0.001352 -0.005094 0.000000 -0.000014 764
0.017433 -7.845524 -7.706736 -0.506916 0.000010 -0.001352 -0.005094 0.000000 -0.000014 765
0.017534 -7.888881 -7.748540 -0.506916 0.000010 -0.001352 -0.005094 0.000000 -0.000014 766
0.017636 -7.932481 -7.790577 -0.506916 0.000010 -0.001352 -0.005094 0.000000 -0.000014 767
0.017739 -7.976323 -7.832847 -0.506916 0.000010 -0.001352 -0.005094 0.000000 -0.000014 768
0.017843 -8.020410 -7.875353 -0.506916 0.000010 -0.001352 -0.005094 0.000000 -0.000014 769
0.017947 -8.064742 -7.918095 -0.506916 0.000010 -0.001352 -0.005094 0.000000 -0.000014 770
0.018051 -8.109322 -7.961074 -0.506916 0.000010 -0.001352 -0.005094 0.000000 -0.000014 771
0.018156 -8.154152 -8.004293 -0.506916 0.000010 -0.001352 -0.005094 0.000000 -0.000014 772
0.018262 -8.199231 -8.047752 -0.506916 0.000010 -0.001352 -0.005094 0.000000 -0.000014 773
0.018368 -8.244563 -8.091454 -0.506916 0.000010 -0.001352 -0.005094 0.000000 -0.000014 774
0.018475 -8.290147 -8.135399 -0.506916 0.000010 -0.001352 -0.005094 0.000000 -0.000014 775
0.018582 -8.335987 -8.179589 -0.506916 0.000010 -0.001352 -0.005094 0.000000 -0.000014 776
0.018690 -8.382084 -8.224026 -0.506916 0.000010 -0.001352 -0.005094 0.000000 -0.000014 777
0.018799 -8.428438 -8.268711 -0.506916 0.000010 -0.001352 -0.005094 0.000000 -0.000014 778
0.018908 -8.475052 -8.313645 -0.506916 0.000010 -0.001352 -0.005094 0.000000 -0.000014 779
0.019018 -8.521928 -8.358831 -0.506916 0.000010 -0.001352 -0.005094 0.000000 -0.000014 780
0.019128 -8.569066 -8.404269 -0.506916 0.000010 -0.001352 -0.005094 0.000000 -0.000014 781
0.019239 -8.616468 -8.449961 -0.506916 0.000010 -0.001352 -0.005094 0.000000 -0.000014 782
0.019351 -8.664136 -8.495908 -0.506916 0.000010 -0.001352 -0.005094 0.000000 -0.000014 783
0.019463 -8.712072 -8.542113 -0.506916 0.000010 -0.001352 -0.005094 0.000000 -0.000014 784
0.019576 -8.760277 -8.588577 -0.506916 0.000010 -0.001352 -0.005094 0.000000 -0.000014 785
0.019689 -8.808753 -8.635301 -0.506916 0.000010 -0.001352 -0.005094 0.000000 -0.000014 786
0.019803 -8.857502 -8.682287 -0.506916 0.000010 -0.001352 -0.005094 0.000000 -0.000014 787
0.019918 -8.906524 -8.729536 -0.506916 0.000010 -0.001352 -0.005094 0.000000 -0.000014 788
0.020034 -8.955823 -8.777051 -0.506916 0.000010 -0.001352 -0.005094 0.000000 -0.000014 789
0.020150 -9.005399 -8.824832 -0.506916 0.000010 -0.001352 -0.005094 0.000000 -0.000014 790
0.020266 -9.055254 -8.872882 -0.506916 0.000010 -0.001352 -0.005094 0.000000 -0.000014 791
0.020383 -9.105390 -8.921201 -0.506916 0.000010 -0.001352 -0.005094 0.000000 -0.000014 792
0.020501 -9.155808 -8.969793 -0.506916 0.000010 -0.001352 -0.005094 0.000000 -0.000014 793
0.020620 -9.206511 -9.018658 -0.506916 0.000010 -0.001352 -0.005094 0.000000 -0.000014 794
0.020739 -9.257500 -9.067797 -0.506916 0.000010 -0.001352 -0.005094 0.000000 -0.000014 795
0.020859 -9.308777 -9.117214 -0.506916 0.000010 -0.001352 -0.005094 0.000000 -0.000014 796
0.020980 -9.360343 -9.166909 -0.506916 0.000010 -0.001352 -0.005094 0.000000 -0.000014 797
0.021101 -9.412201 -9.216884 -0.506916 0.000010 -0.001352 -0.005094 0.000000 -0.000014 798
0.021223 -9.464351 -9.267141 -0.506916 0.000010 -0.001352 -0.005094 0.000000 -0.000014 799
0.021346 -9.516797 -9.317682 -0.506916 0.000010 -0.001352 -0.005094 0.000000 -0.000014 800
0.021469 -9.569540 -9.368507 -0.506916 0.000010 -0.001352 -0.005094 0.000000 -0.000014 801
0.021593 -9.622581 -9.419621 -0.506916 0.000010 -0.001352 -0.005094 0.000000 -0.000014 802
0.021717 -9.675923 -9.471022 -0.506916 0.000010 -0.001352 -0.005094 0.000000 -0.000014 803
0.021843 -9.729567 -9.522715 -0.506916 0.000010 -0.001352 -0.005094 0.000000 -0.000014 804
0.021969 -9.783515 -9.574700 -0.506916 0.000010 -0.001352 -0.005094 0.000000 -0.000014 805
0.022095 -9.837769 -9.626980 -0.506916 0.000010 -0.001352 -0.005094 0.000000 -0.000014 806
0.022223 -9.892331 -9.679555 -0.506916 0.000010 -0.001352 -0.005094 0.000000 -0.000014 807
0.022351 -9.947203 -9.732429 -0.506916 0.000010 -0.001352 -0.005094 0.000000 -0.000014 808
0.022480 -10.002387 -9.785602 -0.506916 0.000010 -0.001352 -0.005094 0.000000 -0.000014 809
0.022609 -10.057884 -9.839077 -0.506916 0.000010 -0.001352 -0.005094 0.000000 -0.000014 810
0.022740 -10.113697 -9.892856 -0.506916 0.000010 -0.001352 -0.005094 0.000000 -0.000014 811
0.022871 -10.169828 -9.946940 -0.506916 0.000010 -0.001352 -0.005094 0.000000 -0.000014 812
0.023002 -10.226278 -10.001332 -0.506916 0.000010 -0.001352 -0.005094 0.000000 -0.000014 813
0.023135 -10.283050 -10.056032 -0.506916 0.000010 -0.001352 -0.005094 0.000000 -0.000014 814
0.023268 -10.340146 -10.111045 -0.506916 0.000010 -0.001352 -0.005094 0.000000 -0.000014 815
0.023402 -10.397567 -10.166370 -0.506916 0.000010 -0.001352 -0.005094 0.000000 -0.000014 816
0.023536 -10.455316 -10.222010 -0.506916 0.000010 -0.001352 -0.005094 0.000000 -0.000014 817
0.023672 -10.513395 -10.277968 -0.506916 0.000010 -0.001352 -0.005094 0.000000 -0.000014 818
0.023808 -10.571805 -10.334245 -0.506916 0.000010 -0.001352 -0.005094 0.000000 -0.000014 819
0.023945 -10.630550 -10.390843 -0.506916 0.000010 -0.001352 -0.005094 0.000000 -0.000014 820
0.024083 -10.689630 -10.447764 -0.506916 0.000010 -0.001352 -0.005094 0.000000 -0.000014 821
0.024221 -10.749048 -10.505010 -0.506916 0.000010 -0.001352 -0.005094 0.000000 -0.000014 822
0.024360 -10.808807 -10.562584 -0.506916 0.000010 -0.001352 -0.005094 0.000000 -0.000014 823
0.024500 -10.868908 -10.620486 -0.506916 0.000010 -0.001352 -0.005094 0.000000 -0.000014 824
0.024641 -10.929353 -10.678721 -0.506916 0.000010 -0.001352 -0.005094 0.000000 -0.000014 825
0.024782 -10.990145 -10.737289 -0.506916 0.000010 -0.001352 -0.005094 0.000000 -0.000014 826
0.024925 -11.051286 -10.796192 -0.506916 0.000010 -0.001352 -0.005094 0.000000 -0.000014 827
0.025068 -11.112779 -10.855433 -0.506916 0.000010 -0.001352 -0.005094 0.000000 -0.000014 828
0.025212 -11.174624 -10.915015 -0.506916 0.000010 -0.001352 -0.005094 0.000000 -0.000014 829
0.025356 -11.236825 -10.974938 -0.506916 0.000010 -0.001352 -0.005094 0.000000 -0.000014 830
0.025502 -11.299384 -11.035205 -0.506916 0.000010 -0.001352 -0.005094 0.000000 -0.000014 831
0.025648 -11.362303 -11.095819 -0.506916 0.000010 -0.001352 -0.005094 0.000000 -0.000014 832
0.025795 -11.425584 -11.156782 -0.506916 0.000010 -0.001352 -0.005094 0.000000 -0.000014 833
0.025943 -11.489230 -11.218096 -0.506916 0.000010 -0.001352 -0.005094 0.000000 -0.000014 834
0.026092 -11.553243 -11.279762 -0.506916 0.000010 -0.001352 -0.005094 0.000000 -0.000014 835
0.026242 -11.617626 -11.341785 -0.506916 0.000010 -0.001352 -0.005094 0.000000 -0.000014 836
0.026392 -11.682380 -11.404164 -0.506916 0.000010 -0.001352 -0.005094 0.000000 -0.000014 837
0.026543 -11.747508 -11.466904 -0.506916 0.000010 -0.001352 -0.005094 0.000000 -0.000014 838
0.026695 -11.813013 -11.530006 -0.506916 0.000010 -0.001352 -0.005094 0.000000 -0.000014 839
0.026848 -11.878896 -11.593473 -0.506916 0.000010 -0.001352 -0.005094 0.000000 -0.000014 840
0.027002 -11.945161 -11.657307 -0.506916 0.000010 -0.001352 -0.005094 0.000000 -0.000014 841
0.027157 -12.011810 -11.721510 -0.506916 0.000010 -0.001352 -0.005094 0.000000 -0.000014 842
0.027312 -12.078845 -11.786085 -0.506916 0.000010 -0.001352 -0.005094 0.000000 -0.000014 843
0.027469 -12.146269 -11.851034 -0.506916 0.000010 -0.001352 -0.005094 0.000000 -0.000014 844
0.027626 -12.214084 -11.916360 -0.506916 0.000010 -0.001352 -0.005094 0.000000 -0.000014 845
0.027784 -12.282293 -11.982064 -0.506916 0.000010 -0.001352 -0.005094 0.000000 -0.000014 846
0.027943 -12.350899 -12.048151 -0.506916 0.000010 -0.001352 -0.005094 0.000000 -0.000014 847
0.028103 -12.419903 -12.114621 -0.506916 0.000010 -0.001352 -0.005094 0.000000 -0.000014 848
0.028264 -12.489309 -12.181477 -0.506916 0.000010 -0.001352 -0.005094 0.000000 -0.000014 849
0.028425 -12.559119 -12.248723 -0.506916 0.000010 -0.001352 -0.005094 0.000000 -0.000014 850
0.028588 -12.629335 -12.316360 -0.506916 0.000010 -0.001352 -0.005094 0.000000 -0.000014 851
0.028751 -12.699961 -12.384391 -0.506916 0.000010 -0.001352 -0.005094 0.000000 -0.000014 852
0.028916 -12.770999 -12.452819 -0.506916 0.000010 -0.001352 -0.005094 0.000000 -0.000014 853
0.029081 -12.842452 -12.521646 -0.506916 0.000010 -0.001352 -0.005094 0.000000 -0.000014 854
0.029247 -12.914322 -12.590875 -0.506916 0.000010 -0.001352 -0.005094 0.000000 -0.000014 855
0.029414 -12.986613 -12.660508 -0.506916 0.000010 -0.001352 -0.005094 0.000000 -0.000014 856
0.029583 -13.059326 -12.730549 -0.506916 0.000010 -0.001352 -0.005094 0.000000 -0.000014 857
0.029752 -13.132465 -12.801000 -0.506916 0.000010 -0.001352 -0.005094 0.000000 -0.000014 858
0.029922 -13.206033 -12.871863 -0.506916 0.000010 -0.001352 -0.005094 0.000000 -0.000014 859
0.030093 -13.280032 -12.943141 -0.506916 0.000010 -0.001352 -0.005094 0.000000 -0.000014 860
0.030264 -13.354465 -13.014837 -0.506916 0.000010 -0.001352 -0.005094 0.000000 -0.000014 861
0.030437 -13.429335 -13.086955 -0.506916 0.000010 -0.001352 -0.005094 0.000000 -0.000014 862
0.030611 -13.504645 -13.159495 -0.506916 0.000010 -0.001352 -0.005094 0.000000 -0.000014 863
0.030786 -13.580398 -13.232463 -0.506916 0.000010 -0.001352 -0.005094 0.000000 -0.000014 864
0.030962 -13.656597 -13.305859 -0.506916 0.000010 -0.001352 -0.005094 0.000000 -0.000014 865
0.031138 -13.733244 -13.379687 -0.506916 0.000010 -0.001352 -0.005094 0.000000 -0.000014 866
0.031316 -13.810343 -13.453951 -0.506916 0.000010 -0.001352 -0.005094 0.000000 -0.000014 867
0.031495 -13.887897 -13.528652 -0.506916 0.000010 -0.001352 -0.005094 0.000000 -0.000014 868
0.031675 -13.965909 -13.603794 -0.506916 0.000010 -0.001352 -0.005094 0.000000 -0.000014 869
0.031855 -14.044381 -13.679380 -0.506916 0.000010 -0.001352 -0.005094 0.000000 -0.000014 870
0.032037 -14.123317 -13.755413 -0.506916 0.000010 -0.001352 -0.005094 0.000000 -0.000014 871
0.032220 -14.202720 -13.831895 -0.506916 0.000010 -0.001352 -0.005094 0.000000 -0.000014 872
0.032404 -14.282593 -13.908830 -0.506916 0.000010 -0.001352 -0.005094 0.000000 -0.000014 873
0.032588 -14.362940 -13.986221 -0.506916 0.000010 -0.001352 -0.005094 0.000000 -0.000014 874
0.032774 -14.443762 -14.064071 -0.506916 0.000010 -0.001352 -0.005094 0.000000 -0.000014 875
0.032961 -14.525065 -14.142383 -0.506916 0.000010 -0.001352 -0.005094 0.000000 -0.000014 876
0.033149 -14.606850 -14.221159 -0.506916 0.000010 -0.001352 -0.005094 0.000000 -0.000014 877
0.033338 -14.689121 -14.300404 -0.506916 0.000010 -0.001352 -0.005094 0.000000 -0.000014 878
0.033528 -14.771882 -14.380121 -0.506916 0.000010 -0.001352 -0.005094 0.000000 -0.000014 879
0.033719 -14.855135 -14.460312 -0.506916 0.000010 -0.001352 -0.005094 0.000000 -0.000014 880
0.033912 -14.938884 -14.540981 -0.506916 0.000010 -0.001352 -0.005094 0.000000 -0.000014 881
0.034105 -15.023133 -14.622131 -0.506916 0.000010 -0.001352 -0.005094 0.000000 -0.000014 882
0.034299 -15.107884 -14.703765 -0.506916 0.000010 -0.001352 -0.005094 0.000000 -0.000014 883
0.034495 -15.193142 -14.785887 -0.506916 0.000010 -0.001352 -0.005094 0.000000 -0.000014 884
0.034691 -15.278909 -14.868500 -0.506916 0.000010 -0.001352 -0.005094 0.000000 -0.000014 885
0.034889 -15.365189 -14.951607 -0.506916 0.000010 -0.001352 -0.005094 0.000000 -0.000014 886
0.035088 -15.451986 -15.035212 -0.506916 0.000010 -0.001352 -0.005094 0.000000 -0.000014 887
0.035288 -15.539302 -15.119319 -0.506916 0.000010 -0.001352 -0.005094 0.000000 -0.000014 888
0.035489 -15.627143 -15.203929 -0.506916 0.000010 -0.001352 -0.005094 0.000000 -0.000014 889
0.035691 -15.715511 -15.289048 -0.506916 0.000010 -0.001352 -0.005094 0.000000 -0.000014 890
0.035894 -15.804410 -15.374679 -0.506916 0.000010 -0.001352 -0.005094 0.000000 -0.000014 891
0.036099 -15.893843 -15.460825 -0.506916 0.000010 -0.001352 -0.005094 0.000000 -0.000014 892
0.036304 -15.983814 -15.547489 -0.506916 0.000010 -0.001352 -0.005094 0.000000 -0.000014 893
0.036511 -16.074328 -15.634676 -0.506916 0.000010 -0.001352 -0.005094 0.000000 -0.000014 894
0.036719 -16.165387 -15.722389 -0.506916 0.000010 -0.001352 -0.005094 0.000000 -0.000014 895
0.036928 -16.256996 -15.810631 -0.506916 0.000010 -0.001352 -0.005094 0.000000 -0.000014 896
0.037139 -16.349157 -15.899407 -0.506916 0.000010 -0.001352 -0.005094 0.000000 -0.000014 897
0.037350 -16.441876 -15.988719 -0.506916 0.000010 -0.001352 -0.005094 0.000000 -0.000014 898
0.037563 -16.535156 -16.078573 -0.506916 0.000010 -0.001352 -0.005094 0.000000 -0.000014 899
0.037777 -16.629001 -16.168971 -0.506916 0.000010 -0.001352 -0.005094 0.000000 -0.000014 900
0.037992 -16.723415 -16.259917 -0.506916 0.000010 -0.001352 -0.005094 0.000000 -0.000014 901
0.038208 -16.818401 -16.351416 -0.506916 0.000010 -0.001352 -0.005094 0.000000 -0.000014 902
0.038426 -16.913965 -16.443470 -0.506916 0.000010 -0.001352 -0.005094 0.000000 -0.000014 903
0.038644 -17.010109 -16.536085 -0.506916 0.000010 -0.001352 -0.005094 0.000000 -0.000014 904
0.038864 -17.106838 -16.629263 -0.506916 0.000010 -0.001352 -0.005094 0.000000 -0.000014 905
0.039086 -17.204156 -16.723010 -0.506916 0.000010 -0.001352 -0.005094 0.000000 -0.000014 906
0.039308 -17.302068 -16.817329 -0.506916 0.000010 -0.001352 -0.005094 0.000000 -0.000014 907
0.039532 -17.400577 -16.912223 -0.506916 0.000010 -0.001352 -0.005094 0.000000 -0.000014 908
0.039757 -17.499687 -17.007698 -0.506916 0.000010 -0.001352 -0.005094 0.000000 -0.000014 909
0.039983 -17.599403 -17.103757 -0.506916 0.000010 -0.001352 -0.005094 0.000000 -0.000014 910
0.040211 -17.699730 -17.200404 -0.506916 0.000010 -0.001352 -0.005094 0.000000 -0.000014 911
0.040440 -17.800671 -17.297644 -0.506916 0.000010 -0.001352 -0.005094 0.000000 -0.000014 912
0.040670 -17.902231 -17.395481 -0.506916 0.000010 -0.001352 -0.005094 0.000000 -0.000014 913
0.040901 -18.004414 -17.493920 -0.506916 0.000010 -0.001352 -0.005094 0.000000 -0.000014 914
0.041134 -18.107225 -17.592963 -0.506916 0.000010 -0.001352 -0.005094 0.000000 -0.000014 915
0.041368 -18.210668 -17.692617 -0.506916 0.000010 -0.001352 -0.005094 0.000000 -0.000014 916
0.041604 -18.314748 -17.792884 -0.506916 0.000010 -0.001352 -0.005094 0.000000 -0.000014 917
0.041841 -18.419469 -17.893771 -0.506916 0.000010 -0.001352 -0.005094 0.000000 -0.000014 918
0.042079 -18.524837 -17.995280 -0.506916 0.000010 -0.001352 -0.005094 0.000000 -0.000014 919
0.042319 -18.630854 -18.097417 -0.506916 0.000010 -0.001352 -0.005094 0.000000 -0.000014 920
0.042559 -18.737528 -18.200186 -0.506916 0.000010 -0.001352 -0.005094 0.000000 -0.000014 921
0.042802 -18.844861 -18.303592 -0.506916 0.000010 -0.001352 -0.005094 0.000000 -0.000014 922
0.043045 -18.952859 -18.407640 -0.506916 0.000010 -0.001352 -0.005094 0.000000 -0.000014 923
0.043290 -19.061526 -18.512334 -0.506916 0.000010 -0.001352 -0.005094 0.000000 -0.000014 924
0.043537 -19.170869 -18.617678 -0.506916 0.000010 -0.001352 -0.005094 0.000000 -0.000014 925
0.043785 -19.280890 -18.723678 -0.506916 0.000010 -0.001352 -0.005094 0.000000 -0.000014 926
0.044034 -19.391596 -18.830339 -0.506916 0.000010 -0.001352 -0.005094 0.000000 -0.000014 927
0.044285 -19.502992 -18.937665 -0.506916 0.000010 -0.001352 -0.005094 0.000000 -0.000014 928
0.044537 -19.615081 -19.045661 -0.506916 0.000010 -0.001352 -0.005094 0.000000 -0.000014 929
0.044790 -19.727871 -19.154332 -0.506916 0.000010 -0.001352 -0.005094 0.000000 -0.000014 930
0.045045 -19.841365 -19.263683 -0.506916 0.000010 -0.001352 -0.005094 0.000000 -0.000014 931
0.045302 -19.955569 -19.373720 -0.506916 0.000010 -0.001352 -0.005094 0.000000 -0.000014 932
0.045560 -20.070488 -19.484446 -0.506916 0.000010 -0.001352 -0.005094 0.000000 -0.000014 933
0.045819 -20.186127 -19.595868 -0.506916 0.000010 -0.001352 -0.005094 0.000000 -0.000014 934
0.046080 -20.302492 -19.707991 -0.506916 0.000010 -0.001352 -0.005094 0.000000 -0.000014 935
0.046343 -20.419588 -19.820819 -0.506916 0.000010 -0.001352 -0.005094 0.000000 -0.000014 936
0.046607 -20.537421 -19.934359 -0.506916 0.000010 -0.001352 -0.005094 0.000000 -0.000014 937
0.046872 -20.655996 -20.048615 -0.506916 0.000010 -0.001352 -0.005094 0.000000 -0.000014 938
0.047139 -20.775318 -20.163593 -0.506916 0.000010 -0.001352 -0.005094 0.000000 -0.000014 939
0.047408 -20.895394 -20.279298 -0.506916 0.000010 -0.001352 -0.005094 0.000000 -0.000014 940
0.047678 -21.016228 -20.395735 -0.506916 0.000010 -0.001352 -0.005094 0.000000 -0.000014 941
0.047949 -21.137827 -20.512911 -0.506916 0.000010 -0.001352 -0.005094 0.000000 -0.000014 942
0.048223 -21.260196 -20.630831 -0.506916 0.000010 -0.001352 -0.005094 0.000000 -0.000014 943
0.048497 -21.383341 -20.749500 -0.506916 0.000010 -0.001352 -0.005094 0.000000 -0.000014 944
0.048774 -21.507268 -20.868925 -0.506916 0.000010 -0.001352 -0.005094 0.000000 -0.000014 945
0.049052 -21.631983 -20.989110 -0.506916 0.000010 -0.001352 -0.005094 0.000000 -0.000014 946
0.049331 -21.757492 -21.110063 -0.506916 0.000010 -0.001352 -0.005094 0.000000 -0.000014 947
0.049612 -21.883800 -21.231787 -0.506916 0.000010 -0.001352 -0.005094 0.000000 -0.000014 948
0.049895 -22.010915 -21.354291 -0.506916 0.000010 -0.001352 -0.005094 0.000000 -0.000014 949
0.050180 -22.138841 -21.477579 -0.506916 0.000010 -0.001352 -0.005094 0.000000 -0.000014 950
0.050466 -22.267586 -21.601657 -0.506916 0.000010 -0.001352 -0.005094 0.000000 -0.000014 951
0.050754 -22.397156 -21.726532 -0.506916 0.000010 -0.001352 -0.005094 0.000000 -0.000014 952
0.051043 -22.527556 -21.852210 -0.506916 0.000010 -0.001352 -0.005094 0.000000 -0.000014 953
0.051334 -22.658794 -21.978698 -0.506916 0.000010 -0.001352 -0.005094 0.000000 -0.000014 954
0.051627 -22.790876 -22.106000 -0.506916 0.000010 -0.001352 -0.005094 0.000000 -0.000014 955
0.051921 -22.923808 -22.234124 -0.506916 0.000010 -0.001352 -0.005094 0.000000 -0.000014 956
0.052217 -23.057596 -22.363077 -0.506916 0.000010 -0.001352 -0.005094 0.000000 -0.000014 957
0.052515 -23.192249 -22.492864 -0.506916 0.000010 -0.001352 -0.005094 0.000000 -0.000014 958
0.052815 -23.327771 -22.623492 -0.506916 0.000010 -0.001352 -0.005094 0.000000 -0.000014 959
0.053116 -23.464171 -22.754967 -0.506916 0.000010 -0.001352 -0.005094 0.000000 -0.000014 960
0.053420 -23.601454 -22.887298 -0.506916 0.000010 -0.001352 -0.005094 0.000000 -0.000014 961
0.053724 -23.739629 -23.020489 -0.506916 0.000010 -0.001352 -0.005094 0.000000 -0.000014 962
0.054031 -23.878701 -23.154548 -0.506916 0.000010 -0.001352 -0.005094 0.000000 -0.000014 963
0.054340 -24.018678 -23.289483 -0.506916 0.000010 -0.001352 -0.005094 0.000000 -0.000014 964
0.054650 -24.159567 -23.425299 -0.506916 0.000010 -0.001352 -0.005094 0.000000 -0.000014 965
0.054962 -24.301375 -23.562004 -0.506916 0.000010 -0.001352 -0.005094 0.000000 -0.000014 966
0.055276 -24.444110 -23.699605 -0.506916 0.000010 -0.001352 -0.005094 0.000000 -0.000014 967
0.055592 -24.587779 -23.838108 -0.506916 0.000010 -0.001352 -0.005094 0.000000 -0.000014 968
0.055909 -24.732389 -23.977523 -0.506916 0.000010 -0.001352 -0.005094 0.000000 -0.000014 969
0.056229 -24.877947 -24.117855 -0.506916 0.000010 -0.001352 -0.005094 0.000000 -0.000014 970
0.056550 -25.024463 -24.259112 -0.506916 0.000010 -0.001352 -0.005094 0.000000 -0.000014 971
0.056873 -25.171942 -24.401301 -0.506916 0.000010 -0.001352 -0.005094 0.000000 -0.000014 972
0.057198 -25.320393 -24.544431 -0.506916 0.000010 -0.001352 -0.005094 0.000000 -0.000014 973
0.057525 -25.469824 -24.688508 -0.506916 0.000010 -0.001352 -0.005094 0.000000 -0.000014 974
0.057854 -25.620242 -24.833541 -0.506916 0.000010 -0.001352 -0.005094 0.000000 -0.000014 975
0.058185 -25.771656 -24.979537 -0.506916 0.000010 -0.001352 -0.005094 0.000000 -0.000014 976
0.058518 -25.924073 -25.126505 -0.506916 0.000010 -0.001352 -0.005094 0.000000 -0.000014 977
0.058853 -26.077502 -25.274451 -0.506916 0.000010 -0.001352 -0.005094 0.000000 -0.000014 978
0.059189 -26.231951 -25.423384 -0.506916 0.000010 -0.001352 -0.005094 0.000000 -0.000014 979
0.059528 -26.387429 -25.573313 -0.506916 0.000010 -0.001352 -0.005094 0.000000 -0.000014 980
0.059869 -26.543943 -25.724245 -0.506916 0.000010 -0.001352 -0.005094 0.000000 -0.000014 981
0.060212 -26.701503 -25.876189 -0.506916 0.000010 -0.001352 -0.005094 0.000000 -0.000014 982
0.060556 -26.860116 -26.029153 -0.506916 0.000010 -0.001352 -0.005094 0.000000 -0.000014 983
0.060903 -27.019792 -26.183146 -0.506916 0.000010 -0.001352 -0.005094 0.000000 -0.000014 984
0.061252 -27.180540 -26.338176 -0.506916 0.000010 -0.001352 -0.005094 0.000000 -0.000014 985
0.061603 -27.342367 -26.494252 -0.506916 0.000010 -0.001352 -0.005094 0.000000 -0.000014 986
0.061956 -27.505284 -26.651383 -0.506916 0.000010 -0.001352 -0.005094 0.000000 -0.000014 987
0.062311 -27.669300 -26.809578 -0.506916 0.000010 -0.001352 -0.005094 0.000000 -0.000014 988
0.062668 -27.834423 -26.968845 -0.506916 0.000010 -0.001352 -0.005094 0.000000 -0.000014 989
0.063028 -28.000662 -27.129193 -0.506916 0.000010 -0.001352 -0.005094 0.000000 -0.000014 990
0.063389 -28.168028 -27.290633 -0.506916 0.000010 -0.001352 -0.005094 0.000000 -0.000014 991
0.063753 -28.336529 -27.453172 -0.506916 0.000010 -0.001352 -0.005094 0.000000 -0.000014 992
0.064118 -28.506176 -27.616821 -0.506916 0.000010 -0.001352 -0.005094 0.000000 -0.000014 993
0.064486 -28.676978 -27.781589 -0.506916 0.000010 -0.001352 -0.005094 0.000000 -0.000014 994
0.064856 -28.848944 -27.947486 -0.506916 0.000010 -0.001352 -0.005094 0.000000 -0.000014 995
0.065229 -29.022086 -28.114521 -0.506916 0.000010 -0.001352 -0.005094 0.000000 -0.000014 996
0.065603 -29.196411 -28.282704 -0.506916 0.000010 -0.001352 -0.005094 0.000000 -0.000014 997
0.065980 -29.371932 -28.452045 -0.506916 0.000010 -0.001352 -0.005094 0.000000 -0.000014 998
0.066359 -29.548658 -28.622554 -0.506916 0.000010 -0.001352 -0.005094 0.000000 -0.000014 999
0.066741 -29.726599 -28.794241 -0.506916 0.000010 -0.001352 -0.005094 0.000000 -0.000014 1000
