0.000000 0.000000 0.000543 0.000000 0.000000 0.000000 0.000000 0.000000 0.000000 0
-0.000000 0.000000 0.001085 0.000000 0.000000 0.000000 0.000000 0.000000 0.000000 1
-0.000000 0.000000 0.001628 0.000000 0.000000 0.000000 0.000000 0.000000 0.000000 2
-0.000000 0.000000 0.002171 0.000000 0.000000 0.000000 0.000000 0.000000 0.000000 3
-0.000000 0.000000 0.002714 0.000000 0.000000 0.000000 0.000000 0.000000 0.000000 4
-0.000000 0.000000 0.003256 0.000000 0.000000 0.000000 0.000000 0.000000 0.000000 5
-0.000000 0.000000 0.003799 0.000000 0.000000 0.000000 0.000000 0.000000 0.000000 6
-0.000000 0.000000 0.004342 0.000000 0.000000 0.000000 0.000000 0.000000 0.000000 7
-0.000000 0.000000 0.004885 0.000000 0.000000 0.000000 0.000000 0.000000 0.000000 8
-0.000000 0.000000 0.005427 0.000000 0.000000 0.000000 0.000000 0.000000 0.000000 9
-0.000000 0.000000 0.005970 0.000000 0.000000 0.000000 0.000000 0.000000 0.000000 10
-0.000000 0.000000 0.006513 0.000000 0.000000 0.000000 0.000000 0.000000 0.000000 11
-0.000000 0.000000 0.007055 0.000000 0.000000 0.000000 0.000000 0.000000 0.000000 12
-0.000000 0.000000 0.007598 0.000000 0.000000 0.000000 0.000000 0.000000 0.000000 13
-0.000000 0.000000 0.008141 0.000000 0.000000 0.000000 0.000000 0.000000 0.000000 14
-0.000000 0.000000 0.008684 0.000000 0.000000 0.000000 0.000000 0.000000 0.000000 15
-0.000000 0.000000 0.009226 0.000000 0.000000 0.000000 0.000000 0.000000 0.000000 16
-0.000000 0.000000 0.009769 0.000000 0.000000 0.000000 0.000000 0.000000 0.000000 17
-0.000000 0.000000 0.010312 0.000000 0.000000 0.000000 0.000000 0.000000 0.000000 18
-0.000000 0.000000 0.010854 0.000000 0.000000 0.000000 0.000000 0.000000 0.000000 19
-0.000000 0.000000 0.011397 0.000000 0.000000 0.000000 0.000000 0.000000 0.000000 20
-0.000000 0.000000 0.011940 0.000000 0.000000 0.000000 0.000000 0.000000 0.000000 21
-0.000000 0.000000 0.012483 0.000000 0.000000 0.000000 0.000000 0.000000 0.000000 22
-0.000000 0.000000 0.013025 0.000000 0.000000 0.000000 0.000000 0.000000 0.000000 23
-0.000000 0.000000 0.013568 0.000000 0.000000 0.000000 0.000000 0.000000 0.000000 24
-0.000000 0.000000 0.014111 0.000000 0.000000 0.000000 0.000000 0.000000 0.000000 25
-0.000000 0.000000 0.014653 0.000000 0.000000 0.000000 0.000000 0.000000 0.000000 26
-0.000000 0.000000 0.015196 0.000000 0.000000 0.000000 0.000000 0.000000 0.000000 27
-0.000000 0.000000 0.015739 0.000000 0.000000 0.000000 0.000000 0.000000 0.000000 28
-0.000000 0.000000 0.016281 0.000000 0.000000 0.000000 0.000000 0.000000 0.000000 29
-0.000000 0.000000 0.016824 0.000000 0.000000 0.000000 0.000000 0.000000 0.000000 30
-0.000000 0.000000 0.017367 0.000000 0.000000 0.000000 0.000000 0.000000 0.000000 31
-0.000000 0.000000 0.017909 0.000000 0.000000 0.000000 0.000000 0.000000 0.000000 32
-0.000000 0.000000 0.018452 0.000000 0.000000 0.000000 0.000000 0.000000 0.000000 33
-0.000000 0.000000 0.018995 0.000000 0.000000 0.000000 0.000000 0.000000 0.000000 34
-0.000000 0.000000 0.019538 0.000000 0.000000 0.000000 0.000000 0.000000 0.000000 35
-0.000000 0.000000 0.020080 0.000000 0.000000 0.000000 0.000000 0.000000 0.000000 36
-0.000000 0.000000 0.020623 0.000000 0.000000 0.000000 0.000000 0.000000 0.000000 37
-0.000000 0.000000 0.021166 0.000000 0.000000 0.000000 0.000000 0.000000 0.000000 38
-0.000000 0.000000 0.021708 0.000000 0.000000 0.000000 0.000000 0.000000 0.000000 39
-0.000000 0.000000 0.022251 0.000000 0.000000 0.000000 0.000000 0.000000 0.000000 40
-0.000000 0.000000 0.022794 0.000000 0.000000 0.000000 0.000000 0.000000 0.000000 41
-0.000000 0.000000 0.023336 0.000000 0.000000 0.000000 0.000000 0.000000 0.000000 42
-0.000000 0.000000 0.023879 0.000000 0.000000 0.000000 0.000000 0.000000 0.000000 43
-0.000000 0.000000 0.024422 0.000000 0.000000 0.000000 0.000000 0.000000 0.000000 44
-0.000000 0.000000 0.024964 0.000000 0.000000 0.000000 0.000000 0.000000 0.000000 45
-0.000000 0.000000 0.025507 0.000000 0.000000 0.000000 0.000000 0.000000 0.000000 46
-0.000000 0.000000 0.026050 0.000000 0.000000 0.000000 0.000000 0.000000 0.000000 47
-0.000000 0.000000 0.026592 0.000000 0.000000 0.000000 0.000000 0.000000 0.000000 48
-0.000000 0.000000 0.027135 0.000000 0.000000 0.000000 0.000000 0.000000 0.000000 49
-0.000000 0.000000 0.027678 0.000000 0.000000 0.000000 0.000000 0.000000 0.000000 50
-0.000000 0.000000 0.028220 0.000000 0.000000 0.000000 0.000000 0.000000 0.000000 51
-0.000000 0.000000 0.028763 0.000000 0.000000 0.000000 0.000000 0.000000 0.000000 52
-0.000000 0.000000 0.029306 0.000000 0.000000 0.000000 0.000000 0.000000 0.000000 53
-0.000000 0.000000 0.029848 0.000000 0.000000 0.000000 0.000000 0.000000 0.000000 54
-0.000000 0.000000 0.030391 0.000000 0.000000 0.000000 0.000000 0.000000 0.000000 55
-0.000000 0.000000 0.030934 0.000000 0.000000 0.000000 0.000000 0.000000 0.000000 56
-0.000000 0.000000 0.031476 0.000000 0.000000 0.000000 0.000000 0.000000 0.000000 57
-0.000000 0.000000 0.032019 0.000000 0.000000 0.000000 0.000000 0.000000 0.000000 58
-0.000000 0.000000 0.032561 0.000000 0.000000 0.000000 0.000000 0.000000 0.000000 59
-0.000000 0.000000 0.033104 0.000000 0.000000 0.000000 0.000000 0.000000 0.000000 60
-0.000000 0.000000 0.033647 0.000000 0.000000 0.000000 0.000000 0.000000 0.000000 61
-0.000000 0.000000 0.034189 0.000000 0.000000 0.000000 0.000000 0.000000 0.000000 62
-0.000000 0.000000 0.034732 0.000000 0.000000 0.000000 0.000000 0.000000 0.000000 63
-0.000000 0.000000 0.035275 0.000000 0.000000 0.000000 0.000000 0.000000 0.000000 64
-0.000000 0.000000 0.035817 0.000000 0.000000 0.000000 0.000000 0.000000 0.000000 65
-0.000000 0.000000 0.036360 0.000000 0.000000 0.000000 0.000000 0.000000 0.000000 66
-0.000000 0.000000 0.036903 0.000000 0.000000 0.000000 0.000000 0.000000 0.000000 67
-0.000000 0.000000 0.037445 0.000000 0.000000 0.000000 0.000000 0.000000 0.000000 68
-0.000000 0.000000 0.037988 0.000000 0.000000 0.000000 0.000000 0.000000 0.000000 69
-0.000000 0.000000 0.038531 0.000000 0.000000 0.000000 0.000000 0.000000 0.000000 70
-0.000000 0.000000 0.039073 0.000000 0.000000 0.000000 0.000000 0.000000 0.000000 71
-0.000000 0.000000 0.039616 0.000000 0.000000 0.000000 0.000000 0.000000 0.000000 72
-0.000000 0.000000 0.040158 0.000000 0.000000 0.000000 0.000000 0.000000 0.000000 73
-0.000000 0.000000 0.040701 0.000000 0.000000 0.000000 0.000000 0.000000 0.000000 74
-0.000000 0.000000 0.041244 0.000000 0.000000 0.000000 0.000000 0.000000 0.000000 75
-0.000000 0.000000 0.041786 0.000000 0.000000 0.000000 0.000000 0.000000 0.000000 76
-0.000000 0.000000 0.042329 0.000000 0.000000 0.000000 0.000000 0.000000 0.000000 77
-0.000000 0.000000 0.042872 0.000000 0.000000 0.000000 0.000000 0.000000 0.000000 78
-0.000000 0.000000 0.043414 0.000000 0.000000 0.000000 0.000000 0.000000 0.000000 79
-0.000000 0.000000 0.043957 0.000000 0.000000 0.000000 0.000000 0.000000 0.000000 80
-0.000000 0.000000 0.044499 0.000000 0.000000 0.000000 0.000000 0.000000 0.000000 81
-0.000000 0.000000 0.045042 0.000000 0.000000 0.000000 0.000000 0.000000 0.000000 82
-0.000000 0.000000 0.045585 0.000000 0.000000 0.000000 0.000000 0.000000 0.000000 83
-0.000000 0.000000 0.046127 0.000000 0.000000 0.000000 0.000000 0.000000 0.000000 84
-0.000000 0.000000 0.046670 0.000000 0.000000 0.000000 0.000000 0.000000 0.000000 85
-0.000000 0.000000 0.047212 0.000000 0.000000 0.000000 0.000000 0.000000 0.000000 86
-0.000000 0.000000 0.047755 0.000000 0.000000 0.000000 0.000000 0.000000 0.000000 87
-0.000000 0.000000 0.048298 0.000000 0.000000 0.000000 0.000000 0.000000 0.000000 88
-0.000000 0.000000 0.048840 0.000000 0.000000 0.000000 0.000000 0.000000 0.000000 89
-0.000000 0.000000 0.049383 0.000000 0.000000 0.000000 0.000000 0.000000 0.000000 90
-0.000000 0.000000 0.049925 0.000000 0.000000 0.000000 0.000000 0.000000 0.000000 91
-0.000000 0.000000 0.050468 0.000000 0.000000 0.000000 0.000000 0.000000 0.000000 92
-0.000000 0.000000 0.051011 0.000000 0.000000 0.000000 0.000000 0.000000 0.000000 93
-0.000000 0.000000 0.051553 0.000000 0.000000 0.000000 0.000000 0.000000 0.000000 94
-0.000000 0.000000 0.052096 0.000000 0.000000 0.000000 0.000000 0.000000 0.000000 95
-0.000000 0.000000 0.052638 0.000000 0.000000 0.000000 0.000000 0.000000 0.000000 96
-0.000000 0.000000 0.053181 0.000000 0.000000 0.000000 0.000000 0.000000 0.000000 97
-0.000000 0.000000 0.053724 0.000000 0.000000 0.000000 0.000000 0.000000 0.000000 98
-0.000000 0.000000 0.054266 0.000000 0.000000 0.000000 0.000000 0.000000 0.000000 99
-0.000000 0.000000 0.054809 0.000000 0.000000 0.000000 0.000000 0.000000 0.000000 100
-0.000000 0.000000 0.055351 0.000000 0.000000 0.000000 0.000000 0.000000 0.000000 101
-0.000000 0.000000 0.055894 0.000000 0.000000 0.000000 0.000000 0.000000 0.000000 102
-0.000000 0.000000 0.056437 0.000000 0.000000 0.000000 0.000000 0.000000 0.000000 103
-0.000000 0.000000 0.056979 0.000000 0.000000 0.000000 0.000000 0.000000 0.000000 104
-0.000000 0.000000 0.057522 0.000000 0.000000 0.000000 0.000000 0.000000 0.000000 105
-0.000000 0.000000 0.058064 0.000000 0.000000 0.000000 0.000000 0.000000 0.000000 106
-0.000000 0.000000 0.058607 0.000000 0.000000 0.000000 0.000000 0.000000 0.000000 107
-0.000000 0.000000 0.059149 0.000000 0.000000 0.000000 0.000000 0.000000 0.000000 108
-0.000000 0.000000 0.059692 0.000000 0.000000 0.000000 0.000000 0.000000 0.000000 109
-0.000000 0.000000 0.060235 0.000000 0.000000 0.000000 0.000000 0.000000 0.000000 110
-0.000000 0.000000 0.060777 0.000000 0.000000 0.000000 0.000000 0.000000 0.000000 111
-0.000000 0.000000 0.061320 0.000000 0.000000 0.000000 0.000000 0.000000 0.000000 112
-0.000000 0.000000 0.061862 0.000000 0.000000 0.000000 0.000000 0.000000 0.000000 113
-0.000000 0.000000 0.062405 0.000000 0.000000 0.000000 0.000000 0.000000 0.000000 114
-0.000000 0.000000 0.062947 0.000000 0.000000 0.000000 0.000000 0.000000 0.000000 115
-0.000000 0.000000 0.063490 0.000000 0.000000 0.000000 0.000000 0.000000 0.000000 116
-0.000000 0.000000 0.064033 0.000000 0.000000 0.000000 0.000000 0.000000 0.000000 117
-0.000000 0.000000 0.064575 0.000000 0.000000 0.000000 0.000000 0.000000 0.000000 118
-0.000000 0.000000 0.065118 0.000000 0.000000 0.000000 0.000000 0.000000 0.000000 119
-0.000000 0.000000 0.065660 0.000000 0.000000 0.000000 0.000000 0.000000 0.000000 120
-0.000000 0.000000 0.066203 0.000000 0.000000 0.000000 0.000000 0.000000 0.000000 121
-0.000000 0.000000 0.066745 0.000000 0.000000 0.000000 0.000000 0.000000 0.000000 122
-0.000000 0.000000 0.067288 0.000000 0.000000 0.000000 0.000000 0.000000 0.000000 123
-0.000000 0.000000 0.067830 0.000000 0.000000 0.000000 0.000000 0.000000 0.000000 124
-0.000000 0.000000 0.068373 0.000000 0.000000 0.000000 0.000000 0.000000 0.000000 125
-0.000000 0.000000 0.068916 0.000000 0.000000 0.000000 0.000000 0.000000 0.000000 126
-0.000000 0.000000 0.069458 0.000000 0.000000 0.000000 0.000000 0.000000 0.000000 127
-0.000000 0.000000 0.070001 0.000000 0.000000 0.000000 0.000000 0.000000 0.000000 128
-0.000000 0.000000 0.070543 0.000000 0.000000 0.000000 0.000000 0.000000 0.000000 129
-0.000000 0.000000 0.071086 0.000000 0.000000 0.000000 0.000000 0.000000 0.000000 130
-0.000000 0.000000 0.071628 0.000000 0.000000 0.000000 0.000000 0.000000 0.000000 131
-0.000000 0.000000 0.072171 0.000000 0.000000 0.000000 0.000000 0.000000 0.000000 132
-0.000000 0.000000 0.072713 0.000000 0.000000 0.000000 0.000000 0.000000 0.000000 133
-0.000000 0.000000 0.073256 0.000000 0.000000 0.000000 0.000000 0.000000 0.000000 134
-0.000000 0.000000 0.073798 0.000000 0.000000 0.000000 0.000000 0.000000 0.000000 135
-0.000000 0.000000 0.074341 0.000000 0.000000 0.000000 0.000000 0.000000 0.000000 136
-0.000000 0.000000 0.074883 0.000000 0.000000 0.000000 0.000000 0.000000 0.000000 137
-0.000000 0.000000 0.075426 0.000000 0.000000 0.000000 0.000000 0.000000 0.000000 138
-0.000000 0.000000 0.075969 0.000000 0.000000 0.000000 0.000000 0.000000 0.000000 139
-0.000000 0.000000 0.076511 0.000000 0.000000 0.000000 0.000000 0.000000 0.000000 140
-0.000000 0.000000 0.077054 0.000000 0.000000 0.000000 0.000000 0.000000 0.000000 141
-0.000000 0.000000 0.077596 0.000000 0.000000 0.000000 0.000000 0.000000 0.000000 142
-0.000000 0.000000 0.078139 0.000000 0.000000 0.000000 0.000000 0.000000 0.000000 143
-0.000000 0.000000 0.078681 0.000000 0.000000 0.000000 0.000000 0.000000 0.000000 144
-0.000000 0.000000 0.079224 0.000000 0.000000 0.000000 0.000000 0.000000 0.000000 145
-0.000000 0.000000 0.079766 0.000000 0.000000 0.000000 0.000000 0.000000 0.000000 146
-0.000000 0.000000 0.080309 0.000000 0.000000 0.000000 0.000000 0.000000 0.000000 147
-0.000000 0.000000 0.080851 0.000000 0.000000 0.000000 0.000000 0.000000 0.000000 148
-0.000000 0.000000 0.081394 0.000000 0.000000 0.000000 0.000000 0.000000 0.000000 149
-0.000000 0.000000 0.081936 0.000000 0.000000 0.000000 0.000000 0.000000 0.000000 150
-0.000000 0.000000 0.082479 0.000000 0.000000 0.000000 0.000000 0.000000 0.000000 151
-0.000000 0.000000 0.083021 0.000000 0.000000 0.000000 0.000000 0.000000 0.000000 152
-0.000000 0.000000 0.083564 0.000000 0.000000 0.000000 0.000000 0.000000 0.000000 153
-0.000000 0.000000 0.084106 0.000000 0.000000 0.000000 0.000000 0.000000 0.000000 154
-0.000000 0.000000 0.084649 0.000000 0.000000 0.000000 0.000000 0.000000 0.000000 155
-0.000000 0.000000 0.085191 0.000000 0.000000 0.000000 0.000000 0.000000 0.000000 156
-0.000000 0.000000 0.085734 0.000000 0.000000 0.000000 0.000000 0.000000 0.000000 157
-0.000000 0.000000 0.086276 0.000000 0.000000 0.000000 0.000000 0.000000 0.000000 158
-0.000000 0.000000 0.086819 0.000000 0.000000 0.000000 0.000000 0.000000 0.000000 159
-0.000000 0.000000 0.087361 0.000000 0.000000 0.000000 0.000000 0.000000 0.000000 160
-0.000000 0.000000 0.087904 0.000000 0.000000 0.000000 0.000000 0.000000 0.000000 161
-0.000000 0.000000 0.088446 0.000000 0.000000 0.000000 0.000000 0.000000 0.000000 162
-0.000000 0.000000 0.088989 0.000000 0.000000 0.000000 0.000000 0.000000 0.000000 163
-0.000000 0.000000 0.089531 0.000000 0.000000 0.000000 0.000000 0.000000 0.000000 164
-0.000000 0.000000 0.090074 0.000000 0.000000 0.000000 0.000000 0.000000 0.000000 165
-0.000000 0.000000 0.090616 0.000000 0.000000 0.000000 0.000000 0.000000 0.000000 166
-0.000000 0.000000 0.091159 0.000000 0.000000 0.000000 0.000000 0.000000 0.000000 167
-0.000000 0.000000 0.091701 0.000000 0.000000 0.000000 0.000000 0.000000 0.000000 168
-0.000000 0.000000 0.092244 0.000000 0.000000 0.000000 0.000000 0.000000 0.000000 169
-0.000000 0.000000 0.092786 0.000000 0.000000 0.000000 0.000000 0.000000 0.000000 170
-0.000000 0.000000 0.093329 0.000000 0.000000 0.000000 0.000000 0.000000 0.000000 171
-0.000000 0.000000 0.093871 0.000000 0.000000 0.000000 0.000000 0.000000 0.000000 172
-0.000000 0.000000 0.094414 0.000000 0.000000 0.000000 0.000000 0.000000 0.000000 173
-0.000000 0.000000 0.094956 0.000000 0.000000 0.000000 0.000000 0.000000 0.000000 174
-0.000000 0.000000 0.095499 0.000000 0.000000 0.000000 0.000000 0.000000 0.000000 175
-0.000000 0.000000 0.096041 0.000000 0.000000 0.000000 0.000000 0.000000 0.000000 176
-0.000000 0.000000 0.096584 0.000000 0.000000 0.000000 0.000000 0.000000 0.000000 177
-0.000000 0.000000 0.097126 0.000000 0.000000 0.000000 0.000000 0.000000 0.000000 178
-0.000000 0.000000 0.097669 0.000000 0.000000 0.000000 0.000000 0.000000 0.000000 179
-0.000000 0.000000 0.098211 0.000000 0.000000 0.000000 0.000000 0.000000 0.000000 180
-0.000000 0.000000 0.098754 0.000000 0.000000 0.000000 0.000000 0.000000 0.000000 181
-0.000000 0.000000 0.099296 0.000000 0.000000 0.000000 0.000000 0.000000 0.000000 182
-0.000000 0.000000 0.099838 0.000000 0.000000 0.000000 0.000000 0.000000 0.000000 183
-0.000000 0.000000 0.100381 0.000000 0.000000 0.000000 0.000000 0.000000 0.000000 184
-0.000000 0.000000 0.100923 0.000000 0.000000 0.000000 0.000000 0.000000 0.000000 185
-0.000000 0.000000 0.101466 0.000000 0.000000 0.000000 0.000000 0.000000 0.000000 186
-0.000000 0.000000 0.102008 0.000000 0.000000 0.000000 0.000000 0.000000 0.000000 187
-0.000000 0.000000 0.102551 0.000000 0.000000 0.000000 0.000000 0.000000 0.000000 188
-0.000000 0.000000 0.103093 0.000000 0.000000 0.000000 0.000000 0.000000 0.000000 189
-0.000000 0.000000 0.103636 0.000000 0.000000 0.000000 0.000000 0.000000 0.000000 190
-0.000000 0.000000 0.104178 0.000000 0.000000 0.000000 0.000000 0.000000 0.000000 191
-0.000000 0.000000 0.104721 0.000000 0.000000 0.000000 0.000000 0.000000 0.000000 192
-0.000000 0.000000 0.105263 0.000000 0.000000 0.000000 0.000000 0.000000 0.000000 193
-0.000000 0.000000 0.105805 0.000000 0.000000 0.000000 0.000000 0.000000 0.000000 194
-0.000000 0.000000 0.106348 0.000000 0.000000 0.000000 0.000000 0.000000 0.000000 195
-0.000000 0.000000 0.106890 0.000000 0.000000 0.000000 0.000000 0.000000 0.000000 196
-0.000000 0.000000 0.107433 0.000000 0.000000 0.000000 0.000000 0.000000 0.000000 197
-0.000000 0.000000 0.107975 0.000000 0.000000 0.000000 0.000000 0.000000 0.000000 198
-0.000000 0.000000 0.108518 0.000000 0.000000 0.000000 0.000000 0.000000 0.000000 199
-0.000000 0.000000 0.109060 0.000000 0.000000 0.000000 0.000000 0.000000 0.000000 200
-0.000000 0.000000 0.109603 0.000000 0.000000 0.000000 0.000000 0.000000 0.000000 201
-0.000000 0.000000 0.110145 0.000000 0.000000 0.000000 0.000000 0.000000 0.000000 202
-0.000000 0.000000 0.110687 0.000000 0.000000 0.000000 0.000000 0.000000 0.000000 203
-0.000000 0.000000 0.111230 0.000000 0.000000 0.000000 0.000000 0.000000 0.000000 204
-0.000000 0.000000 0.111772 0.000000 0.000000 0.000000 0.000000 0.000000 0.000000 205
-0.000000 0.000000 0.112315 0.000000 0.000000 0.000000 0.000000 0.000000 0.000000 206
-0.000000 0.000000 0.112857 0.000000 0.000000 0.000000 0.000000 0.000000 0.000000 207
-0.000000 0.000000 0.113400 0.000000 0.000000 0.000000 0.000000 0.000000 0.000000 208
-0.000000 0.000000 0.113942 0.000000 0.000000 0.000000 0.000000 0.000000 0.000000 209
-0.000000 0.000000 0.114484 0.000000 0.000000 0.000000 0.000000 0.000000 0.000000 210
-0.000000 0.000000 0.115027 0.000000 0.000000 0.000000 0.000000 0.000000 0.000000 211
-0.000000 0.000000 0.115569 0.000000 0.000000 0.000000 0.000000 0.000000 0.000000 212
-0.000000 0.000000 0.116112 0.000000 0.000000 0.000000 0.000000 0.000000 0.000000 213
-0.000000 0.000000 0.116654 0.000000 0.000000 0.000000 0.000000 0.000000 0.000000 214
-0.000000 0.000000 0.117197 0.000000 0.000000 0.000000 0.000000 0.000000 0.000000 215
-0.000000 0.000000 0.117739 0.000000 0.000000 0.000000 0.000000 0.000000 0.000000 216
-0.000000 0.000000 0.118281 0.000000 0.000000 0.000000 0.000000 0.000000 0.000000 217
-0.000000 0.000000 0.118824 0.000000 0.000000 0.000000 0.000000 0.000000 0.000000 218
-0.000000 0.000000 0.119366 0.000000 0.000000 0.000000 0.000000 0.000000 0.000000 219
-0.000000 0.000000 0.119909 0.000000 0.000000 0.000000 0.000000 0.000000 0.000000 220
-0.000000 0.000000 0.120451 0.000000 0.000000 0.000000 0.000000 0.000000 0.000000 221
-0.000000 0.000000 0.120993 0.000000 0.000000 0.000000 0.000000 0.000000 0.000000 222
-0.000000 0.000000 0.121536 0.000000 0.000000 0.000000 0.000000 0.000000 0.000000 223
-0.000000 0.000000 0.122078 0.000000 0.000000 0.000000 0.000000 0.000000 0.000000 224
-0.000000 0.000000 0.122621 0.000000 0.000000 0.000000 0.000000 0.000000 0.000000 225
-0.000000 0.000000 0.123163 0.000000 0.000000 0.000000 0.000000 0.000000 0.000000 226
-0.000000 0.000000 0.123705 0.000000 0.000000 0.000000 0.000000 0.000000 0.000000 227
-0.000000 0.000000 0.124248 0.000000 0.000000 0.000000 0.000000 0.000000 0.000000 228
-0.000000 0.000000 0.124790 0.000000 0.000000 0.000000 0.000000 0.000000 0.000000 229
-0.000000 0.000000 0.125333 0.000000 0.000000 0.000000 0.000000 0.000000 0.000000 230
-0.000000 0.000000 0.125875 0.000000 0.000000 0.000000 0.000000 0.000000 0.000000 231
-0.000000 0.000000 0.126417 0.000000 0.000000 0.000000 0.000000 0.000000 0.000000 232
-0.000000 0.000000 0.126960 0.000000 0.000000 0.000000 0.000000 0.000000 0.000000 233
-0.000000 0.000000 0.127502 0.000000 0.000000 0.000000 0.000000 0.000000 0.000000 234
-0.000000 0.000000 0.128045 0.000000 0.000000 0.000000 0.000000 0.000000 0.000000 235
-0.000000 0.000000 0.128587 0.000000 0.000000 0.000000 0.000000 0.000000 0.000000 236
-0.000000 0.000000 0.129129 0.000000 0.000000 0.000000 0.000000 0.000000 0.000000 237
-0.000000 0.000000 0.129672 0.000000 0.000000 0.000000 0.000000 0.000000 0.000000 238
-0.000000 0.000000 0.130214 0.000000 0.000000 0.000000 0.000000 0.000000 0.000000 239
-0.000000 0.000000 0.130757 0.000000 0.000000 0.000000 0.000000 0.000000 0.000000 240
-0.000000 0.000000 0.131299 0.000000 0.000000 0.000000 0.000000 0.000000 0.000000 241
-0.000000 0.000000 0.131841 0.000000 0.000000 0.000000 0.000000 0.000000 0.000000 242
-0.000000 0.000000 0.132384 0.000000 0.000000 0.000000 0.000000 0.000000 0.000000 243
-0.000000 0.000000 0.132926 0.000000 0.000000 0.000000 0.000000 0.000000 0.000000 244
-0.000000 0.000000 0.133468 0.000000 0.000000 0.000000 0.000000 0.000000 0.000000 245
-0.000000 0.000000 0.134011 0.000000 0.000000 0.000000 0.000000 0.000000 0.000000 246
-0.000000 0.000000 0.134553 0.000000 0.000000 0.000000 0.000000 0.000000 0.000000 247
-0.000000 0.000000 0.135096 0.000000 0.000000 0.000000 0.000000 0.000000 0.000000 248
-0.000000 0.000000 0.135638 0.000000 0.000000 0.000000 0.000000 0.000000 0.000000 249
-0.000000 0.000000 0.136180 0.000000 0.000000 0.000000 0.000000 0.000000 0.000000 250
-0.000000 0.000000 0.136723 0.000000 0.000000 0.000000 0.000000 0.000000 0.000000 251
-0.000000 0.000000 0.137265 0.000000 0.000000 0.000000 0.000000 0.000000 0.000000 252
-0.000000 0.000000 0.137807 0.000000 0.000000 0.000000 0.000000 0.000000 0.000000 253
-0.000000 0.000000 0.138350 0.000000 0.000000 0.000000 0.000000 0.000000 0.000000 254
-0.000000 0.000000 0.138892 0.000000 0.000000 0.000000 0.000000 0.000000 0.000000 255
-0.000000 0.000000 0.139434 0.000000 0.000000 0.000000 0.000000 0.000000 0.000000 256
-0.000000 0.000000 0.139977 0.000000 0.000000 0.000000 0.000000 0.000000 0.000000 257
-0.000000 0.000000 0.140519 0.000000 0.000000 0.000000 0.000000 0.000000 0.000000 258
-0.000000 0.000000 0.141062 0.000000 0.000000 0.000000 0.000000 0.000000 0.000000 259
-0.000000 0.000000 0.141604 0.000000 0.000000 0.000000 0.000000 0.000000 0.000000 260
-0.000000 0.000000 0.142146 0.000000 0.000000 0.000000 0.000000 0.000000 0.000000 261
-0.000000 0.000000 0.142689 0.000000 0.000000 0.000000 0.000000 0.000000 0.000000 262
-0.000000 0.000000 0.143231 0.000000 0.000000 0.000000 0.000000 0.000000 0.000000 263
-0.000000 0.000000 0.143773 0.000000 0.000000 0.000000 0.000000 0.000000 0.000000 264
-0.000000 0.000000 0.144316 0.000000 0.000000 0.000000 0.000000 0.000000 0.000000 265
-0.000000 0.000000 0.144858 0.000000 0.000000 0.000000 0.000000 0.000000 0.000000 266
-0.000000 0.000000 0.145400 0.000000 0.000000 0.000000 0.000000 0.000000 0.000000 267
-0.000000 0.000000 0.145943 0.000000 0.000000 0.000000 0.000000 0.000000 0.000000 268
-0.000000 0.000000 0.146485 0.000000 0.000000 0.000000 0.000000 0.000000 0.000000 269
-0.000000 0.000000 0.147027 0.000000 0.000000 0.000000 0.000000 0.000000 0.000000 270
-0.000000 0.000000 0.147570 0.000000 0.000000 0.000000 0.000000 0.000000 0.000000 271
-0.000000 0.000000 0.148112 0.000000 0.000000 0.000000 0.000000 0.000000 0.000000 272
-0.000000 0.000000 0.148654 0.000000 0.000000 0.000000 0.000000 0.000000 0.000000 273
-0.000000 0.000000 0.149197 0.000000 0.000000 0.000000 0.000000 0.000000 0.000000 274
-0.000000 0.000000 0.149739 0.000000 0.000000 0.000000 0.000000 0.000000 0.000000 275
-0.000000 0.000000 0.150281 0.000000 0.000000 0.000000 0.000000 0.000000 0.000000 276
-0.000000 0.000000 0.150824 0.000000 0.000000 0.000000 0.000000 0.000000 0.000000 277
-0.000000 0.000000 0.151366 0.000000 0.000000 0.000000 0.000000 0.000000 0.000000 278
-0.000000 0.000000 0.151908 0.000000 0.000000 0.000000 0.000000 0.000000 0.000000 279
-0.000000 0.000000 0.152451 0.000000 0.000000 0.000000 0.000000 0.000000 0.000000 280
-0.000000 0.000000 0.152993 0.000000 0.000000 0.000000 0.000000 0.000000 0.000000 281
-0.000000 0.000000 0.153535 0.000000 0.000000 0.000000 0.000000 0.000000 0.000000 282
-0.000000 0.000000 0.154078 0.000000 0.000000 0.000000 0.000000 0.000000 0.000000 283
-0.000000 0.000000 0.154620 0.000000 0.000000 0.000000 0.000000 0.000000 0.000000 284
-0.000000 0.000000 0.155162 0.000000 0.000000 0.000000 0.000000 0.000000 0.000000 285
-0.000000 0.000000 0.155705 0.000000 0.000000 0.000000 0.000000 0.000000 0.000000 286
-0.000000 0.000000 0.156247 0.000000 0.000000 0.000000 0.000000 0.000000 0.000000 287
-0.000000 0.000000 0.156789 0.000000 0.000000 0.000000 0.000000 0.000000 0.000000 288
-0.000000 0.000000 0.157331 0.000000 0.000000 0.000000 0.000000 0.000000 0.000000 289
-0.000000 0.000000 0.157874 0.000000 0.000000 0.000000 0.000000 0.000000 0.000000 290
-0.000000 0.000000 0.158416 0.000000 0.000000 0.000000 0.000000 0.000000 0.000000 291
-0.000000 0.000000 0.158958 0.000000 0.000000 0.000000 0.000000 0.000000 0.000000 292
-0.000000 0.000000 0.159501 0.000000 0.000000 0.000000 0.000000 0.000000 0.000000 293
-0.000000 0.000000 0.160043 0.000000 0.000000 0.000000 0.000000 0.000000 0.000000 294
-0.000000 0.000000 0.160585 0.000000 0.000000 0.000000 0.000000 0.000000 0.000000 295
-0.000000 0.000000 0.161128 0.000000 0.000000 0.000000 0.000000 0.000000 0.000000 296
-0.000000 0.000000 0.161670 0.000000 0.000000 0.000000 0.000000 0.000000 0.000000 297
-0.000000 0.000000 0.162212 0.000000 0.000000 0.000000 0.000000 0.000000 0.000000 298
-0.000000 0.000000 0.162754 0.000000 0.000000 0.000000 0.000000 0.000000 0.000000 299
-0.000000 0.000000 0.163297 0.000000 0.000000 0.000000 0.000000 0.000000 0.000000 300
-0.000000 0.000000 0.163839 0.000000 0.000000 0.000000 0.000000 0.000000 0.000000 301
-0.000000 0.000000 0.164381 0.000000 0.000000 0.000000 0.000000 0.000000 0.000000 302
-0.000000 0.000000 0.164924 0.000000 0.000000 0.000000 0.000000 0.000000 0.000000 303
-0.000000 0.000000 0.165466 0.000000 0.000000 0.000000 0.000000 0.000000 0.000000 304
-0.000000 0.000000 0.166008 0.000000 0.000000 0.000000 0.000000 0.000000 0.000000 305
-0.000000 0.000000 0.166550 0.000000 0.000000 0.000000 0.000000 0.000000 0.000000 306
-0.000000 0.000000 0.167093 0.000000 0.000000 0.000000 0.000000 0.000000 0.000000 307
-0.000000 0.000000 0.167635 0.000000 0.000000 0.000000 0.000000 0.000000 0.000000 308
-0.000000 0.000000 0.168177 0.000000 0.000000 0.000000 0.000000 0.000000 0.000000 309
-0.000000 0.000000 0.168720 0.000000 0.000000 0.000000 0.000000 0.000000 0.000000 310
-0.000000 0.000000 0.169262 0.000000 0.000000 0.000000 0.000000 0.000000 0.000000 311
-0.000000 0.000000 0.169804 0.000000 0.000000 0.000000 0.000000 0.000000 0.000000 312
-0.000000 0.000000 0.170346 0.000000 0.000000 0.000000 0.000000 0.000000 0.000000 313
-0.000000 0.000000 0.170889 0.000000 0.000000 0.000000 0.000000 0.000000 0.000000 314
-0.000000 0.000000 0.171431 0.000000 0.000000 0.000000 0.000000 0.000000 0.000000 315
-0.000000 0.000000 0.171973 0.000000 0.000000 0.000000 0.000000 0.000000 0.000000 316
-0.000000 0.000000 0.172516 0.000000 0.000000 0.000000 0.000000 0.000000 0.000000 317
-0.000000 0.000000 0.173058 0.000000 0.000000 0.000000 0.000000 0.000000 0.000000 318
-0.000000 0.000000 0.173600 0.000000 0.000000 0.000000 0.000000 0.000000 0.000000 319
-0.000000 0.000000 0.174142 0.000000 0.000000 0.000000 0.000000 0.000000 0.000000 320
-0.000000 0.000000 0.174685 0.000000 0.000000 0.000000 0.000000 0.000000 0.000000 321
-0.000000 0.000000 0.175227 0.000000 0.000000 0.000000 0.000000 0.000000 0.000000 322
-0.000000 0.000000 0.175769 0.000000 0.000000 0.000000 0.000000 0.000000 0.000000 323
-0.000000 0.000000 0.176311 0.000000 0.000000 0.000000 0.000000 0.000000 0.000000 324
-0.000000 0.000000 0.176854 0.000000 0.000000 0.000000 0.000000 0.000000 0.000000 325
-0.000000 0.000000 0.177396 0.000000 0.000000 0.000000 0.000000 0.000000 0.000000 326
-0.000000 0.000000 0.177938 0.000000 0.000000 0.000000 0.000000 0.000000 0.000000 327
-0.000000 0.000000 0.178480 0.000000 0.000000 0.000000 0.000000 0.000000 0.000000 328
-0.000000 0.000000 0.179023 0.000000 0.000000 0.000000 0.000000 0.000000 0.000000 329
-0.000000 0.000000 0.179565 0.000000 0.000000 0.000000 0.000000 0.000000 0.000000 330
-0.000000 0.000000 0.180107 0.000000 0.000000 0.000000 0.000000 0.000000 0.000000 331
-0.000000 0.000000 0.180649 0.000000 0.000000 0.000000 0.000000 0.000000 0.000000 332
-0.000000 0.000000 0.181192 0.000000 0.000000 0.000000 0.000000 0.000000 0.000000 333
-0.000000 0.000000 0.181734 0.000000 0.000000 0.000000 0.000000 0.000000 0.000000 334
-0.000000 0.000000 0.182276 0.000000 0.000000 0.000000 0.000000 0.000000 0.000000 335
-0.000000 0.000000 0.182818 0.000000 0.000000 0.000000 0.000000 0.000000 0.000000 336
-0.000000 0.000000 0.183361 0.000000 0.000000 0.000000 0.000000 0.000000 0.000000 337
-0.000000 0.000000 0.183903 0.000000 0.000000 0.000000 0.000000 0.000000 0.000000 338
-0.000000 0.000000 0.184445 0.000000 0.000000 0.000000 0.000000 0.000000 0.000000 339
-0.000000 0.000000 0.184987 0.000000 0.000000 0.000000 0.000000 0.000000 0.000000 340
-0.000000 0.000000 0.185530 0.000000 0.000000 0.000000 0.000000 0.000000 0.000000 341
-0.000000 0.000000 0.186072 0.000000 0.000000 0.000000 0.000000 0.000000 0.000000 342
-0.000000 0.000000 0.186614 0.000000 0.000000 0.000000 0.000000 0.000000 0.000000 343
-0.000000 0.000000 0.187156 0.000000 0.000000 0.000000 0.000000 0.000000 0.000000 344
-0.000000 0.000000 0.187698 0.000000 0.000000 0.000000 0.000000 0.000000 0.000000 345
-0.000000 0.000000 0.188241 0.000000 0.000000 0.000000 0.000000 0.000000 0.000000 346
-0.000000 0.000000 0.188783 0.000000 0.000000 0.000000 0.000000 0.000000 0.000000 347
-0.000000 0.000000 0.189325 0.000000 0.000000 0.000000 0.000000 0.000000 0.000000 348
-0.000000 0.000000 0.189867 0.000000 0.000000 0.000000 0.000000 0.000000 0.000000 349
-0.000000 0.000000 0.190410 0.000000 0.000000 0.000000 0.000000 0.000000 0.000000 350
-0.000000 0.000000 0.190952 0.000000 0.000000 0.000000 0.000000 0.000000 0.000000 351
-0.000000 0.000000 0.191494 0.000000 0.000000 0.000000 0.000000 0.000000 0.000000 352
-0.000000 0.000000 0.192036 0.000000 0.000000 0.000000 0.000000 0.000000 0.000000 353
-0.000000 0.000000 0.192578 0.000000 0.000000 0.000000 0.000000 0.000000 0.000000 354
-0.000000 0.000000 0.193121 0.000000 0.000000 0.000000 0.000000 0.000000 0.000000 355
-0.000000 0.000000 0.193663 0.000000 0.000000 0.000000 0.000000 0.000000 0.000000 356
-0.000000 0.000000 0.194205 0.000000 0.000000 0.000000 0.000000 0.000000 0.000000 357
-0.000000 0.000000 0.194747 0.000000 0.000000 0.000000 0.000000 0.000000 0.000000 358
-0.000000 0.000000 0.195289 0.000000 0.000000 0.000000 0.000000 0.000000 0.000000 359
-0.000000 0.000000 0.195832 0.000000 0.000000 0.000000 0.000000 0.000000 0.000000 360
-0.000000 0.000000 0.196374 0.000000 0.000000 0.000000 0.000000 0.000000 0.000000 361
-0.000000 0.000000 0.196916 0.000000 0.000000 0.000000 0.000000 0.000000 0.000000 362
-0.000000 0.000000 0.197458 0.000000 0.000000 0.000000 0.000000 0.000000 0.000000 363
-0.000000 0.000000 0.198000 0.000000 0.000000 0.000000 0.000000 0.000000 0.000000 364
-0.000000 0.000000 0.198543 0.000000 0.000000 0.000000 0.000000 0.000000 0.000000 365
-0.000000 0.000000 0.199085 0.000000 0.000000 0.000000 0.000000 0.000000 0.000000 366
-0.000000 0.000000 0.199627 0.000000 0.000000 0.000000 0.000000 0.000000 0.000000 367
-0.000000 0.000000 0.200169 0.000000 0.000000 0.000000 0.000000 0.000000 0.000000 368
-0.000000 0.000000 0.200711 0.000000 0.000000 0.000000 0.000000 0.000000 0.000000 369
-0.000000 0.000000 0.201254 0.000000 0.000000 0.000000 0.000000 0.000000 0.000000 370
-0.000000 0.000000 0.201796 0.000000 0.000000 0.000000 0.000000 0.000000 0.000000 371
-0.000000 0.000000 0.202338 0.000000 0.000000 0.000000 0.000000 0.000000 0.000000 372
-0.000000 0.000000 0.202880 0.000000 0.000000 0.000000 0.000000 0.000000 0.000000 373
-0.000000 0.000000 0.203422 0.000000 0.000000 0.000000 0.000000 0.000000 0.000000 374
-0.000000 0.000000 0.203965 0.000000 0.000000 0.000000 0.000000 0.000000 0.000000 375
-0.000000 0.000000 0.204507 0.000000 0.000000 0.000000 0.000000 0.000000 0.000000 376
-0.000000 0.000000 0.205049 0.000000 0.000000 0.000000 0.000000 0.000000 0.000000 377
-0.000000 0.000000 0.205591 0.000000 0.000000 0.000000 0.000000 0.000000 0.000000 378
-0.000000 0.000000 0.206133 0.000000 0.000000 0.000000 0.000000 0.000000 0.000000 379
-0.000000 0.000000 0.206675 0.000000 0.000000 0.000000 0.000000 0.000000 0.000000 380
-0.000000 0.000000 0.207218 0.000000 0.000000 0.000000 0.000000 0.000000 0.000000 381
-0.000000 0.000000 0.207760 0.000000 0.000000 0.000000 0.000000 0.000000 0.000000 382
-0.000000 0.000000 0.208302 0.000000 0.000000 0.000000 0.000000 0.000000 0.000000 383
-0.000000 0.000000 0.208844 0.000000 0.000000 0.000000 0.000000 0.000000 0.000000 384
-0.000000 0.000000 0.209386 0.000000 0.000000 0.000000 0.000000 0.000000 0.000000 385
-0.000000 0.000000 0.209928 0.000000 0.000000 0.000000 0.000000 0.000000 0.000000 386
-0.000000 0.000000 0.210471 0.000000 0.000000 0.000000 0.000000 0.000000 0.000000 387
-0.000000 0.000000 0.211013 0.000000 0.000000 0.000000 0.000000 0.000000 0.000000 388
-0.000000 0.000000 0.211555 0.000000 0.000000 0.000000 0.000000 0.000000 0.000000 389
-0.000000 0.000000 0.212097 0.000000 0.000000 0.000000 0.000000 0.000000 0.000000 390
-0.000000 0.000000 0.212639 0.000000 0.000000 0.000000 0.000000 0.000000 0.000000 391
-0.000000 0.000000 0.213181 0.000000 0.000000 0.000000 0.000000 0.000000 0.000000 392
-0.000000 0.000000 0.213724 0.000000 0.000000 0.000000 0.000000 0.000000 0.000000 393
-0.000000 0.000000 0.214266 0.000000 0.000000 0.000000 0.000000 0.000000 0.000000 394
-0.000000 0.000000 0.214808 0.000000 0.000000 0.000000 0.000000 0.000000 0.000000 395
-0.000000 0.000000 0.215350 0.000000 0.000000 0.000000 0.000000 0.000000 0.000000 396
-0.000000 0.000000 0.215892 0.000000 0.000000 0.000000 0.000000 0.000000 0.000000 397
-0.000000 0.000000 0.216434 0.000000 0.000000 0.000000 0.000000 0.000000 0.000000 398
-0.000000 0.000000 0.216977 0.000000 0.000000 0.000000 0.000000 0.000000 0.000000 399
-0.000000 0.000000 0.217519 0.000000 0.000000 0.000000 0.000000 0.000000 0.000000 400
-0.000000 0.000000 0.218061 0.000000 0.000000 0.000000 0.000000 0.000000 0.000000 401
-0.000000 0.000000 0.218603 0.000000 0.000000 0.000000 0.000000 0.000000 0.000000 402
-0.000000 0.000000 0.219145 0.000000 0.000000 0.000000 0.000000 0.000000 0.000000 403
-0.000000 0.000000 0.219687 0.000000 0.000000 0.000000 0.000000 0.000000 0.000000 404
-0.000000 0.000000 0.220229 0.000000 0.000000 0.000000 0.000000 0.000000 0.000000 405
-0.000000 0.000000 0.220772 0.000000 0.000000 0.000000 0.000000 0.000000 0.000000 406
-0.000000 0.000000 0.221314 0.000000 0.000000 0.000000 0.000000 0.000000 0.000000 407
-0.000000 0.000000 0.221856 0.000000 0.000000 0.000000 0.000000 0.000000 0.000000 408
-0.000000 0.000000 0.222398 0.000000 0.000000 0.000000 0.000000 0.000000 0.000000 409
-0.000000 0.000000 0.222940 0.000000 0.000000 0.000000 0.000000 0.000000 0.000000 410
-0.000000 0.000000 0.223482 0.000000 0.000000 0.000000 0.000000 0.000000 0.000000 411
-0.000000 0.000000 0.224024 0.000000 0.000000 0.000000 0.000000 0.000000 0.000000 412
-0.000000 0.000000 0.224566 0.000000 0.000000 0.000000 0.000000 0.000000 0.000000 413
-0.000000 0.000000 0.225109 0.000000 0.000000 0.000000 0.000000 0.000000 0.000000 414
-0.000000 0.000000 0.225651 0.000000 0.000000 0.000000 0.000000 0.000000 0.000000 415
-0.000000 0.000000 0.226193 0.000000 0.000000 0.000000 0.000000 0.000000 0.000000 416
-0.000000 0.000000 0.226735 0.000000 0.000000 0.000000 0.000000 0.000000 0.000000 417
-0.000000 0.000000 0.227277 0.000000 0.000000 0.000000 0.000000 0.000000 0.000000 418
-0.000000 0.000000 0.227819 0.000000 0.000000 0.000000 0.000000 0.000000 0.000000 419
-0.000000 0.000000 0.228361 0.000000 0.000000 0.000000 0.000000 0.000000 0.000000 420
-0.000000 0.000000 0.228903 0.000000 0.000000 0.000000 0.000000 0.000000 0.000000 421
-0.000000 0.000000 0.229446 0.000000 0.000000 0.000000 0.000000 0.000000 0.000000 422
-0.000000 0.000000 0.229988 0.000000 0.000000 0.000000 0.000000 0.000000 0.000000 423
-0.000000 0.000000 0.230530 0.000000 0.000000 0.000000 0.000000 0.000000 0.000000 424
-0.000000 0.000000 0.231072 0.000000 0.000000 0.000000 0.000000 0.000000 0.000000 425
-0.000000 0.000000 0.231614 0.000000 0.000000 0.000000 0.000000 0.000000 0.000000 426
-0.000000 0.000000 0.232156 0.000000 0.000000 0.000000 0.000000 0.000000 0.000000 427
-0.000000 0.000000 0.232698 0.000000 0.000000 0.000000 0.000000 0.000000 0.000000 428
-0.000000 0.000000 0.233240 0.000000 0.000000 0.000000 0.000000 0.000000 0.000000 429
-0.000000 0.000000 0.233782 0.000000 0.000000 0.000000 0.000000 0.000000 0.000000 430
-0.000000 0.000000 0.234324 0.000000 0.000000 0.000000 0.000000 0.000000 0.000000 431
-0.000000 0.000000 0.234867 0.000000 0.000000 0.000000 0.000000 0.000000 0.000000 432
-0.000000 0.000000 0.235409 0.000000 0.000000 0.000000 0.000000 0.000000 0.000000 433
-0.000000 0.000000 0.235951 0.000000 0.000000 0.000000 0.000000 0.000000 0.000000 434
-0.000000 0.000000 0.236493 0.000000 0.000000 0.000000 0.000000 0.000000 0.000000 435
-0.000000 0.000000 0.237035 0.000000 0.000000 0.000000 0.000000 0.000000 0.000000 436
-0.000000 0.000000 0.237577 0.000000 0.000000 0.000000 0.000000 0.000000 0.000000 437
-0.000000 0.000000 0.238119 0.000000 0.000000 0.000000 0.000000 0.000000 0.000000 438
-0.000000 0.000000 0.238661 0.000000 0.000000 0.000000 0.000000 0.000000 0.000000 439
-0.000000 0.000000 0.239203 0.000000 0.000000 0.000000 0.000000 0.000000 0.000000 440
-0.000000 0.000000 0.239745 0.000000 0.000000 0.000000 0.000000 0.000000 0.000000 441
-0.000000 0.000000 0.240288 0.000000 0.000000 0.000000 0.000000 0.000000 0.000000 442
-0.000000 0.000000 0.240830 0.000000 0.000000 0.000000 0.000000 0.000000 0.000000 443
-0.000000 0.000000 0.241372 0.000000 0.000000 0.000000 0.000000 0.000000 0.000000 444
-0.000000 0.000000 0.241914 0.000000 0.000000 0.000000 0.000000 0.000000 0.000000 445
-0.000000 0.000000 0.242456 0.000000 0.000000 0.000000 0.000000 0.000000 0.000000 446
-0.000000 0.000000 0.242998 0.000000 0.000000 0.000000 0.000000 0.000000 0.000000 447
-0.000000 0.000000 0.243540 0.000000 0.000000 0.000000 0.000000 0.000000 0.000000 448
-0.000000 0.000000 0.244082 0.000000 0.000000 0.000000 0.000000 0.000000 0.000000 449
-0.000000 0.000000 0.244624 0.000000 0.000000 0.000000 0.000000 0.000000 0.000000 450
-0.000000 0.000000 0.245166 0.000000 0.000000 0.000000 0.000000 0.000000 0.000000 451
-0.000000 0.000000 0.245708 0.000000 0.000000 0.000000 0.000000 0.000000 0.000000 452
-0.000000 0.000000 0.246250 0.000000 0.000000 0.000000 0.000000 0.000000 0.000000 453
-0.000000 0.000000 0.246792 0.000000 0.000000 0.000000 0.000000 0.000000 0.000000 454
-0.000000 0.000000 0.247334 0.000000 0.000000 0.000000 0.000000 0.000000 0.000000 455
-0.000000 0.000000 0.247877 0.000000 0.000000 0.000000 0.000000 0.000000 0.000000 456
-0.000000 0.000000 0.248419 0.000000 0.000000 0.000000 0.000000 0.000000 0.000000 457
-0.000000 0.000000 0.248961 0.000000 0.000000 0.000000 0.000000 0.000000 0.000000 458
-0.000000 0.000000 0.249503 0.000000 0.000000 0.000000 0.000000 0.000000 0.000000 459
-0.000000 0.000000 0.250045 0.000000 0.000000 0.000000 0.000000 0.000000 0.000000 460
-0.000000 0.000000 0.250587 0.000000 0.000000 0.000000 0.000000 0.000000 0.000000 461
-0.000000 0.000000 0.251129 0.000000 0.000000 0.000000 0.000000 0.000000 0.000000 462
-0.000000 0.000000 0.251671 0.000000 0.000000 0.000000 0.000000 0.000000 0.000000 463
-0.000000 0.000000 0.252213 0.000000 0.000000 0.000000 0.000000 0.000000 0.000000 464
-0.000000 0.000000 0.252755 0.000000 0.000000 0.000000 0.000000 0.000000 0.000000 465
-0.000000 0.000000 0.253297 0.000000 0.000000 0.000000 0.000000 0.000000 0.000000 466
-0.000000 0.000000 0.253839 0.000000 0.000000 0.000000 0.000000 0.000000 0.000000 467
-0.000000 0.000000 0.254381 0.000000 0.000000 0.000000 0.000000 0.000000 0.000000 468
-0.000000 0.000000 0.254923 0.000000 0.000000 0.000000 0.000000 0.000000 0.000000 469
-0.000000 0.000000 0.255465 0.000000 0.000000 0.000000 0.000000 0.000000 0.000000 470
-0.000000 0.000000 0.256007 0.000000 0.000000 0.000000 0.000000 0.000000 0.000000 471
-0.000000 0.000000 0.256549 0.000000 0.000000 0.000000 0.000000 0.000000 0.000000 472
-0.000000 0.000000 0.257091 0.000000 0.000000 0.000000 0.000000 0.000000 0.000000 473
-0.000000 0.000000 0.257633 0.000000 0.000000 0.000000 0.000000 0.000000 0.000000 474
-0.000000 0.000000 0.258175 0.000000 0.000000 0.000000 0.000000 0.000000 0.000000 475
-0.000000 0.000000 0.258718 0.000000 0.000000 0.000000 0.000000 0.000000 0.000000 476
-0.000000 0.000000 0.259260 0.000000 0.000000 0.000000 0.000000 0.000000 0.000000 477
-0.000000 0.000000 0.259802 0.000000 0.000000 0.000000 0.000000 0.000000 0.000000 478
-0.000000 0.000000 0.260344 0.000000 0.000000 0.000000 0.000000 0.000000 0.000000 479
-0.000000 0.000000 0.260886 0.000000 0.000000 0.000000 0.000000 0.000000 0.000000 480
-0.000000 0.000000 0.261428 0.000000 0.000000 0.000000 0.000000 0.000000 0.000000 481
-0.000000 0.000000 0.261970 0.000000 0.000000 0.000000 0.000000 0.000000 0.000000 482
-0.000000 0.000000 0.262512 0.000000 0.000000 0.000000 0.000000 0.000000 0.000000 483
-0.000000 0.000000 0.263054 0.000000 0.000000 0.000000 0.000000 0.000000 0.000000 484
-0.000000 0.000000 0.263596 0.000000 0.000000 0.000000 0.000000 0.000000 0.000000 485
-0.000000 0.000000 0.264138 0.000000 0.000000 0.000000 0.000000 0.000000 0.000000 486
-0.000000 0.000000 0.264680 0.000000 0.000000 0.000000 0.000000 0.000000 0.000000 487
-0.000000 0.000000 0.265222 0.000000 0.000000 0.000000 0.000000 0.000000 0.000000 488
-0.000000 0.000000 0.265764 0.000000 0.000000 0.000000 0.000000 0.000000 0.000000 489
-0.000000 0.000000 0.266306 0.000000 0.000000 0.000000 0.000000 0.000000 0.000000 490
-0.000000 0.000000 0.266848 0.000000 0.000000 0.000000 0.000000 0.000000 0.000000 491
-0.000000 0.000000 0.267390 0.000000 0.000000 0.000000 0.000000 0.000000 0.000000 492
-0.000000 0.000000 0.267932 0.000000 0.000000 0.000000 0.000000 0.000000 0.000000 493
-0.000000 0.000000 0.268474 0.000000 0.000000 0.000000 0.000000 0.000000 0.000000 494
-0.000000 0.000000 0.269016 0.000000 0.000000 0.000000 0.000000 0.000000 0.000000 495
-0.000000 0.000000 0.269558 0.000000 0.000000 0.000000 0.000000 0.000000 0.000000 496
-0.000000 0.000000 0.270100 0.000000 0.000000 0.000000 0.000000 0.000000 0.000000 497
-0.000000 0.000000 0.270642 0.000000 0.000000 0.000000 0.000000 0.000000 0.000000 498
-0.000000 0.000000 0.271184 0.000000 0.000000 0.000000 0.000000 0.000000 0.000000 499
-0.000000 0.000000 0.271726 0.000000 0.000000 0.000000 0.000000 0.000000 0.000000 500
-0.000000 0.000000 0.272268 0.000000 0.000000 0.000000 0.000000 0.000000 0.000000 501
-0.000000 0.000000 0.272810 0.000000 0.000000 0.000000 0.000000 0.000000 0.000000 502
-0.000000 0.000000 0.273352 0.000000 0.000000 0.000000 0.000000 0.000000 0.000000 503
-0.000000 0.000000 0.273894 0.000000 0.000000 0.000000 0.000000 0.000000 0.000000 504
-0.000000 0.000000 0.274436 0.000000 0.000000 0.000000 0.000000 0.000000 0.000000 505
-0.000000 0.000000 0.274978 0.000000 0.000000 0.000000 0.000000 0.000000 0.000000 506
-0.000000 0.000000 0.275520 0.000000 0.000000 0.000000 0.000000 0.000000 0.000000 507
-0.000000 0.000000 0.276062 0.000000 0.000000 0.000000 0.000000 0.000000 0.000000 508
-0.000000 0.000000 0.276604 0.000000 0.000000 0.000000 0.000000 0.000000 0.000000 509
-0.000000 0.000000 0.277146 0.000000 0.000000 0.000000 0.000000 0.000000 0.000000 510
-0.000000 0.000000 0.277688 0.000000 0.000000 0.000000 0.000000 0.000000 0.000000 511
-0.000000 0.000000 0.278230 0.000000 0.000000 0.000000 0.000000 0.000000 0.000000 512
-0.000000 0.000000 0.278772 0.000000 0.000000 0.000000 0.000000 0.000000 0.000000 513
-0.000000 0.000000 0.279314 0.000000 0.000000 0.000000 0.000000 0.000000 0.000000 514
-0.000000 0.000000 0.279856 0.000000 0.000000 0.000000 0.000000 0.000000 0.000000 515
-0.000000 0.000000 0.280398 0.000000 0.000000 0.000000 0.000000 0.000000 0.000000 516
-0.000000 0.000000 0.280940 0.000000 0.000000 0.000000 0.000000 0.000000 0.000000 517
-0.000000 0.000000 0.281482 0.000000 0.000000 0.000000 0.000000 0.000000 0.000000 518
-0.000000 0.000000 0.282024 0.000000 0.000000 0.000000 0.000000 0.000000 0.000000 519
-0.000000 0.000000 0.282566 0.000000 0.000000 0.000000 0.000000 0.000000 0.000000 520
-0.000000 0.000000 0.283108 0.000000 0.000000 0.000000 0.000000 0.000000 0.000000 521
-0.000000 0.000000 0.283650 0.000000 0.000000 0.000000 0.000000 0.000000 0.000000 522
-0.000000 0.000000 0.284191 0.000000 0.000000 0.000000 0.000000 0.000000 0.000000 523
-0.000000 0.000000 0.284733 0.000000 0.000000 0.000000 0.000000 0.000000 0.000000 524
-0.000000 0.000000 0.285275 0.000000 0.000000 0.000000 0.000000 0.000000 0.000000 525
-0.000000 0.000000 0.285817 0.000000 0.000000 0.000000 0.000000 0.000000 0.000000 526
-0.000000 0.000000 0.286359 0.000000 0.000000 0.000000 0.000000 0.000000 0.000000 527
-0.000000 0.000000 0.286901 0.000000 0.000000 0.000000 0.000000 0.000000 0.000000 528
-0.000000 0.000000 0.287443 0.000000 0.000000 0.000000 0.000000 0.000000 0.000000 529
-0.000000 0.000000 0.287985 0.000000 0.000000 0.000000 0.000000 0.000000 0.000000 530
-0.000000 0.000000 0.288527 0.000000 0.000000 0.000000 0.000000 0.000000 0.000000 531
-0.000000 0.000000 0.289069 0.000000 0.000000 0.000000 0.000000 0.000000 0.000000 532
-0.000000 0.000000 0.289611 0.000000 0.000000 0.000000 0.000000 0.000000 0.000000 533
-0.000000 0.000000 0.290153 0.000000 0.000000 0.000000 0.000000 0.000000 0.000000 534
-0.000000 0.000000 0.290695 0.000000 0.000000 0.000000 0.000000 0.000000 0.000000 535
-0.000000 0.000000 0.291237 0.000000 0.000000 0.000000 0.000000 0.000000 0.000000 536
-0.000000 0.000000 0.291779 0.000000 0.000000 0.000000 0.000000 0.000000 0.000000 537
-0.000000 0.000000 0.292321 0.000000 0.000000 0.000000 0.000000 0.000000 0.000000 538
-0.000000 0.000000 0.292863 0.000000 0.000000 0.000000 0.000000 0.000000 0.000000 539
-0.000000 0.000000 0.293405 0.000000 0.000000 0.000000 0.000000 0.000000 0.000000 540
-0.000000 0.000000 0.293947 0.000000 0.000000 0.000000 0.000000 0.000000 0.000000 541
-0.000000 0.000000 0.294489 0.000000 0.000000 0.000000 0.000000 0.000000 0.000000 542
-0.000000 0.000000 0.295031 0.000000 0.000000 0.000000 0.000000 0.000000 0.000000 543
-0.000000 0.000000 0.295572 0.000000 0.000000 0.000000 0.000000 0.000000 0.000000 544
-0.000000 0.000000 0.296114 0.000000 0.000000 0.000000 0.000000 0.000000 0.000000 545
-0.000000 0.000000 0.296656 0.000000 0.000000 0.000000 0.000000 0.000000 0.000000 546
-0.000000 0.000000 0.297198 0.000000 0.000000 0.000000 0.000000 0.000000 0.000000 547
-0.000000 0.000000 0.297740 0.000000 0.000000 0.000000 0.000000 0.000000 0.000000 548
-0.000000 0.000000 0.298282 0.000000 0.000000 0.000000 0.000000 0.000000 0.000000 549
-0.000000 0.000000 0.298824 0.000000 0.000000 0.000000 0.000000 0.000000 0.000000 550
-0.000000 0.000000 0.299366 0.000000 0.000000 0.000000 0.000000 0.000000 0.000000 551
-0.000000 0.000000 0.299908 0.000000 0.000000 0.000000 0.000000 0.000000 0.000000 552
-0.000000 0.000000 0.300450 0.000000 0.000000 0.000000 0.000000 0.000000 0.000000 553
-0.000000 0.000000 0.300992 0.000000 0.000000 0.000000 0.000000 0.000000 0.000000 554
-0.000000 0.000000 0.301534 0.000000 0.000000 0.000000 0.000000 0.000000 0.000000 555
-0.000000 0.000000 0.302076 0.000000 0.000000 0.000000 0.000000 0.000000 0.000000 556
-0.000000 0.000000 0.302617 0.000000 0.000000 0.000000 0.000000 0.000000 0.000000 557
-0.000000 0.000000 0.303159 0.000000 0.000000 0.000000 0.000000 0.000000 0.000000 558
-0.000000 0.000000 0.303701 0.000000 0.000000 0.000000 0.000000 0.000000 0.000000 559
-0.000000 0.000000 0.304243 0.000000 0.000000 0.000000 0.000000 0.000000 0.000000 560
-0.000000 0.000000 0.304785 0.000000 0.000000 0.000000 0.000000 0.000000 0.000000 561
-0.000000 0.000000 0.305327 0.000000 0.000000 0.000000 0.000000 0.000000 0.000000 562
-0.000000 0.000000 0.305869 0.000000 0.000000 0.000000 0.000000 0.000000 0.000000 563
-0.000000 0.000000 0.306411 0.000000 0.000000 0.000000 0.000000 0.000000 0.000000 564
-0.000000 0.000000 0.306953 0.000000 0.000000 0.000000 0.000000 0.000000 0.000000 565
-0.000000 0.000000 0.307495 0.000000 0.000000 0.000000 0.000000 0.000000 0.000000 566
-0.000000 0.000000 0.308037 0.000000 0.000000 0.000000 0.000000 0.000000 0.000000 567
-0.000000 0.000000 0.308578 0.000000 0.000000 0.000000 0.000000 0.000000 0.000000 568
-0.000000 0.000000 0.309120 0.000000 0.000000 0.000000 0.000000 0.000000 0.000000 569
-0.000000 0.000000 0.309662 0.000000 0.000000 0.000000 0.000000 0.000000 0.000000 570
-0.000000 0.000000 0.310204 0.000000 0.000000 0.000000 0.000000 0.000000 0.000000 571
-0.000000 0.000000 0.310746 0.000000 0.000000 0.000000 0.000000 0.000000 0.000000 572
-0.000000 0.000000 0.311288 0.000000 0.000000 0.000000 0.000000 0.000000 0.000000 573
-0.000000 0.000000 0.311830 0.000000 0.000000 0.000000 0.000000 0.000000 0.000000 574
-0.000000 0.000000 0.312372 0.000000 0.000000 0.000000 0.000000 0.000000 0.000000 575
-0.000000 0.000000 0.312914 0.000000 0.000000 0.000000 0.000000 0.000000 0.000000 576
-0.000000 0.000000 0.313455 0.000000 0.000000 0.000000 0.000000 0.000000 0.000000 577
-0.000000 0.000000 0.313997 0.000000 0.000000 0.000000 0.000000 0.000000 0.000000 578
-0.000000 0.000000 0.314539 0.000000 0.000000 0.000000 0.000000 0.000000 0.000000 579
-0.000000 0.000000 0.315081 0.000000 0.000000 0.000000 0.000000 0.000000 0.000000 580
-0.000000 0.000000 0.315623 0.000000 0.000000 0.000000 0.000000 0.000000 0.000000 581
-0.000000 0.000000 0.316165 0.000000 0.000000 0.000000 0.000000 0.000000 0.000000 582
-0.000000 0.000000 0.316707 0.000000 0.000000 0.000000 0.000000 0.000000 0.000000 583
-0.000000 0.000000 0.317249 0.000000 0.000000 0.000000 0.000000 0.000000 0.000000 584
-0.000000 0.000000 0.317791 0.000000 0.000000 0.000000 0.000000 0.000000 0.000000 585
-0.000000 0.000000 0.318332 0.000000 0.000000 0.000000 0.000000 0.000000 0.000000 586
-0.000000 0.000000 0.318874 0.000000 0.000000 0.000000 0.000000 0.000000 0.000000 587
-0.000000 0.000000 0.319416 0.000000 0.000000 0.000000 0.000000 0.000000 0.000000 588
-0.000000 0.000000 0.319958 0.000000 0.000000 0.000000 0.000000 0.000000 0.000000 589
-0.000000 0.000000 0.320500 0.000000 0.000000 0.000000 0.000000 0.000000 0.000000 590
-0.000000 0.000000 0.321042 0.000000 0.000000 0.000000 0.000000 0.000000 0.000000 591
-0.000000 0.000000 0.321584 0.000000 0.000000 0.000000 0.000000 0.000000 0.000000 592
-0.000000 0.000000 0.322125 0.000000 0.000000 0.000000 0.000000 0.000000 0.000000 593
-0.000000 0.000000 0.322667 0.000000 0.000000 0.000000 0.000000 0.000000 0.000000 594
-0.000000 0.000000 0.323209 0.000000 0.000000 0.000000 0.000000 0.000000 0.000000 595
-0.000000 0.000000 0.323751 0.000000 0.000000 0.000000 0.000000 0.000000 0.000000 596
-0.000000 0.000000 0.324293 0.000000 0.000000 0.000000 0.000000 0.000000 0.000000 597
-0.000000 0.000000 0.324835 0.000000 0.000000 0.000000 0.000000 0.000000 0.000000 598
-0.000000 0.000000 0.325377 0.000000 0.000000 0.000000 0.000000 0.000000 0.000000 599
-0.000000 0.000000 0.325918 0.000000 0.000000 0.000000 0.000000 0.000000 0.000000 600
-0.000000 0.000000 0.326460 0.000000 0.000000 0.000000 0.000000 0.000000 0.000000 601
-0.000000 0.000000 0.327002 0.000000 0.000000 0.000000 0.000000 0.000000 0.000000 602
-0.000000 0.000000 0.327544 0.000000 0.000000 0.000000 0.000000 0.000000 0.000000 603
-0.000000 0.000000 0.328086 0.000000 0.000000 0.000000 0.000000 0.000000 0.000000 604
-0.000000 0.000000 0.328628 0.000000 0.000000 0.000000 0.000000 0.000000 0.000000 605
-0.000000 0.000000 0.329170 0.000000 0.000000 0.000000 0.000000 0.000000 0.000000 606
-0.000000 0.000000 0.329711 0.000000 0.000000 0.000000 0.000000 0.000000 0.000000 607
-0.000000 0.000000 0.330253 0.000000 0.000000 0.000000 0.000000 0.000000 0.000000 608
-0.000000 0.000000 0.330795 0.000000 0.000000 0.000000 0.000000 0.000000 0.000000 609
-0.000000 0.000000 0.331337 0.000000 0.000000 0.000000 0.000000 0.000000 0.000000 610
-0.000000 0.000000 0.331879 0.000000 0.000000 0.000000 0.000000 0.000000 0.000000 611
-0.000000 0.000000 0.332421 0.000000 0.000000 0.000000 0.000000 0.000000 0.000000 612
-0.000000 0.000000 0.332962 0.000000 0.000000 0.000000 0.000000 0.000000 0.000000 613
-0.000000 0.000000 0.333504 0.000000 0.000000 0.000000 0.000000 0.000000 0.000000 614
-0.000000 0.000000 0.334046 0.000000 0.000000 0.000000 0.000000 0.000000 0.000000 615
-0.000000 0.000000 0.334588 0.000000 0.000000 0.000000 0.000000 0.000000 0.000000 616
-0.000000 0.000000 0.335130 0.000000 0.000000 0.000000 0.000000 0.000000 0.000000 617
-0.000000 0.000000 0.335672 0.000000 0.000000 0.000000 0.000000 0.000000 0.000000 618
-0.000000 0.000000 0.336213 0.000000 0.000000 0.000000 0.000000 0.000000 0.000000 619
-0.000000 0.000000 0.336755 0.000000 0.000000 0.000000 0.000000 0.000000 0.000000 620
-0.000000 0.000000 0.337297 0.000000 0.000000 0.000000 0.000000 0.000000 0.000000 621
-0.000000 0.000000 0.337839 0.000000 0.000000 0.000000 0.000000 0.000000 0.000000 622
-0.000000 0.000000 0.338381 0.000000 0.000000 0.000000 0.000000 0.000000 0.000000 623
-0.000000 0.000000 0.338922 0.000000 0.000000 0.000000 0.000000 0.000000 0.000000 624
-0.000000 0.000000 0.339464 0.000000 0.000000 0.000000 0.000000 0.000000 0.000000 625
-0.000000 0.000000 0.340006 0.000000 0.000000 0.000000 0.000000 0.000000 0.000000 626
-0.000000 0.000000 0.340548 0.000000 0.000000 0.000000 0.000000 0.000000 0.000000 627
-0.000000 0.000000 0.341090 0.000000 0.000000 0.000000 0.000000 0.000000 0.000000 628
-0.000000 0.000000 0.341632 0.000000 0.000000 0.000000 0.000000 0.000000 0.000000 629
-0.000000 0.000000 0.342173 0.000000 0.000000 0.000000 0.000000 0.000000 0.000000 630
-0.000000 0.000000 0.342715 0.000000 0.000000 0.000000 0.000000 0.000000 0.000000 631
-0.000000 0.000000 0.343257 0.000000 0.000000 0.000000 0.000000 0.000000 0.000000 632
-0.000000 0.000000 0.343799 0.000000 0.000000 0.000000 0.000000 0.000000 0.000000 633
-0.000000 0.000000 0.344341 0.000000 0.000000 0.000000 0.000000 0.000000 0.000000 634
-0.000000 0.000000 0.344882 0.000000 0.000000 0.000000 0.000000 0.000000 0.000000 635
-0.000000 0.000000 0.345424 0.000000 0.000000 0.000000 0.000000 0.000000 0.000000 636
-0.000000 0.000000 0.345966 0.000000 0.000000 0.000000 0.000000 0.000000 0.000000 637
-0.000000 0.000000 0.346508 0.000000 0.000000 0.000000 0.000000 0.000000 0.000000 638
-0.000000 0.000000 0.347050 0.000000 0.000000 0.000000 0.000000 0.000000 0.000000 639
-0.000000 0.000000 0.347591 0.000000 0.000000 0.000000 0.000000 0.000000 0.000000 640
-0.000000 0.000000 0.348133 0.000000 0.000000 0.000000 0.000000 0.000000 0.000000 641
-0.000000 0.000000 0.348675 0.000000 0.000000 0.000000 0.000000 0.000000 0.000000 642
-0.000000 0.000000 0.349217 0.000000 0.000000 0.000000 0.000000 0.000000 0.000000 643
-0.000000 0.000000 0.349759 0.000000 0.000000 0.000000 0.000000 0.000000 0.000000 644
-0.000000 0.000000 0.350300 0.000000 0.000000 0.000000 0.000000 0.000000 0.000000 645
-0.000000 0.000000 0.350842 0.000000 0.000000 0.000000 0.000000 0.000000 0.000000 646
-0.000000 0.000000 0.351384 0.000000 0.000000 0.000000 0.000000 0.000000 0.000000 647
-0.000000 0.000000 0.351926 0.000000 0.000000 0.000000 0.000000 0.000000 0.000000 648
-0.000000 0.000000 0.352467 0.000000 0.000000 0.000000 0.000000 0.000000 0.000000 649
-0.000000 0.000000 0.353009 0.000000 0.000000 0.000000 0.000000 0.000000 0.000000 650
-0.000000 0.000000 0.353551 0.000000 0.000000 0.000000 0.000000 0.000000 0.000000 651
-0.000000 0.000000 0.354093 0.000000 0.000000 0.000000 0.000000 0.000000 0.000000 652
-0.000000 0.000000 0.354635 0.000000 0.000000 0.000000 0.000000 0.000000 0.000000 653
-0.000000 0.000000 0.355176 0.000000 0.000000 0.000000 0.000000 0.000000 0.000000 654
-0.000000 0.000000 0.355718 0.000000 0.000000 0.000000 0.000000 0.000000 0.000000 655
-0.000000 0.000000 0.356260 0.000000 0.000000 0.000000 0.000000 0.000000 0.000000 656
-0.000000 0.000000 0.356802 0.000000 0.000000 0.000000 0.000000 0.000000 0.000000 657
-0.000000 0.000000 0.357343 0.000000 0.000000 0.000000 0.000000 0.000000 0.000000 658
-0.000000 0.000000 0.357885 0.000000 0.000000 0.000000 0.000000 0.000000 0.000000 659
-0.000000 0.000000 0.358427 0.000000 0.000000 0.000000 0.000000 0.000000 0.000000 660
-0.000000 0.000000 0.358969 0.000000 0.000000 0.000000 0.000000 0.000000 0.000000 661
-0.000000 0.000000 0.359510 0.000000 0.000000 0.000000 0.000000 0.000000 0.000000 662
-0.000000 0.000000 0.360052 0.000000 0.000000 0.000000 0.000000 0.000000 0.000000 663
-0.000000 0.000000 0.360594 0.000000 0.000000 0.000000 0.000000 0.000000 0.000000 664
-0.000000 0.000000 0.361136 0.000000 0.000000 0.000000 0.000000 0.000000 0.000000 665
-0.000000 0.000000 0.361678 0.000000 0.000000 0.000000 0.000000 0.000000 0.000000 666
-0.000000 0.000000 0.362219 0.000000 0.000000 0.000000 0.000000 0.000000 0.000000 667
-0.000000 0.000000 0.362761 0.000000 0.000000 0.000000 0.000000 0.000000 0.000000 668
-0.000000 0.000000 0.363303 0.000000 0.000000 0.000000 0.000000 0.000000 0.000000 669
-0.000000 0.000000 0.363845 0.000000 0.000000 0.000000 0.000000 0.000000 0.000000 670
-0.000000 0.000000 0.364386 0.000000 0.000000 0.000000 0.000000 0.000000 0.000000 671
-0.000000 0.000000 0.364928 0.000000 0.000000 0.000000 0.000000 0.000000 0.000000 672
-0.000000 0.000000 0.365470 0.000000 0.000000 0.000000 0.000000 0.000000 0.000000 673
-0.000000 0.000000 0.366012 0.000000 0.000000 0.000000 0.000000 0.000000 0.000000 674
-0.000000 0.000000 0.366553 0.000000 0.000000 0.000000 0.000000 0.000000 0.000000 675
-0.000000 0.000000 0.367095 0.000000 0.000000 0.000000 0.000000 0.000000 0.000000 676
-0.000000 0.000000 0.367637 0.000000 0.000000 0.000000 0.000000 0.000000 0.000000 677
-0.000000 0.000000 0.368178 0.000000 0.000000 0.000000 0.000000 0.000000 0.000000 678
-0.000000 0.000000 0.368720 0.000000 0.000000 0.000000 0.000000 0.000000 0.000000 679
-0.000000 0.000000 0.369262 0.000000 0.000000 0.000000 0.000000 0.000000 0.000000 680
-0.000000 0.000000 0.369804 0.000000 0.000000 0.000000 0.000000 0.000000 0.000000 681
-0.000000 0.000000 0.370345 0.000000 0.000000 0.000000 0.000000 0.000000 0.000000 682
-0.000000 0.000000 0.370887 0.000000 0.000000 0.000000 0.000000 0.000000 0.000000 683
-0.000000 0.000000 0.371429 0.000000 0.000000 0.000000 0.000000 0.000000 0.000000 684
-0.000000 0.000000 0.371971 0.000000 0.000000 0.000000 0.000000 0.000000 0.000000 685
-0.000000 0.000000 0.372512 0.000000 0.000000 0.000000 0.000000 0.000000 0.000000 686
-0.000000 0.000000 0.373054 0.000000 0.000000 0.000000 0.000000 0.000000 0.000000 687
-0.000000 0.000000 0.373596 0.000000 0.000000 0.000000 0.000000 0.000000 0.000000 688
-0.000000 0.000000 0.374137 0.000000 0.000000 0.000000 0.000000 0.000000 0.000000 689
-0.000000 0.000000 0.374679 0.000000 0.000000 0.000000 0.000000 0.000000 0.000000 690
-0.000000 0.000000 0.375221 0.000000 0.000000 0.000000 0.000000 0.000000 0.000000 691
-0.000000 0.000000 0.375763 0.000000 0.000000 0.000000 0.000000 0.000000 0.000000 692
-0.000000 0.000000 0.376304 0.000000 0.000000 0.000000 0.000000 0.000000 0.000000 693
-0.000000 0.000000 0.376846 0.000000 0.000000 0.000000 0.000000 0.000000 0.000000 694
-0.000000 0.000000 0.377388 0.000000 0.000000 0.000000 0.000000 0.000000 0.000000 695
-0.000000 0.000000 0.377930 0.000000 0.000000 0.000000 0.000000 0.000000 0.000000 696
-0.000000 0.000000 0.378471 0.000000 0.000000 0.000000 0.000000 0.000000 0.000000 697
-0.000000 0.000000 0.379013 0.000000 0.000000 0.000000 0.000000 0.000000 0.000000 698
-0.000000 0.000000 0.379555 0.000000 0.000000 0.000000 0.000000 0.000000 0.000000 699
-0.000000 0.000000 0.380096 0.000000 0.000000 0.000000 0.000000 0.000000 0.000000 700
-0.000000 0.000000 0.380638 0.000000 0.000000 0.000000 0.000000 0.000000 0.000000 701
-0.000000 0.000000 0.381180 0.000000 0.000000 0.000000 0.000000 0.000000 0.000000 702
-0.000000 0.000000 0.381721 0.000000 0.000000 0.000000 0.000000 0.000000 0.000000 703
-0.000000 0.000000 0.382263 0.000000 0.000000 0.000000 0.000000 0.000000 0.000000 704
-0.000000 0.000000 0.382805 0.000000 0.000000 0.000000 0.000000 0.000000 0.000000 705
-0.000000 0.000000 0.383347 0.000000 0.000000 0.000000 0.000000 0.000000 0.000000 706
-0.000000 0.000000 0.383888 0.000000 0.000000 0.000000 0.000000 0.000000 0.000000 707
-0.000000 0.000000 0.384430 0.000000 0.000000 0.000000 0.000000 0.000000 0.000000 708
-0.000000 0.000000 0.384972 0.000000 0.000000 0.000000 0.000000 0.000000 0.000000 709
-0.000000 0.000000 0.385513 0.000000 0.000000 0.000000 0.000000 0.000000 0.000000 710
-0.000000 0.000000 0.386055 0.000000 0.000000 0.000000 0.000000 0.000000 0.000000 711
-0.000000 0.000000 0.386597 0.000000 0.000000 0.000000 0.000000 0.000000 0.000000 712
-0.000000 0.000000 0.387138 0.000000 0.000000 0.000000 0.000000 0.000000 0.000000 713
-0.000000 0.000000 0.387680 0.000000 0.000000 0.000000 0.000000 0.000000 0.000000 714
-0.000000 0.000000 0.388222 0.000000 0.000000 0.000000 0.000000 0.000000 0.000000 715
-0.000000 0.000000 0.388763 0.000000 0.000000 0.000000 0.000000 0.000000 0.000000 716
-0.000000 0.000000 0.389305 0.000000 0.000000 0.000000 0.000000 0.000000 0.000000 717
-0.000000 0.000000 0.389847 0.000000 0.000000 0.000000 0.000000 0.000000 0.000000 718
-0.000000 0.000000 0.390388 0.000000 0.000000 0.000000 0.000000 0.000000 0.000000 719
-0.000000 0.000000 0.390930 0.000000 0.000000 0.000000 0.000000 0.000000 0.000000 720
-0.000000 0.000000 0.391472 0.000000 0.000000 0.000000 0.000000 0.000000 0.000000 721
-0.000000 0.000000 0.392014 0.000000 0.000000 0.000000 0.000000 0.000000 0.000000 722
-0.000000 0.000000 0.392555 0.000000 0.000000 0.000000 0.000000 0.000000 0.000000 723
-0.000000 0.000000 0.393097 0.000000 0.000000 0.000000 0.000000 0.000000 0.000000 724
-0.000000 0.000000 0.393639 0.000000 0.000000 0.000000 0.000000 0.000000 0.000000 725
-0.000000 0.000000 0.394180 0.000000 0.000000 0.000000 0.000000 0.000000 0.000000 726
-0.000000 0.000000 0.394722 0.000000 0.000000 0.000000 0.000000 0.000000 0.000000 727
-0.000000 0.000000 0.395264 0.000000 0.000000 0.000000 0.000000 0.000000 0.000000 728
-0.000000 0.000000 0.395805 0.000000 0.000000 0.000000 0.000000 0.000000 0.000000 729
-0.000000 0.000000 0.396347 0.000000 0.000000 0.000000 0.000000 0.000000 0.000000 730
-0.000000 0.000000 0.396889 0.000000 0.000000 0.000000 0.000000 0.000000 0.000000 731
-0.000000 0.000000 0.397430 0.000000 0.000000 0.000000 0.000000 0.000000 0.000000 732
-0.000000 0.000000 0.397972 0.000000 0.000000 0.000000 0.000000 0.000000 0.000000 733
-0.000000 0.000000 0.398513 0.000000 0.000000 0.000000 0.000000 0.000000 0.000000 734
-0.000000 0.000000 0.399055 0.000000 0.000000 0.000000 0.000000 0.000000 0.000000 735
-0.000000 0.000000 0.399597 0.000000 0.000000 0.000000 0.000000 0.000000 0.000000 736
-0.000000 0.000000 0.400138 0.000000 0.000000 0.000000 0.000000 0.000000 0.000000 737
-0.000000 0.000000 0.400680 0.000000 0.000000 0.000000 0.000000 0.000000 0.000000 738
-0.000000 0.000000 0.401222 0.000000 0.000000 0.000000 0.000000 0.000000 0.000000 739
-0.000000 0.000000 0.401763 0.000000 0.000000 0.000000 0.000000 0.000000 0.000000 740
-0.000000 0.000000 0.402305 0.000000 0.000000 0.000000 0.000000 0.000000 0.000000 741
-0.000000 0.000000 0.402847 0.000000 0.000000 0.000000 0.000000 0.000000 0.000000 742
-0.000000 0.000000 0.403388 0.000000 0.000000 0.000000 0.000000 0.000000 0.000000 743
-0.000000 0.000000 0.403930 0.000000 0.000000 0.000000 0.000000 0.000000 0.000000 744
-0.000000 0.000000 0.404472 0.000000 0.000000 0.000000 0.000000 0.000000 0.000000 745
-0.000000 0.000000 0.405013 0.000000 0.000000 0.000000 0.000000 0.000000 0.000000 746
-0.000000 0.000000 0.405555 0.000000 0.000000 0.000000 0.000000 0.000000 0.000000 747
-0.000000 0.000000 0.406097 0.000000 0.000000 0.000000 0.000000 0.000000 0.000000 748
-0.000000 0.000000 0.406638 0.000000 0.000000 0.000000 0.000000 0.000000 0.000000 749
-0.000000 0.000000 0.407180 0.000000 0.000000 0.000000 0.000000 0.000000 0.000000 750
-0.000000 0.000000 0.407721 0.000000 0.000000 0.000000 0.000000 0.000000 0.000000 751
-0.000000 0.000000 0.408263 0.000000 0.000000 0.000000 0.000000 0.000000 0.000000 752
-0.000000 0.000000 0.408805 0.000000 0.000000 0.000000 0.000000 0.000000 0.000000 753
-0.000000 0.000000 0.409346 0.000000 0.000000 0.000000 0.000000 0.000000 0.000000 754
-0.000000 0.000000 0.409888 0.000000 0.000000 0.000000 0.000000 0.000000 0.000000 755
-0.000000 0.000000 0.410430 0.000000 0.000000 0.000000 0.000000 0.000000 0.000000 756
-0.000000 0.000000 0.410971 0.000000 0.000000 0.000000 0.000000 0.000000 0.000000 757
-0.000000 0.000000 0.411513 0.000000 0.000000 0.000000 0.000000 0.000000 0.000000 758
-0.000000 0.000000 0.412054 0.000000 0.000000 0.000000 0.000000 0.000000 0.000000 759
-0.000000 0.000000 0.412596 0.000000 0.000000 0.000000 0.000000 0.000000 0.000000 760
-0.000000 0.000000 0.413138 0.000000 0.000000 0.000000 0.000000 0.000000 0.000000 761
-0.000000 0.000000 0.413679 0.000000 0.000000 0.000000 0.000000 0.000000 0.000000 762
-0.000000 0.000000 0.414221 0.000000 0.000000 0.000000 0.000000 0.000000 0.000000 763
-0.000000 0.000000 0.414762 0.000000 0.000000 0.000000 0.000000 0.000000 0.000000 764
-0.000000 0.000000 0.415304 0.000000 0.000000 0.000000 0.000000 0.000000 0.000000 765
-0.000000 0.000000 0.415846 0.000000 0.000000 0.000000 0.000000 0.000000 0.000000 766
-0.000000 0.000000 0.416387 0.000000 0.000000 0.000000 0.000000 0.000000 0.000000 767
-0.000000 0.000000 0.416929 0.000000 0.000000 0.000000 0.000000 0.000000 0.000000 768
-0.000000 0.000000 0.417471 0.000000 0.000000 0.000000 0.000000 0.000000 0.000000 769
-0.000000 0.000000 0.418012 0.000000 0.000000 0.000000 0.000000 0.000000 0.000000 770
-0.000000 0.000000 0.418554 0.000000 0.000000 0.000000 0.000000 0.000000 0.000000 771
-0.000000 0.000000 0.419095 0.000000 0.000000 0.000000 0.000000 0.000000 0.000000 772
-0.000000 0.000000 0.419637 0.000000 0.000000 0.000000 0.000000 0.000000 0.000000 773
-0.000000 0.000000 0.420179 0.000000 0.000000 0.000000 0.000000 0.000000 0.000000 774
-0.000000 0.000000 0.420720 0.000000 0.000000 0.000000 0.000000 0.000000 0.000000 775
-0.000000 0.000000 0.421262 0.000000 0.000000 0.000000 0.000000 0.000000 0.000000 776
-0.000000 0.000000 0.421803 0.000000 0.000000 0.000000 0.000000 0.000000 0.000000 777
-0.000000 0.000000 0.422345 0.000000 0.000000 0.000000 0.000000 0.000000 0.000000 778
-0.000000 0.000000 0.422887 0.000000 0.000000 0.000000 0.000000 0.000000 0.000000 779
-0.000000 0.000000 0.423428 0.000000 0.000000 0.000000 0.000000 0.000000 0.000000 780
-0.000000 0.000000 0.423970 0.000000 0.000000 0.000000 0.000000 0.000000 0.000000 781
-0.000000 0.000000 0.424511 0.000000 0.000000 0.000000 0.000000 0.000000 0.000000 782
-0.000000 0.000000 0.425053 0.000000 0.000000 0.000000 0.000000 0.000000 0.000000 783
-0.000000 0.000000 0.425594 0.000000 0.000000 0.000000 0.000000 0.000000 0.000000 784
-0.000000 0.000000 0.426136 0.000000 0.000000 0.000000 0.000000 0.000000 0.000000 785
-0.000000 0.000000 0.426678 0.000000 0.000000 0.000000 0.000000 0.000000 0.000000 786
-0.000000 0.000000 0.427219 0.000000 0.000000 0.000000 0.000000 0.000000 0.000000 787
-0.000000 0.000000 0.427761 0.000000 0.000000 0.000000 0.000000 0.000000 0.000000 788
-0.000000 0.000000 0.428302 0.000000 0.000000 0.000000 0.000000 0.000000 0.000000 789
-0.000000 0.000000 0.428844 0.000000 0.000000 0.000000 0.000000 0.000000 0.000000 790
-0.000000 0.000000 0.429385 0.000000 0.000000 0.000000 0.000000 0.000000 0.000000 791
-0.000000 0.000000 0.429927 0.000000 0.000000 0.000000 0.000000 0.000000 0.000000 792
-0.000000 0.000000 0.430469 0.000000 0.000000 0.000000 0.000000 0.000000 0.000000 793
-0.000000 0.000000 0.431010 0.000000 0.000000 0.000000 0.000000 0.000000 0.000000 794
-0.000000 0.000000 0.431552 0.000000 0.000000 0.000000 0.000000 0.000000 0.000000 795
-0.000000 0.000000 0.432093 0.000000 0.000000 0.000000 0.000000 0.000000 0.000000 796
-0.000000 0.000000 0.432635 0.000000 0.000000 0.000000 0.000000 0.000000 0.000000 797
-0.000000 0.000000 0.433176 0.000000 0.000000 0.000000 0.000000 0.000000 0.000000 798
-0.000000 0.000000 0.433718 0.000000 0.000000 0.000000 0.000000 0.000000 0.000000 799
-0.000000 0.000000 0.434260 0.000000 0.000000 0.000000 0.000000 0.000000 0.000000 800
-0.000000 0.000000 0.434801 0.000000 0.000000 0.000000 0.000000 0.000000 0.000000 801
-0.000000 0.000000 0.435343 0.000000 0.000000 0.000000 0.000000 0.000000 0.000000 802
-0.000000 0.000000 0.435884 0.000000 0.000000 0.000000 0.000000 0.000000 0.000000 803
-0.000000 0.000000 0.436426 0.000000 0.000000 0.000000 0.000000 0.000000 0.000000 804
-0.000000 0.000000 0.436967 0.000000 0.000000 0.000000 0.000000 0.000000 0.000000 805
-0.000000 0.000000 0.437509 0.000000 0.000000 0.000000 0.000000 0.000000 0.000000 806
-0.000000 0.000000 0.438050 0.000000 0.000000 0.000000 0.000000 0.000000 0.000000 807
-0.000000 0.000000 0.438592 0.000000 0.000000 0.000000 0.000000 0.000000 0.000000 808
-0.000000 0.000000 0.439134 0.000000 0.000000 0.000000 0.000000 0.000000 0.000000 809
-0.000000 0.000000 0.439675 0.000000 0.000000 0.000000 0.000000 0.000000 0.000000 810
-0.000000 0.000000 0.440217 0.000000 0.000000 0.000000 0.000000 0.000000 0.000000 811
-0.000000 0.000000 0.440758 0.000000 0.000000 0.000000 0.000000 0.000000 0.000000 812
-0.000000 0.000000 0.441300 0.000000 0.000000 0.000000 0.000000 0.000000 0.000000 813
-0.000000 0.000000 0.441841 0.000000 0.000000 0.000000 0.000000 0.000000 0.000000 814
-0.000000 0.000000 0.442383 0.000000 0.000000 0.000000 0.000000 0.000000 0.000000 815
-0.000000 0.000000 0.442924 0.000000 0.000000 0.000000 0.000000 0.000000 0.000000 816
-0.000000 0.000000 0.443466 0.000000 0.000000 0.000000 0.000000 0.000000 0.000000 817
-0.000000 0.000000 0.444007 0.000000 0.000000 0.000000 0.000000 0.000000 0.000000 818
-0.000000 0.000000 0.444549 0.000000 0.000000 0.000000 0.000000 0.000000 0.000000 819
-0.000000 0.000000 0.445090 0.000000 0.000000 0.000000 0.000000 0.000000 0.000000 820
-0.000000 0.000000 0.445632 0.000000 0.000000 0.000000 0.000000 0.000000 0.000000 821
-0.000000 0.000000 0.446174 0.000000 0.000000 0.000000 0.000000 0.000000 0.000000 822
-0.000000 0.000000 0.446715 0.000000 0.000000 0.000000 0.000000 0.000000 0.000000 823
-0.000000 0.000000 0.447257 0.000000 0.000000 0.000000 0.000000 0.000000 0.000000 824
-0.000000 0.000000 0.447798 0.000000 0.000000 0.000000 0.000000 0.000000 0.000000 825
-0.000000 0.000000 0.448340 0.000000 0.000000 0.000000 0.000000 0.000000 0.000000 826
-0.000000 0.000000 0.448881 0.000000 0.000000 0.000000 0.000000 0.000000 0.000000 827
-0.000000 0.000000 0.449423 0.000000 0.000000 0.000000 0.000000 0.000000 0.000000 828
-0.000000 0.000000 0.449964 0.000000 0.000000 0.000000 0.000000 0.000000 0.000000 829
-0.000000 0.000000 0.450506 0.000000 0.000000 0.000000 0.000000 0.000000 0.000000 830
-0.000000 0.000000 0.451047 0.000000 0.000000 0.000000 0.000000 0.000000 0.000000 831
-0.000000 0.000000 0.451589 0.000000 0.000000 0.000000 0.000000 0.000000 0.000000 832
-0.000000 0.000000 0.452130 0.000000 0.000000 0.000000 0.000000 0.000000 0.000000 833
-0.000000 0.000000 0.452672 0.000000 0.000000 0.000000 0.000000 0.000000 0.000000 834
-0.000000 0.000000 0.453213 0.000000 0.000000 0.000000 0.000000 0.000000 0.000000 835
-0.000000 0.000000 0.453755 0.000000 0.000000 0.000000 0.000000 0.000000 0.000000 836
-0.000000 0.000000 0.454296 0.000000 0.000000 0.000000 0.000000 0.000000 0.000000 837
-0.000000 0.000000 0.454838 0.000000 0.000000 0.000000 0.000000 0.000000 0.000000 838
-0.000000 0.000000 0.455379 0.000000 0.000000 0.000000 0.000000 0.000000 0.000000 839
-0.000000 0.000000 0.455921 0.000000 0.000000 0.000000 0.000000 0.000000 0.000000 840
-0.000000 0.000000 0.456462 0.000000 0.000000 0.000000 0.000000 0.000000 0.000000 841
-0.000000 0.000000 0.457004 0.000000 0.000000 0.000000 0.000000 0.000000 0.000000 842
-0.000000 0.000000 0.457545 0.000000 0.000000 0.000000 0.000000 0.000000 0.000000 843
-0.000000 0.000000 0.458087 0.000000 0.000000 0.000000 0.000000 0.000000 0.000000 844
-0.000000 0.000000 0.458628 0.000000 0.000000 0.000000 0.000000 0.000000 0.000000 845
-0.000000 0.000000 0.459170 0.000000 0.000000 0.000000 0.000000 0.000000 0.000000 846
-0.000000 0.000000 0.459711 0.000000 0.000000 0.000000 0.000000 0.000000 0.000000 847
-0.000000 0.000000 0.460253 0.000000 0.000000 0.000000 0.000000 0.000000 0.000000 848
-0.000000 0.000000 0.460794 0.000000 0.000000 0.000000 0.000000 0.000000 0.000000 849
-0.000000 0.000000 0.461336 0.000000 0.000000 0.000000 0.000000 0.000000 0.000000 850
-0.000000 0.000000 0.461877 0.000000 0.000000 0.000000 0.000000 0.000000 0.000000 851
-0.000000 0.000000 0.462419 0.000000 0.000000 0.000000 0.000000 0.000000 0.000000 852
-0.000000 0.000000 0.462960 0.000000 0.000000 0.000000 0.000000 0.000000 0.000000 853
-0.000000 0.000000 0.463502 0.000000 0.000000 0.000000 0.000000 0.000000 0.000000 854
-0.000000 0.000000 0.464043 0.000000 0.000000 0.000000 0.000000 0.000000 0.000000 855
-0.000000 0.000000 0.464585 0.000000 0.000000 0.000000 0.000000 0.000000 0.000000 856
-0.000000 0.000000 0.465126 0.000000 0.000000 0.000000 0.000000 0.000000 0.000000 857
-0.000000 0.000000 0.465668 0.000000 0.000000 0.000000 0.000000 0.000000 0.000000 858
-0.000000 0.000000 0.466209 0.000000 0.000000 0.000000 0.000000 0.000000 0.000000 859
-0.000000 0.000000 0.466750 0.000000 0.000000 0.000000 0.000000 0.000000 0.000000 860
-0.000000 0.000000 0.467292 0.000000 0.000000 0.000000 0.000000 0.000000 0.000000 861
-0.000000 0.000000 0.467833 0.000000 0.000000 0.000000 0.000000 0.000000 0.000000 862
-0.000000 0.000000 0.468375 0.000000 0.000000 0.000000 0.000000 0.000000 0.000000 863
-0.000000 0.000000 0.468916 0.000000 0.000000 0.000000 0.000000 0.000000 0.000000 864
-0.000000 0.000000 0.469458 0.000000 0.000000 0.000000 0.000000 0.000000 0.000000 865
-0.000000 0.000000 0.469999 0.000000 0.000000 0.000000 0.000000 0.000000 0.000000 866
-0.000000 0.000000 0.470541 0.000000 0.000000 0.000000 0.000000 0.000000 0.000000 867
-0.000000 0.000000 0.471082 0.000000 0.000000 0.000000 0.000000 0.000000 0.000000 868
-0.000000 0.000000 0.471624 0.000000 0.000000 0.000000 0.000000 0.000000 0.000000 869
-0.000000 0.000000 0.472165 0.000000 0.000000 0.000000 0.000000 0.000000 0.000000 870
-0.000000 0.000000 0.472707 0.000000 0.000000 0.000000 0.000000 0.000000 0.000000 871
-0.000000 0.000000 0.473248 0.000000 0.000000 0.000000 0.000000 0.000000 0.000000 872
-0.000000 0.000000 0.473789 0.000000 0.000000 0.000000 0.000000 0.000000 0.000000 873
-0.000000 0.000000 0.474331 0.000000 0.000000 0.000000 0.000000 0.000000 0.000000 874
-0.000000 0.000000 0.474872 0.000000 0.000000 0.000000 0.000000 0.000000 0.000000 875
-0.000000 0.000000 0.475414 0.000000 0.000000 0.000000 0.000000 0.000000 0.000000 876
-0.000000 0.000000 0.475955 0.000000 0.000000 0.000000 0.000000 0.000000 0.000000 877
-0.000000 0.000000 0.476497 0.000000 0.000000 0.000000 0.000000 0.000000 0.000000 878
-0.000000 0.000000 0.477038 0.000000 0.000000 0.000000 0.000000 0.000000 0.000000 879
-0.000000 0.000000 0.477580 0.000000 0.000000 0.000000 0.000000 0.000000 0.000000 880
-0.000000 0.000000 0.478121 0.000000 0.000000 0.000000 0.000000 0.000000 0.000000 881
-0.000000 0.000000 0.478662 0.000000 0.000000 0.000000 0.000000 0.000000 0.000000 882
-0.000000 0.000000 0.479204 0.000000 0.000000 0.000000 0.000000 0.000000 0.000000 883
-0.000000 0.000000 0.479745 0.000000 0.000000 0.000000 0.000000 0.000000 0.000000 884
-0.000000 0.000000 0.480287 0.000000 0.000000 0.000000 0.000000 0.000000 0.000000 885
-0.000000 0.000000 0.480828 0.000000 0.000000 0.000000 0.000000 0.000000 0.000000 886
-0.000000 0.000000 0.481370 0.000000 0.000000 0.000000 0.000000 0.000000 0.000000 887
-0.000000 0.000000 0.481911 0.000000 0.000000 0.000000 0.000000 0.000000 0.000000 888
-0.000000 0.000000 0.482453 0.000000 0.000000 0.000000 0.000000 0.000000 0.000000 889
-0.000000 0.000000 0.482994 0.000000 0.000000 0.000000 0.000000 0.000000 0.000000 890
-0.000000 0.000000 0.483535 0.000000 0.000000 0.000000 0.000000 0.000000 0.000000 891
-0.000000 0.000000 0.484077 0.000000 0.000000 0.000000 0.000000 0.000000 0.000000 892
-0.000000 0.000000 0.484618 0.000000 0.000000 0.000000 0.000000 0.000000 0.000000 893
-0.000000 0.000000 0.485160 0.000000 0.000000 0.000000 0.000000 0.000000 0.000000 894
-0.000000 0.000000 0.485701 0.000000 0.000000 0.000000 0.000000 0.000000 0.000000 895
-0.000000 0.000000 0.486242 0.000000 0.000000 0.000000 0.000000 0.000000 0.000000 896
-0.000000 0.000000 0.486784 0.000000 0.000000 0.000000 0.000000 0.000000 0.000000 897
-0.000000 0.000000 0.487325 0.000000 0.000000 0.000000 0.000000 0.000000 0.000000 898
-0.000000 0.000000 0.487867 0.000000 0.000000 0.000000 0.000000 0.000000 0.000000 899
-0.000000 0.000000 0.488408 0.000000 0.000000 0.000000 0.000000 0.000000 0.000000 900
-0.000000 0.000000 0.488950 0.000000 0.000000 0.000000 0.000000 0.000000 0.000000 901
-0.000000 0.000000 0.489491 0.000000 0.000000 0.000000 0.000000 0.000000 0.000000 902
-0.000000 0.000000 0.490032 0.000000 0.000000 0.000000 0.000000 0.000000 0.000000 903
-0.000000 0.000000 0.490574 0.000000 0.000000 0.000000 0.000000 0.000000 0.000000 904
-0.000000 0.000000 0.491115 0.000000 0.000000 0.000000 0.000000 0.000000 0.000000 905
-0.000000 0.000000 0.491657 0.000000 0.000000 0.000000 0.000000 0.000000 0.000000 906
-0.000000 0.000000 0.492198 0.000000 0.000000 0.000000 0.000000 0.000000 0.000000 907
-0.000000 0.000000 0.492739 0.000000 0.000000 0.000000 0.000000 0.000000 0.000000 908
-0.000000 0.000000 0.493281 0.000000 0.000000 0.000000 0.000000 0.000000 0.000000 909
-0.000000 0.000000 0.493822 0.000000 0.000000 0.000000 0.000000 0.000000 0.000000 910
-0.000000 0.000000 0.494364 0.000000 0.000000 0.000000 0.000000 0.000000 0.000000 911
-0.000000 0.000000 0.494905 0.000000 0.000000 0.000000 0.000000 0.000000 0.000000 912
-0.000000 0.000000 0.495446 0.000000 0.000000 0.000000 0.000000 0.000000 0.000000 913
-0.000000 0.000000 0.495988 0.000000 0.000000 0.000000 0.000000 0.000000 0.000000 914
-0.000000 0.000000 0.496529 0.000000 0.000000 0.000000 0.000000 0.000000 0.000000 915
-0.000000 0.000000 0.497071 0.000000 0.000000 0.000000 0.000000 0.000000 0.000000 916
-0.000000 0.000000 0.497612 0.000000 0.000000 0.000000 0.000000 0.000000 0.000000 917
-0.000000 0.000000 0.498153 0.000000 0.000000 0.000000 0.000000 0.000000 0.000000 918
-0.000000 0.000000 0.498695 0.000000 0.000000 0.000000 0.000000 0.000000 0.000000 919
-0.000000 0.000000 0.499236 0.000000 0.000000 0.000000 0.000000 0.000000 0.000000 920
-0.000000 0.000000 0.499777 0.000000 0.000000 0.000000 0.000000 0.000000 0.000000 921
-0.000000 0.000000 0.500319 0.000000 0.000000 0.000000 0.000000 0.000000 0.000000 922
-0.000000 0.000000 0.500860 0.000000 0.000000 0.000000 0.000000 0.000000 0.000000 923
-0.000000 0.000000 0.501402 0.000000 0.000000 0.000000 0.000000 0.000000 0.000000 924
-0.000000 0.000000 0.501943 0.000000 0.000000 0.000000 0.000000 0.000000 0.000000 925
-0.000000 0.000000 0.502484 0.000000 0.000000 0.000000 0.000000 0.000000 0.000000 926
-0.000000 0.000000 0.503026 0.000000 0.000000 0.000000 0.000000 0.000000 0.000000 927
-0.000000 0.000000 0.503567 0.000000 0.000000 0.000000 0.000000 0.000000 0.000000 928
-0.000000 0.000000 0.504108 0.000000 0.000000 0.000000 0.000000 0.000000 0.000000 929
-0.000000 0.000000 0.504650 0.000000 0.000000 0.000000 0.000000 0.000000 0.000000 930
-0.000000 0.000000 0.505191 0.000000 0.000000 0.000000 0.000000 0.000000 0.000000 931
-0.000000 0.000000 0.505733 0.000000 0.000000 0.000000 0.000000 0.000000 0.000000 932
-0.000000 0.000000 0.506274 0.000000 0.000000 0.000000 0.000000 0.000000 0.000000 933
-0.000000 0.000000 0.506815 0.000000 0.000000 0.000000 0.000000 0.000000 0.000000 934
-0.000000 0.000000 0.507357 0.000000 0.000000 0.000000 0.000000 0.000000 0.000000 935
-0.000000 0.000000 0.507898 0.000000 0.000000 0.000000 0.000000 0.000000 0.000000 936
-0.000000 0.000000 0.508439 0.000000 0.000000 0.000000 0.000000 0.000000 0.000000 937
-0.000000 0.000000 0.508981 0.000000 0.000000 0.000000 0.000000 0.000000 0.000000 938
-0.000000 0.000000 0.509522 0.000000 0.000000 0.000000 0.000000 0.000000 0.000000 939
-0.000000 0.000000 0.510063 0.000000 0.000000 0.000000 0.000000 0.000000 0.000000 940
-0.000000 0.000000 0.510605 0.000000 0.000000 0.000000 0.000000 0.000000 0.000000 941
-0.000000 0.000000 0.511146 0.000000 0.000000 0.000000 0.000000 0.000000 0.000000 942
-0.000000 0.000000 0.511688 0.000000 0.000000 0.000000 0.000000 0.000000 0.000000 943
-0.000000 0.000000 0.512229 0.000000 0.000000 0.000000 0.000000 0.000000 0.000000 944
-0.000000 0.000000 0.512770 0.000000 0.000000 0.000000 0.000000 0.000000 0.000000 945
-0.000000 0.000000 0.513312 0.000000 0.000000 0.000000 0.000000 0.000000 0.000000 946
-0.000000 0.000000 0.513853 0.000000 0.000000 0.000000 0.000000 0.000000 0.000000 947
-0.000000 0.000000 0.514394 0.000000 0.000000 0.000000 0.000000 0.000000 0.000000 948
-0.000000 0.000000 0.514936 0.000000 0.000000 0.000000 0.000000 0.000000 0.000000 949
-0.000000 0.000000 0.515477 0.000000 0.000000 0.000000 0.000000 0.000000 0.000000 950
-0.000000 0.000000 0.516018 0.000000 0.000000 0.000000 0.000000 0.000000 0.000000 951
-0.000000 0.000000 0.516560 0.000000 0.000000 0.000000 0.000000 0.000000 0.000000 952
-0.000000 0.000000 0.517101 0.000000 0.000000 0.000000 0.000000 0.000000 0.000000 953
-0.000000 0.000000 0.517642 0.000000 0.000000 0.000000 0.000000 0.000000 0.000000 954
-0.000000 0.000000 0.518184 0.000000 0.000000 0.000000 0.000000 0.000000 0.000000 955
-0.000000 0.000000 0.518725 0.000000 0.000000 0.000000 0.000000 0.000000 0.000000 956
-0.000000 0.000000 0.519266 0.000000 0.000000 0.000000 0.000000 0.000000 0.000000 957
-0.000000 0.000000 0.519808 0.000000 0.000000 0.000000 0.000000 0.000000 0.000000 958
-0.000000 0.000000 0.520349 0.000000 0.000000 0.000000 0.000000 0.000000 0.000000 959
-0.000000 0.000000 0.520890 0.000000 0.000000 0.000000 0.000000 0.000000 0.000000 960
-0.000000 0.000000 0.521432 0.000000 0.000000 0.000000 0.000000 0.000000 0.000000 961
-0.000000 0.000000 0.521973 0.000000 0.000000 0.000000 0.000000 0.000000 0.000000 962
-0.000000 0.000000 0.522514 0.000000 0.000000 0.000000 0.000000 0.000000 0.000000 963
-0.000000 0.000000 0.523056 0.000000 0.000000 0.000000 0.000000 0.000000 0.000000 964
-0.000000 0.000000 0.523597 0.000000 0.000000 0.000000 0.000000 0.000000 0.000000 965
-0.000000 0.000000 0.524138 0.000000 0.000000 0.000000 0.000000 0.000000 0.000000 966
-0.000000 0.000000 0.524679 0.000000 0.000000 0.000000 0.000000 0.000000 0.000000 967
-0.000000 0.000000 0.525221 0.000000 0.000000 0.000000 0.000000 0.000000 0.000000 968
-0.000000 0.000000 0.525762 0.000000 0.000000 0.000000 0.000000 0.000000 0.000000 969
-0.000000 0.000000 0.526303 0.000000 0.000000 0.000000 0.000000 0.000000 0.000000 970
-0.000000 0.000000 0.526845 0.000000 0.000000 0.000000 0.000000 0.000000 0.000000 971
-0.000000 0.000000 0.527386 0.000000 0.000000 0.000000 0.000000 0.000000 0.000000 972
-0.000000 0.000000 0.527927 0.000000 0.000000 0.000000 0.000000 0.000000 0.000000 973
-0.000000 0.000000 0.528469 0.000000 0.000000 0.000000 0.000000 0.000000 0.000000 974
-0.000000 0.000000 0.529010 0.000000 0.000000 0.000000 0.000000 0.000000 0.000000 975
-0.000000 0.000000 0.529551 0.000000 0.000000 0.000000 0.000000 0.000000 0.000000 976
-0.000000 0.000000 0.530093 0.000000 0.000000 0.000000 0.000000 0.000000 0.000000 977
-0.000000 0.000000 0.530634 0.000000 0.000000 0.000000 0.000000 0.000000 0.000000 978
-0.000000 0.000000 0.531175 0.000000 0.000000 0.000000 0.000000 0.000000 0.000000 979
-0.000000 0.000000 0.531716 0.000000 0.000000 0.000000 0.000000 0.000000 0.000000 980
-0.000000 0.000000 0.532258 0.000000 0.000000 0.000000 0.000000 0.000000 0.000000 981
-0.000000 0.000000 0.532799 0.000000 0.000000 0.000000 0.000000 0.000000 0.000000 982
-0.000000 0.000000 0.533340 0.000000 0.000000 0.000000 0.000000 0.000000 0.000000 983
-0.000000 0.000000 0.533882 0.000000 0.000000 0.000000 0.000000 0.000000 0.000000 984
-0.000000 0.000000 0.534423 0.000000 0.000000 0.000000 0.000000 0.000000 0.000000 985
-0.000000 0.000000 0.534964 0.000000 0.000000 0.000000 0.000000 0.000000 0.000000 986
-0.000000 0.000000 0.535505 0.000000 0.000000 0.000000 0.000000 0.000000 0.000000 987
-0.000000 0.000000 0.536047 0.000000 0.000000 0.000000 0.000000 0.000000 0.000000 988
-0.000000 0.000000 0.536588 0.000000 0.000000 0.000000 0.000000 0.000000 0.000000 989
-0.000000 0.000000 0.537129 0.000000 0.000000 0.000000 0.000000 0.000000 0.000000 990
-0.000000 0.000000 0.537671 0.000000 0.000000 0.000000 0.000000 0.000000 0.000000 991
-0.000000 0.000000 0.538212 0.000000 0.000000 0.000000 0.000000 0.000000 0.000000 992
-0.000000 0.000000 0.538753 0.000000 0.000000 0.000000 0.000000 0.000000 0.000000 993
-0.000000 0.000000 0.539294 0.000000 0.000000 0.000000 0.000000 0.000000 0.000000 994
-0.000000 0.000000 0.539836 0.000000 0.000000 0.000000 0.000000 0.000000 0.000000 995
-0.000000 0.000000 0.540377 0.000000 0.000000 0.000000 0.000000 0.000000 0.000000 996
-0.000000 0.000000 0.540918 0.000000 0.000000 0.000000 0.000000 0.000000 0.000000 997
-0.000000 0.000000 0.541460 0.000000 0.000000 0.000000 0.000000 0.000000 0.000000 998
-0.000000 0.000000 0.542001 0.000000 0.000000 0.000000 0.000000 0.000000 0.000000 999
-0.000000 0.000000 0.542542 0.000000 0.000000 0.000000 0.000000 0.000000 0.000000 1000
