0.000000 0.000000 0.000000 0.000000 0.000000 0.000000 0.000000 0.000000 0.000000 0
0.000000 0.000000 -1.656413 -0.060414 0.024822 -0.000290 -0.000607 0.000249 -0.000003 1
-0.000023 -0.000063 -3.312826 -0.060414 0.024822 -0.000290 -0.000607 0.000249 -0.000003 2
-0.000047 -0.000125 -4.969238 -0.060414 0.024822 -0.000290 -0.000607 0.000249 -0.000003 3
-0.000070 -0.000188 -6.625651 -0.060414 0.024822 -0.000290 -0.000607 0.000249 -0.000003 4
-0.000093 -0.000250 -8.282064 -0.060414 0.024822 -0.000290 -0.000607 0.000249 -0.000003 5
-0.000117 -0.000313 -9.938477 -0.060414 0.024822 -0.000290 -0.000607 0.000249 -0.000003 6
-0.000140 -0.000375 -11.594890 -0.060414 0.024822 -0.000290 -0.000607 0.000249 -0.000003 7
-0.000163 -0.000438 -13.251302 -0.060414 0.024822 -0.000290 -0.000607 0.000249 -0.000003 8
-0.000186 -0.000500 -14.907715 -0.060414 0.024822 -0.000290 -0.000607 0.000249 -0.000003 9
-0.000210 -0.000563 -16.564128 -0.060414 0.024822 -0.000290 -0.000607 0.000249 -0.000003 10
-0.000233 -0.000626 -18.220541 -0.060414 0.024822 -0.000290 -0.000607 0.000249 -0.000003 11
-0.000256 -0.000688 -19.876953 -0.060414 0.024822 -0.000290 -0.000607 0.000249 -0.000003 12
-0.000280 -0.000751 -21.533366 -0.060414 0.024822 -0.000290 -0.000607 0.000249 -0.000003 13
-0.000303 -0.000813 -23.189779 -0.060414 0.024822 -0.000290 -0.000607 0.000249 -0.000003 14
-0.000326 -0.000876 -24.846192 -0.060414 0.024822 -0.000290 -0.000607 0.000249 -0.000003 15
-0.000350 -0.000938 -26.502605 -0.060414 0.024822 -0.000290 -0.000607 0.000249 -0.000003 16
-0.000373 -0.001001 -28.159017 -0.060414 0.024822 -0.000290 -0.000607 0.000249 -0.000003 17
-0.000396 -0.001064 -29.815430 -0.060414 0.024822 -0.000290 -0.000607 0.000249 -0.000003 18
-0.000419 -0.001126 -31.471843 -0.060414 0.024822 -0.000290 -0.000607 0.000249 -0.000003 19
-0.000443 -0.001189 -33.128256 -0.060414 0.024822 -0.000290 -0.000607 0.000249 -0.000003 20
-0.000466 -0.001251 -34.784669 -0.060414 0.024822 -0.000290 -0.000607 0.000249 -0.000003 21
-0.000489 -0.001314 -36.441081 -0.060414 0.024822 -0.000290 -0.000607 0.000249 -0.000003 22
-0.000513 -0.001376 -38.097494 -0.060414 0.024822 -0.000290 -0.000607 0.000249 -0.000003 23
-0.000536 -0.001439 -39.753907 -0.060414 0.024822 -0.000290 -0.000607 0.000249 -0.000003 24
-0.000559 -0.001501 -41.410320 -0.060414 0.024822 -0.000290 -0.000607 0.000249 -0.000003 25
-0.000583 -0.001564 -43.066732 -0.060414 0.024822 -0.000290 -0.000607 0.000249 -0.000003 26
-0.000606 -0.001627 -44.723145 -0.060414 0.024822 -0.000290 -0.000607 0.000249 -0.000003 27
-0.000629 -0.001689 -46.379558 -0.060414 0.024822 -0.000290 -0.000607 0.000249 -0.000003 28
-0.000652 -0.001752 -48.035971 -0.060414 0.024822 -0.000290 -0.000607 0.000249 -0.000003 29
-0.000676 -0.001814 -49.692384 -0.060414 0.024822 -0.000290 -0.000607 0.000249 -0.000003 30
-0.000699 -0.001877 -51.348796 -0.060414 0.024822 -0.000290 -0.000607 0.000249 -0.000003 31
-0.000722 -0.001939 -53.005209 -0.060414 0.024822 -0.000290 -0.000607 0.000249 -0.000003 32
-0.000746 -0.002002 -54.661622 -0.060414 0.024822 -0.000290 -0.000607 0.000249 -0.000003 33
-0.000769 -0.002064 -56.318035 -0.060414 0.024822 -0.000290 -0.000607 0.000249 -0.000003 34
-0.000792 -0.002127 -57.974448 -0.060414 0.024822 -0.000290 -0.000607 0.000249 -0.000003 35
-0.000816 -0.002190 -59.630860 -0.060414 0.024822 -0.000290 -0.000607 0.000249 -0.000003 36
-0.000839 -0.002252 -61.287273 -0.060414 0.024822 -0.000290 -0.000607 0.000249 -0.000003 37
-0.000862 -0.002315 -62.943686 -0.060414 0.024822 -0.000290 -0.000607 0.000249 -0.000003 38
-0.000886 -0.002377 -64.600099 -0.060414 0.024822 -0.000290 -0.000607 0.000249 -0.000003 39
-0.000909 -0.002440 -66.256512 -0.060414 0.024822 -0.000290 -0.000607 0.000249 -0.000003 40
-0.000932 -0.002502 -67.912924 -0.060414 0.024822 -0.000290 -0.000607 0.000249 -0.000003 41
-0.000955 -0.002565 -69.569337 -0.060414 0.024822 -0.000290 -0.000607 0.000249 -0.000003 42
-0.000979 -0.002628 -71.225750 -0.060414 0.024822 -0.000290 -0.000607 0.000249 -0.000003 43
-0.001002 -0.002690 -72.882163 -0.060414 0.024822 -0.000290 -0.000607 0.000249 -0.000003 44
-0.001025 -0.002753 -74.538575 -0.060414 0.024822 -0.000290 -0.000607 0.000249 -0.000003 45
-0.001049 -0.002815 -76.194988 -0.060414 0.024822 -0.000290 -0.000607 0.000249 -0.000003 46
-0.001072 -0.002878 -77.851401 -0.060414 0.024822 -0.000290 -0.000607 0.000249 -0.000003 47
-0.001095 -0.002940 -79.507814 -0.060414 0.024822 -0.000290 -0.000607 0.000249 -0.000003 48
-0.001119 -0.003003 -81.164227 -0.060414 0.024822 -0.000290 -0.000607 0.000249 -0.000003 49
-0.001142 -0.003065 -82.820639 -0.060414 0.024822 -0.000290 -0.000607 0.000249 -0.000003 50
-0.001165 -0.003128 -84.477052 -0.060414 0.024822 -0.000290 -0.000607 0.000249 -0.000003 51
-0.001188 -0.003191 -86.133465 -0.060414 0.024822 -0.000290 -0.000607 0.000249 -0.000003 52
-0.001212 -0.003253 -87.789878 -0.060414 0.024822 -0.000290 -0.000607 0.000249 -0.000003 53
-0.001235 -0.003316 -89.446291 -0.060414 0.024822 -0.000290 -0.000607 0.000249 -0.000003 54
-0.001258 -0.003378 -91.102703 -0.060414 0.024822 -0.000290 -0.000607 0.000249 -0.000003 55
-0.001282 -0.003441 -92.759116 -0.060414 0.024822 -0.000290 -0.000607 0.000249 -0.000003 56
-0.001305 -0.003503 -94.415529 -0.060414 0.024822 -0.000290 -0.000607 0.000249 -0.000003 57
-0.001328 -0.003566 -96.071942 -0.060414 0.024822 -0.000290 -0.000607 0.000249 -0.000003 58
-0.001352 -0.003629 -97.728354 -0.060414 0.024822 -0.000290 -0.000607 0.000249 -0.000003 59
-0.001375 -0.003691 -99.384767 -0.060414 0.024822 -0.000290 -0.000607 0.000249 -0.000003 60
-0.001398 -0.003754 -101.041180 -0.060414 0.024822 -0.000290 -0.000607 0.000249 -0.000003 61
-0.001421 -0.003816 -102.697593 -0.060414 0.024822 -0.000290 -0.000607 0.000249 -0.000003 62
-0.001445 -0.003879 -104.354006 -0.060414 0.024822 -0.000290 -0.000607 0.000249 -0.000003 63
-0.001468 -0.003941 -106.010418 -0.060414 0.024822 -0.000290 -0.000607 0.000249 -0.000003 64
-0.001491 -0.004004 -107.666831 -0.060414 0.024822 -0.000290 -0.000607 0.000249 -0.000003 65
-0.001515 -0.004066 -109.323244 -0.060414 0.024822 -0.000290 -0.000607 0.000249 -0.000003 66
-0.001538 -0.004129 -110.979657 -0.060414 0.024822 -0.000290 -0.000607 0.000249 -0.000003 67
-0.001561 -0.004192 -112.636070 -0.060414 0.024822 -0.000290 -0.000607 0.000249 -0.000003 68
-0.001585 -0.004254 -114.292482 -0.060414 0.024822 -0.000290 -0.000607 0.000249 -0.000003 69
-0.001608 -0.004317 -115.948895 -0.060414 0.024822 -0.000290 -0.000607 0.000249 -0.000003 70
-0.001631 -0.004379 -117.605308 -0.060414 0.024822 -0.000290 -0.000607 0.000249 -0.000003 71
-0.001655 -0.004442 -119.261721 -0.060414 0.024822 -0.000290 -0.000607 0.000249 -0.000003 72
-0.001678 -0.004504 -120.918134 -0.060414 0.024822 -0.000290 -0.000607 0.000249 -0.000003 73
-0.001701 -0.004567 -122.574546 -0.060414 0.024822 -0.000290 -0.000607 0.000249 -0.000003 74
-0.001724 -0.004629 -124.230959 -0.060414 0.024822 -0.000290 -0.000607 0.000249 -0.000003 75
-0.001748 -0.004692 -125.887372 -0.060414 0.024822 -0.000290 -0.000607 0.000249 -0.000003 76
-0.001771 -0.004755 -127.543785 -0.060414 0.024822 -0.000290 -0.000607 0.000249 -0.000003 77
-0.001794 -0.004817 -129.200197 -0.060414 0.024822 -0.000290 -0.000607 0.000249 -0.000003 78
-0.001818 -0.004880 -130.856610 -0.060414 0.024822 -0.000290 -0.000607 0.000249 -0.000003 79
-0.001841 -0.004942 -132.513023 -0.060414 0.024822 -0.000290 -0.000607 0.000249 -0.000003 80
-0.001864 -0.005005 -134.169436 -0.060414 0.024822 -0.000290 -0.000607 0.000249 -0.000003 81
-0.001888 -0.005067 -135.825849 -0.060414 0.024822 -0.000290 -0.000607 0.000249 -0.000003 82
-0.001911 -0.005130 -137.482261 -0.060414 0.024822 -0.000290 -0.000607 0.000249 -0.000003 83
-0.001934 -0.005193 -139.138674 -0.060414 0.024822 -0.000290 -0.000607 0.000249 -0.000003 84
-0.001957 -0.005255 -140.795087 -0.060414 0.024822 -0.000290 -0.000607 0.000249 -0.000003 85
-0.001981 -0.005318 -142.451500 -0.060414 0.024822 -0.000290 -0.000607 0.000249 -0.000003 86
-0.002004 -0.005380 -144.107913 -0.060414 0.024822 -0.000290 -0.000607 0.000249 -0.000003 87
-0.002027 -0.005443 -145.764325 -0.060414 0.024822 -0.000290 -0.000607 0.000249 -0.000003 88
-0.002051 -0.005505 -147.420738 -0.060414 0.024822 -0.000290 -0.000607 0.000249 -0.000003 89
-0.002074 -0.005568 -149.077151 -0.060414 0.024822 -0.000290 -0.000607 0.000249 -0.000003 90
-0.002097 -0.005630 -150.733564 -0.060414 0.024822 -0.000290 -0.000607 0.000249 -0.000003 91
-0.002121 -0.005693 -152.389976 -0.060414 0.024822 -0.000290 -0.000607 0.000249 -0.000003 92
-0.002144 -0.005756 -154.046389 -0.060414 0.024822 -0.000290 -0.000607 0.000249 -0.000003 93
-0.002167 -0.005818 -155.702802 -0.060414 0.024822 -0.000290 -0.000607 0.000249 -0.000003 94
-0.002190 -0.005881 -157.359215 -0.060414 0.024822 -0.000290 -0.000607 0.000249 -0.000003 95
-0.002214 -0.005943 -159.015628 -0.060414 0.024822 -0.000290 -0.000607 0.000249 -0.000003 96
-0.002237 -0.006006 -160.672040 -0.060414 0.024822 -0.000290 -0.000607 0.000249 -0.000003 97
-0.002260 -0.006068 -162.328453 -0.060414 0.024822 -0.000290 -0.000607 0.000249 -0.000003 98
-0.002284 -0.006131 -163.984866 -0.060414 0.024822 -0.000290 -0.000607 0.000249 -0.000003 99
-0.002307 -0.006193 -165.641279 -0.060414 0.024822 -0.000290 -0.000607 0.000249 -0.000003 100
-0.002330 -0.006256 -167.297692 -0.060414 0.024822 -0.000290 -0.000607 0.000249 -0.000003 101
-0.002354 -0.006319 -168.954104 -0.060414 0.024822 -0.000290 -0.000607 0.000249 -0.000003 102
-0.002377 -0.006381 -170.610517 -0.060414 0.024822 -0.000290 -0.000607 0.000249 -0.000003 103
-0.002400 -0.006444 -172.266930 -0.060414 0.024822 -0.000290 -0.000607 0.000249 -0.000003 104
-0.002423 -0.006506 -173.923343 -0.060414 0.024822 -0.000290 -0.000607 0.000249 -0.000003 105
-0.002447 -0.006569 -175.579755 -0.060414 0.024822 -0.000290 -0.000607 0.000249 -0.000003 106
-0.002470 -0.006631 -177.236168 -0.060414 0.024822 -0.000290 -0.000607 0.000249 -0.000003 107
-0.002493 -0.006694 -178.892581 -0.060414 0.024822 -0.000290 -0.000607 0.000249 -0.000003 108
-0.002517 -0.006757 -180.548994 -0.060414 0.024822 -0.000290 -0.000607 0.000249 -0.000003 109
-0.002540 -0.006819 -182.205407 -0.060414 0.024822 -0.000290 -0.000607 0.000249 -0.000003 110
-0.002563 -0.006882 -183.861819 -0.060414 0.024822 -0.000290 -0.000607 0.000249 -0.000003 111
-0.002587 -0.006944 -185.518232 -0.060414 0.024822 -0.000290 -0.000607 0.000249 -0.000003 112
-0.002610 -0.007007 -187.174645 -0.060414 0.024822 -0.000290 -0.000607 0.000249 -0.000003 113
-0.002633 -0.007069 -188.831058 -0.060414 0.024822 -0.000290 -0.000607 0.000249 -0.000003 114
-0.002657 -0.007132 -190.487471 -0.060414 0.024822 -0.000290 -0.000607 0.000249 -0.000003 115
-0.002680 -0.007194 -192.143883 -0.060414 0.024822 -0.000290 -0.000607 0.000249 -0.000003 116
-0.002703 -0.007257 -193.800296 -0.060414 0.024822 -0.000290 -0.000607 0.000249 -0.000003 117
-0.002726 -0.007320 -195.456709 -0.060414 0.024822 -0.000290 -0.000607 0.000249 -0.000003 118
-0.002750 -0.007382 -197.113122 -0.060414 0.024822 -0.000290 -0.000607 0.000249 -0.000003 119
-0.002773 -0.007445 -198.769535 -0.060414 0.024822 -0.000290 -0.000607 0.000249 -0.000003 120
-0.002796 -0.007507 -200.425947 -0.060414 0.024822 -0.000290 -0.000607 0.000249 -0.000003 121
-0.002820 -0.007570 -202.082360 -0.060414 0.024822 -0.000290 -0.000607 0.000249 -0.000003 122
-0.002843 -0.007632 -203.738773 -0.060414 0.024822 -0.000290 -0.000607 0.000249 -0.000003 123
-0.002866 -0.007695 -205.395186 -0.060414 0.024822 -0.000290 -0.000607 0.000249 -0.000003 124
-0.002890 -0.007758 -207.051598 -0.060414 0.024822 -0.000290 -0.000607 0.000249 -0.000003 125
-0.002913 -0.007820 -208.708011 -0.060414 0.024822 -0.000290 -0.000607 0.000249 -0.000003 126
-0.002936 -0.007883 -210.364424 -0.060414 0.024822 -0.000290 -0.000607 0.000249 -0.000003 127
-0.002959 -0.007945 -212.020837 -0.060414 0.024822 -0.000290 -0.000607 0.000249 -0.000003 128
-0.002983 -0.008008 -213.677250 -0.060414 0.024822 -0.000290 -0.000607 0.000249 -0.000003 129
-0.003006 -0.008070 -215.333662 -0.060414 0.024822 -0.000290 -0.000607 0.000249 -0.000003 130
-0.003029 -0.008133 -216.990075 -0.060414 0.024822 -0.000290 -0.000607 0.000249 -0.000003 131
-0.003053 -0.008195 -218.646488 -0.060414 0.024822 -0.000290 -0.000607 0.000249 -0.000003 132
-0.003076 -0.008258 -220.302901 -0.060414 0.024822 -0.000290 -0.000607 0.000249 -0.000003 133
-0.003099 -0.008321 -221.959314 -0.060414 0.024822 -0.000290 -0.000607 0.000249 -0.000003 134
-0.003123 -0.008383 -223.615726 -0.060414 0.024822 -0.000290 -0.000607 0.000249 -0.000003 135
-0.003146 -0.008446 -225.272139 -0.060414 0.024822 -0.000290 -0.000607 0.000249 -0.000003 136
-0.003169 -0.008508 -226.928552 -0.060414 0.024822 -0.000290 -0.000607 0.000249 -0.000003 137
-0.003192 -0.008571 -228.584965 -0.060414 0.024822 -0.000290 -0.000607 0.000249 -0.000003 138
-0.003216 -0.008633 -230.241377 -0.060414 0.024822 -0.000290 -0.000607 0.000249 -0.000003 139
-0.003239 -0.008696 -231.897790 -0.060414 0.024822 -0.000290 -0.000607 0.000249 -0.000003 140
-0.003262 -0.008758 -233.554203 -0.060414 0.024822 -0.000290 -0.000607 0.000249 -0.000003 141
-0.003286 -0.008821 -235.210616 -0.060414 0.024822 -0.000290 -0.000607 0.000249 -0.000003 142
-0.003309 -0.008884 -236.867029 -0.060414 0.024822 -0.000290 -0.000607 0.000249 -0.000003 143
-0.003332 -0.008946 -238.523441 -0.060414 0.024822 -0.000290 -0.000607 0.000249 -0.000003 144
-0.003356 -0.009009 -240.179854 -0.060414 0.024822 -0.000290 -0.000607 0.000249 -0.000003 145
-0.003379 -0.009071 -241.836267 -0.060414 0.024822 -0.000290 -0.000607 0.000249 -0.000003 146
-0.003402 -0.009134 -243.492680 -0.060414 0.024822 -0.000290 -0.000607 0.000249 -0.000003 147
-0.003426 -0.009196 -245.149093 -0.060414 0.024822 -0.000290 -0.000607 0.000249 -0.000003 148
-0.003449 -0.009259 -246.805505 -0.060414 0.024822 -0.000290 -0.000607 0.000249 -0.000003 149
-0.003472 -0.009322 -248.461918 -0.060414 0.024822 -0.000290 -0.000607 0.000249 -0.000003 150
-0.003495 -0.009384 -250.118331 -0.060414 0.024822 -0.000290 -0.000607 0.000249 -0.000003 151
-0.003519 -0.009447 -251.774744 -0.060414 0.024822 -0.000290 -0.000607 0.000249 -0.000003 152
-0.003542 -0.009509 -253.431157 -0.060414 0.024822 -0.000290 -0.000607 0.000249 -0.000003 153
-0.003565 -0.009572 -255.087569 -0.060414 0.024822 -0.000290 -0.000607 0.000249 -0.000003 154
-0.003589 -0.009634 -256.743982 -0.060414 0.024822 -0.000290 -0.000607 0.000249 -0.000003 155
-0.003612 -0.009697 -258.400395 -0.060414 0.024822 -0.000290 -0.000607 0.000249 -0.000003 156
-0.003635 -0.009759 -260.056808 -0.060414 0.024822 -0.000290 -0.000607 0.000249 -0.000003 157
-0.003659 -0.009822 -261.713220 -0.060414 0.024822 -0.000290 -0.000607 0.000249 -0.000003 158
-0.003682 -0.009885 -263.369633 -0.060414 0.024822 -0.000290 -0.000607 0.000249 -0.000003 159
-0.003705 -0.009947 -265.026046 -0.060414 0.024822 -0.000290 -0.000607 0.000249 -0.000003 160
-0.003728 -0.010010 -266.682459 -0.060414 0.024822 -0.000290 -0.000607 0.000249 -0.000003 161
-0.003752 -0.010072 -268.338872 -0.060414 0.024822 -0.000290 -0.000607 0.000249 -0.000003 162
-0.003775 -0.010135 -269.995284 -0.060414 0.024822 -0.000290 -0.000607 0.000249 -0.000003 163
-0.003798 -0.010197 -271.651697 -0.060414 0.024822 -0.000290 -0.000607 0.000249 -0.000003 164
-0.003822 -0.010260 -273.308110 -0.060414 0.024822 -0.000290 -0.000607 0.000249 -0.000003 165
-0.003845 -0.010322 -274.964523 -0.060414 0.024822 -0.000290 -0.000607 0.000249 -0.000003 166
-0.003868 -0.010385 -276.620936 -0.060414 0.024822 -0.000290 -0.000607 0.000249 -0.000003 167
-0.003892 -0.010448 -278.277348 -0.060414 0.024822 -0.000290 -0.000607 0.000249 -0.000003 168
-0.003915 -0.010510 -279.933761 -0.060414 0.024822 -0.000290 -0.000607 0.000249 -0.000003 169
-0.003938 -0.010573 -281.590174 -0.060414 0.024822 -0.000290 -0.000607 0.000249 -0.000003 170
-0.003961 -0.010635 -283.246587 -0.060414 0.024822 -0.000290 -0.000607 0.000249 -0.000003 171
-0.003985 -0.010698 -284.902999 -0.060414 0.024822 -0.000290 -0.000607 0.000249 -0.000003 172
-0.004008 -0.010760 -286.559412 -0.060414 0.024822 -0.000290 -0.000607 0.000249 -0.000003 173
-0.004031 -0.010823 -288.215825 -0.060414 0.024822 -0.000290 -0.000607 0.000249 -0.000003 174
-0.004055 -0.010886 -289.872238 -0.060414 0.024822 -0.000290 -0.000607 0.000249 -0.000003 175
-0.004078 -0.010948 -291.528651 -0.060414 0.024822 -0.000290 -0.000607 0.000249 -0.000003 176
-0.004101 -0.011011 -293.185063 -0.060414 0.024822 -0.000290 -0.000607 0.000249 -0.000003 177
-0.004125 -0.011073 -294.841476 -0.060414 0.024822 -0.000290 -0.000607 0.000249 -0.000003 178
-0.004148 -0.011136 -296.497889 -0.060414 0.024822 -0.000290 -0.000607 0.000249 -0.000003 179
-0.004171 -0.011198 -298.154302 -0.060414 0.024822 -0.000290 -0.000607 0.000249 -0.000003 180
-0.004195 -0.011261 -299.810715 -0.060414 0.024822 -0.000290 -0.000607 0.000249 -0.000003 181
-0.004218 -0.011323 -301.467127 -0.060414 0.024822 -0.000290 -0.000607 0.000249 -0.000003 182
-0.004241 -0.011386 -303.123540 -0.060414 0.024822 -0.000290 -0.000607 0.000249 -0.000003 183
-0.004264 -0.011449 -304.779953 -0.060414 0.024822 -0.000290 -0.000607 0.000249 -0.000003 184
-0.004288 -0.011511 -306.436366 -0.060414 0.024822 -0.000290 -0.000607 0.000249 -0.000003 185
-0.004311 -0.011574 -308.092779 -0.060414 0.024822 -0.000290 -0.000607 0.000249 -0.000003 186
-0.004334 -0.011636 -309.749191 -0.060414 0.024822 -0.000290 -0.000607 0.000249 -0.000003 187
-0.004358 -0.011699 -311.405604 -0.060414 0.024822 -0.000290 -0.000607 0.000249 -0.000003 188
-0.004381 -0.011761 -313.062017 -0.060414 0.024822 -0.000290 -0.000607 0.000249 -0.000003 189
-0.004404 -0.011824 -314.718430 -0.060414 0.024822 -0.000290 -0.000607 0.000249 -0.000003 190
-0.004428 -0.011887 -316.374842 -0.060414 0.024822 -0.000290 -0.000607 0.000249 -0.000003 191
-0.004451 -0.011949 -318.031255 -0.060414 0.024822 -0.000290 -0.000607 0.000249 -0.000003 192
-0.004474 -0.012012 -319.687668 -0.060414 0.024822 -0.000290 -0.000607 0.000249 -0.000003 193
-0.004497 -0.012074 -321.344081 -0.060414 0.024822 -0.000290 -0.000607 0.000249 -0.000003 194
-0.004521 -0.012137 -323.000494 -0.060414 0.024822 -0.000290 -0.000607 0.000249 -0.000003 195
-0.004544 -0.012199 -324.656906 -0.060414 0.024822 -0.000290 -0.000607 0.000249 -0.000003 196
-0.004567 -0.012262 -326.313319 -0.060414 0.024822 -0.000290 -0.000607 0.000249 -0.000003 197
-0.004591 -0.012324 -327.969732 -0.060414 0.024822 -0.000290 -0.000607 0.000249 -0.000003 198
-0.004614 -0.012387 -329.626145 -0.060414 0.024822 -0.000290 -0.000607 0.000249 -0.000003 199
-0.004637 -0.012450 -331.282558 -0.060414 0.024822 -0.000290 -0.000607 0.000249 -0.000003 200
-0.004661 -0.012512 -332.938970 -0.060414 0.024822 -0.000290 -0.000607 0.000249 -0.000003 201
-0.004684 -0.012575 -334.595383 -0.060414 0.024822 -0.000290 -0.000607 0.000249 -0.000003 202
-0.004707 -0.012637 -336.251796 -0.060414 0.024822 -0.000290 -0.000607 0.000249 -0.000003 203
-0.004730 -0.012700 -337.908209 -0.060414 0.024822 -0.000290 -0.000607 0.000249 -0.000003 204
-0.004754 -0.012762 -339.564621 -0.060414 0.024822 -0.000290 -0.000607 0.000249 -0.000003 205
-0.004777 -0.012825 -341.221034 -0.060414 0.024822 -0.000290 -0.000607 0.000249 -0.000003 206
-0.004800 -0.012887 -342.877447 -0.060414 0.024822 -0.000290 -0.000607 0.000249 -0.000003 207
-0.004824 -0.012950 -344.533860 -0.060414 0.024822 -0.000290 -0.000607 0.000249 -0.000003 208
-0.004847 -0.013013 -346.190273 -0.060414 0.024822 -0.000290 -0.000607 0.000249 -0.000003 209
-0.004870 -0.013075 -347.846685 -0.060414 0.024822 -0.000290 -0.000607 0.000249 -0.000003 210
-0.004894 -0.013138 -349.503098 -0.060414 0.024822 -0.000290 -0.000607 0.000249 -0.000003 211
-0.004917 -0.013200 -351.159511 -0.060414 0.024822 -0.000290 -0.000607 0.000249 -0.000003 212
-0.004940 -0.013263 -352.815924 -0.060414 0.024822 -0.000290 -0.000607 0.000249 -0.000003 213
-0.004964 -0.013325 -354.472337 -0.060414 0.024822 -0.000290 -0.000607 0.000249 -0.000003 214
-0.004987 -0.013388 -356.128749 -0.060414 0.024822 -0.000290 -0.000607 0.000249 -0.000003 215
-0.005010 -0.013451 -357.785162 -0.060414 0.024822 -0.000290 -0.000607 0.000249 -0.000003 216
-0.005033 -0.013513 -359.441575 -0.060414 0.024822 -0.000290 -0.000607 0.000249 -0.000003 217
-0.005057 -0.013576 -361.097988 -0.060414 0.024822 -0.000290 -0.000607 0.000249 -0.000003 218
-0.005080 -0.013638 -362.754401 -0.060414 0.024822 -0.000290 -0.000607 0.000249 -0.000003 219
-0.005103 -0.013701 -364.410813 -0.060414 0.024822 -0.000290 -0.000607 0.000249 -0.000003 220
-0.005127 -0.013763 -366.067226 -0.060414 0.024822 -0.000290 -0.000607 0.000249 -0.000003 221
-0.005150 -0.013826 -367.723639 -0.060414 0.024822 -0.000290 -0.000607 0.000249 -0.000003 222
-0.005173 -0.013888 -369.380052 -0.060414 0.024822 -0.000290 -0.000607 0.000249 -0.000003 223
-0.005197 -0.013951 -371.036464 -0.060414 0.024822 -0.000290 -0.000607 0.000249 -0.000003 224
-0.005220 -0.014014 -372.692877 -0.060414 0.024822 -0.000290 -0.000607 0.000249 -0.000003 225
-0.005243 -0.014076 -374.349290 -0.060414 0.024822 -0.000290 -0.000607 0.000249 -0.000003 226
-0.005266 -0.014139 -376.005703 -0.060414 0.024822 -0.000290 -0.000607 0.000249 -0.000003 227
-0.005290 -0.014201 -377.662116 -0.060414 0.024822 -0.000290 -0.000607 0.000249 -0.000003 228
-0.005313 -0.014264 -379.318528 -0.060414 0.024822 -0.000290 -0.000607 0.000249 -0.000003 229
-0.005336 -0.014326 -380.974941 -0.060414 0.024822 -0.000290 -0.000607 0.000249 -0.000003 230
-0.005360 -0.014389 -382.631354 -0.060414 0.024822 -0.000290 -0.000607 0.000249 -0.000003 231
-0.005383 -0.014451 -384.287767 -0.060414 0.024822 -0.000290 -0.000607 0.000249 -0.000003 232
-0.005406 -0.014514 -385.944180 -0.060414 0.024822 -0.000290 -0.000607 0.000249 -0.000003 233
-0.005430 -0.014577 -387.600592 -0.060414 0.024822 -0.000290 -0.000607 0.000249 -0.000003 234
-0.005453 -0.014639 -389.257005 -0.060414 0.024822 -0.000290 -0.000607 0.000249 -0.000003 235
-0.005476 -0.014702 -390.913418 -0.060414 0.024822 -0.000290 -0.000607 0.000249 -0.000003 236
-0.005499 -0.014764 -392.569831 -0.060414 0.024822 -0.000290 -0.000607 0.000249 -0.000003 237
-0.005523 -0.014827 -394.226243 -0.060414 0.024822 -0.000290 -0.000607 0.000249 -0.000003 238
-0.005546 -0.014889 -395.882656 -0.060414 0.024822 -0.000290 -0.000607 0.000249 -0.000003 239
-0.005569 -0.014952 -397.539069 -0.060414 0.024822 -0.000290 -0.000607 0.000249 -0.000003 240
-0.005593 -0.015015 -399.195482 -0.060414 0.024822 -0.000290 -0.000607 0.000249 -0.000003 241
-0.005616 -0.015077 -400.851895 -0.060414 0.024822 -0.000290 -0.000607 0.000249 -0.000003 242
-0.005639 -0.015140 -402.508307 -0.060414 0.024822 -0.000290 -0.000607 0.000249 -0.000003 243
-0.005663 -0.015202 -404.164720 -0.060414 0.024822 -0.000290 -0.000607 0.000249 -0.000003 244
-0.005686 -0.015265 -405.821133 -0.060414 0.024822 -0.000290 -0.000607 0.000249 -0.000003 245
-0.005709 -0.015327 -407.477546 -0.060414 0.024822 -0.000290 -0.000607 0.000249 -0.000003 246
-0.005732 -0.015390 -409.133959 -0.060414 0.024822 -0.000290 -0.000607 0.000249 -0.000003 247
-0.005756 -0.015452 -410.790371 -0.060414 0.024822 -0.000290 -0.000607 0.000249 -0.000003 248
-0.005779 -0.015515 -412.446784 -0.060414 0.024822 -0.000290 -0.000607 0.000249 -0.000003 249
-0.005802 -0.015578 -414.103197 -0.060414 0.024822 -0.000290 -0.000607 0.000249 -0.000003 250
-0.005826 -0.015640 -415.759610 -0.060414 0.024822 -0.000290 -0.000607 0.000249 -0.000003 251
-0.005849 -0.015703 -417.416022 -0.060414 0.024822 -0.000290 -0.000607 0.000249 -0.000003 252
-0.005872 -0.015765 -419.072435 -0.060414 0.024822 -0.000290 -0.000607 0.000249 -0.000003 253
-0.005896 -0.015828 -420.728848 -0.060414 0.024822 -0.000290 -0.000607 0.000249 -0.000003 254
-0.005919 -0.015890 -422.385261 -0.060414 0.024822 -0.000290 -0.000607 0.000249 -0.000003 255
-0.005942 -0.015953 -424.041674 -0.060414 0.024822 -0.000290 -0.000607 0.000249 -0.000003 256
-0.005966 -0.016015 -425.698086 -0.060414 0.024822 -0.000290 -0.000607 0.000249 -0.000003 257
-0.005989 -0.016078 -427.354499 -0.060414 0.024822 -0.000290 -0.000607 0.000249 -0.000003 258
-0.006012 -0.016141 -429.010912 -0.060414 0.024822 -0.000290 -0.000607 0.000249 -0.000003 259
-0.006035 -0.016203 -430.667325 -0.060414 0.024822 -0.000290 -0.000607 0.000249 -0.000003 260
-0.006059 -0.016266 -432.323738 -0.060414 0.024822 -0.000290 -0.000607 0.000249 -0.000003 261
-0.006082 -0.016328 -433.980150 -0.060414 0.024822 -0.000290 -0.000607 0.000249 -0.000003 262
-0.006105 -0.016391 -435.636563 -0.060414 0.024822 -0.000290 -0.000607 0.000249 -0.000003 263
-0.006129 -0.016453 -437.292976 -0.060414 0.024822 -0.000290 -0.000607 0.000249 -0.000003 264
-0.006152 -0.016516 -438.949389 -0.060414 0.024822 -0.000290 -0.000607 0.000249 -0.000003 265
-0.006175 -0.016579 -440.605802 -0.060414 0.024822 -0.000290 -0.000607 0.000249 -0.000003 266
-0.006199 -0.016641 -442.262214 -0.060414 0.024822 -0.000290 -0.000607 0.000249 -0.000003 267
-0.006222 -0.016704 -443.918627 -0.060414 0.024822 -0.000290 -0.000607 0.000249 -0.000003 268
-0.006245 -0.016766 -445.575040 -0.060414 0.024822 -0.000290 -0.000607 0.000249 -0.000003 269
-0.006268 -0.016829 -447.231453 -0.060414 0.024822 -0.000290 -0.000607 0.000249 -0.000003 270
-0.006292 -0.016891 -448.887865 -0.060414 0.024822 -0.000290 -0.000607 0.000249 -0.000003 271
-0.006315 -0.016954 -450.544278 -0.060414 0.024822 -0.000290 -0.000607 0.000249 -0.000003 272
-0.006338 -0.017016 -452.200691 -0.060414 0.024822 -0.000290 -0.000607 0.000249 -0.000003 273
-0.006362 -0.017079 -453.857104 -0.060414 0.024822 -0.000290 -0.000607 0.000249 -0.000003 274
-0.006385 -0.017142 -455.513517 -0.060414 0.024822 -0.000290 -0.000607 0.000249 -0.000003 275
-0.006408 -0.017204 -457.169929 -0.060414 0.024822 -0.000290 -0.000607 0.000249 -0.000003 276
-0.006432 -0.017267 -458.826342 -0.060414 0.024822 -0.000290 -0.000607 0.000249 -0.000003 277
-0.006455 -0.017329 -460.482755 -0.060414 0.024822 -0.000290 -0.000607 0.000249 -0.000003 278
-0.006478 -0.017392 -462.139168 -0.060414 0.024822 -0.000290 -0.000607 0.000249 -0.000003 279
-0.006501 -0.017454 -463.795581 -0.060414 0.024822 -0.000290 -0.000607 0.000249 -0.000003 280
-0.006525 -0.017517 -465.451993 -0.060414 0.024822 -0.000290 -0.000607 0.000249 -0.000003 281
-0.006548 -0.017580 -467.108406 -0.060414 0.024822 -0.000290 -0.000607 0.000249 -0.000003 282
-0.006571 -0.017642 -468.764819 -0.060414 0.024822 -0.000290 -0.000607 0.000249 -0.000003 283
-0.006595 -0.017705 -470.421232 -0.060414 0.024822 -0.000290 -0.000607 0.000249 -0.000003 284
-0.006618 -0.017767 -472.077644 -0.060414 0.024822 -0.000290 -0.000607 0.000249 -0.000003 285
-0.006641 -0.017830 -473.734057 -0.060414 0.024822 -0.000290 -0.000607 0.000249 -0.000003 286
-0.006665 -0.017892 -475.390470 -0.060414 0.024822 -0.000290 -0.000607 0.000249 -0.000003 287
-0.006688 -0.017955 -477.046883 -0.060414 0.024822 -0.000290 -0.000607 0.000249 -0.000003 288
-0.006711 -0.018017 -478.703296 -0.060414 0.024822 -0.000290 -0.000607 0.000249 -0.000003 289
-0.006735 -0.018080 -480.359708 -0.060414 0.024822 -0.000290 -0.000607 0.000249 -0.000003 290
-0.006758 -0.018143 -482.016121 -0.060414 0.024822 -0.000290 -0.000607 0.000249 -0.000003 291
-0.006781 -0.018205 -483.672534 -0.060414 0.024822 -0.000290 -0.000607 0.000249 -0.000003 292
-0.006804 -0.018268 -485.328947 -0.060414 0.024822 -0.000290 -0.000607 0.000249 -0.000003 293
-0.006828 -0.018330 -486.985360 -0.060414 0.024822 -0.000290 -0.000607 0.000249 -0.000003 294
-0.006851 -0.018393 -488.641772 -0.060414 0.024822 -0.000290 -0.000607 0.000249 -0.000003 295
-0.006874 -0.018455 -490.298185 -0.060414 0.024822 -0.000290 -0.000607 0.000249 -0.000003 296
-0.006898 -0.018518 -491.954598 -0.060414 0.024822 -0.000290 -0.000607 0.000249 -0.000003 297
-0.006921 -0.018580 -493.611011 -0.060414 0.024822 -0.000290 -0.000607 0.000249 -0.000003 298
-0.006944 -0.018643 -495.267424 -0.060414 0.024822 -0.000290 -0.000607 0.000249 -0.000003 299
-0.006968 -0.018706 -496.923836 -0.060414 0.024822 -0.000290 -0.000607 0.000249 -0.000003 300
-0.006991 -0.018768 -498.580249 -0.060414 0.024822 -0.000290 -0.000607 0.000249 -0.000003 301
-0.007014 -0.018831 -500.236662 -0.060414 0.024822 -0.000290 -0.000607 0.000249 -0.000003 302
-0.007037 -0.018893 -501.893075 -0.060414 0.024822 -0.000290 -0.000607 0.000249 -0.000003 303
-0.007061 -0.018956 -503.549487 -0.060414 0.024822 -0.000290 -0.000607 0.000249 -0.000003 304
-0.007084 -0.019018 -505.205900 -0.060414 0.024822 -0.000290 -0.000607 0.000249 -0.000003 305
-0.007107 -0.019081 -506.862313 -0.060414 0.024822 -0.000290 -0.000607 0.000249 -0.000003 306
-0.007131 -0.019144 -508.518726 -0.060414 0.024822 -0.000290 -0.000607 0.000249 -0.000003 307
-0.007154 -0.019206 -510.175139 -0.060414 0.024822 -0.000290 -0.000607 0.000249 -0.000003 308
-0.007177 -0.019269 -511.831551 -0.060414 0.024822 -0.000290 -0.000607 0.000249 -0.000003 309
-0.007201 -0.019331 -513.487964 -0.060414 0.024822 -0.000290 -0.000607 0.000249 -0.000003 310
-0.007224 -0.019394 -515.144377 -0.060414 0.024822 -0.000290 -0.000607 0.000249 -0.000003 311
-0.007247 -0.019456 -516.800790 -0.060414 0.024822 -0.000290 -0.000607 0.000249 -0.000003 312
-0.007270 -0.019519 -518.457203 -0.060414 0.024822 -0.000290 -0.000607 0.000249 -0.000003 313
-0.007294 -0.019581 -520.113615 -0.060414 0.024822 -0.000290 -0.000607 0.000249 -0.000003 314
-0.007317 -0.019644 -521.770028 -0.060414 0.024822 -0.000290 -0.000607 0.000249 -0.000003 315
-0.007340 -0.019707 -523.426441 -0.060414 0.024822 -0.000290 -0.000607 0.000249 -0.000003 316
-0.007364 -0.019769 -525.082854 -0.060414 0.024822 -0.000290 -0.000607 0.000249 -0.000003 317
-0.007387 -0.019832 -526.739266 -0.060414 0.024822 -0.000290 -0.000607 0.000249 -0.000003 318
-0.007410 -0.019894 -528.395679 -0.060414 0.024822 -0.000290 -0.000607 0.000249 -0.000003 319
-0.007434 -0.019957 -530.052092 -0.060414 0.024822 -0.000290 -0.000607 0.000249 -0.000003 320
-0.007457 -0.020019 -531.708505 -0.060414 0.024822 -0.000290 -0.000607 0.000249 -0.000003 321
-0.007480 -0.020082 -533.364918 -0.060414 0.024822 -0.000290 -0.000607 0.000249 -0.000003 322
-0.007504 -0.020144 -535.021330 -0.060414 0.024822 -0.000290 -0.000607 0.000249 -0.000003 323
-0.007527 -0.020207 -536.677743 -0.060414 0.024822 -0.000290 -0.000607 0.000249 -0.000003 324
-0.007550 -0.020270 -538.334156 -0.060414 0.024822 -0.000290 -0.000607 0.000249 -0.000003 325
-0.007573 -0.020332 -539.990569 -0.060414 0.024822 -0.000290 -0.000607 0.000249 -0.000003 326
-0.007597 -0.020395 -541.646982 -0.060414 0.024822 -0.000290 -0.000607 0.000249 -0.000003 327
-0.007620 -0.020457 -543.303394 -0.060414 0.024822 -0.000290 -0.000607 0.000249 -0.000003 328
-0.007643 -0.020520 -544.959807 -0.060414 0.024822 -0.000290 -0.000607 0.000249 -0.000003 329
-0.007667 -0.020582 -546.616220 -0.060414 0.024822 -0.000290 -0.000607 0.000249 -0.000003 330
-0.007690 -0.020645 -548.272633 -0.060414 0.024822 -0.000290 -0.000607 0.000249 -0.000003 331
-0.007713 -0.020708 -549.929046 -0.060414 0.024822 -0.000290 -0.000607 0.000249 -0.000003 332
-0.007737 -0.020770 -551.585458 -0.060414 0.024822 -0.000290 -0.000607 0.000249 -0.000003 333
-0.007760 -0.020833 -553.241871 -0.060414 0.024822 -0.000290 -0.000607 0.000249 -0.000003 334
-0.007783 -0.020895 -554.898284 -0.060414 0.024822 -0.000290 -0.000607 0.000249 -0.000003 335
-0.007806 -0.020958 -556.554697 -0.060414 0.024822 -0.000290 -0.000607 0.000249 -0.000003 336
-0.007830 -0.021020 -558.211109 -0.060414 0.024822 -0.000290 -0.000607 0.000249 -0.000003 337
-0.007853 -0.021083 -559.867522 -0.060414 0.024822 -0.000290 -0.000607 0.000249 -0.000003 338
-0.007876 -0.021145 -561.523935 -0.060414 0.024822 -0.000290 -0.000607 0.000249 -0.000003 339
-0.007900 -0.021208 -563.180348 -0.060414 0.024822 -0.000290 -0.000607 0.000249 -0.000003 340
-0.007923 -0.021271 -564.836761 -0.060414 0.024822 -0.000290 -0.000607 0.000249 -0.000003 341
-0.007946 -0.021333 -566.493173 -0.060414 0.024822 -0.000290 -0.000607 0.000249 -0.000003 342
-0.007970 -0.021396 -568.149586 -0.060414 0.024822 -0.000290 -0.000607 0.000249 -0.000003 343
-0.007993 -0.021458 -569.805999 -0.060414 0.024822 -0.000290 -0.000607 0.000249 -0.000003 344
-0.008016 -0.021521 -571.462412 -0.060414 0.024822 -0.000290 -0.000607 0.000249 -0.000003 345
-0.008039 -0.021583 -573.118825 -0.060414 0.024822 -0.000290 -0.000607 0.000249 -0.000003 346
-0.008063 -0.021646 -574.775237 -0.060414 0.024822 -0.000290 -0.000607 0.000249 -0.000003 347
-0.008086 -0.021709 -576.431650 -0.060414 0.024822 -0.000290 -0.000607 0.000249 -0.000003 348
-0.008109 -0.021771 -578.088063 -0.060414 0.024822 -0.000290 -0.000607 0.000249 -0.000003 349
-0.008133 -0.021834 -579.744476 -0.060414 0.024822 -0.000290 -0.000607 0.000249 -0.000003 350
-0.008156 -0.021896 -581.400888 -0.060414 0.024822 -0.000290 -0.000607 0.000249 -0.000003 351
-0.008179 -0.021959 -583.057301 -0.060414 0.024822 -0.000290 -0.000607 0.000249 -0.000003 352
-0.008203 -0.022021 -584.713714 -0.060414 0.024822 -0.000290 -0.000607 0.000249 -0.000003 353
-0.008226 -0.022084 -586.370127 -0.060414 0.024822 -0.000290 -0.000607 0.000249 -0.000003 354
-0.008249 -0.022146 -588.026540 -0.060414 0.024822 -0.000290 -0.000607 0.000249 -0.000003 355
-0.008273 -0.022209 -589.682952 -0.060414 0.024822 -0.000290 -0.000607 0.000249 -0.000003 356
-0.008296 -0.022272 -591.339365 -0.060414 0.024822 -0.000290 -0.000607 0.000249 -0.000003 357
-0.008319 -0.022334 -592.995778 -0.060414 0.024822 -0.000290 -0.000607 0.000249 -0.000003 358
-0.008342 -0.022397 -594.652191 -0.060414 0.024822 -0.000290 -0.000607 0.000249 -0.000003 359
-0.008366 -0.022459 -596.308604 -0.060414 0.024822 -0.000290 -0.000607 0.000249 -0.000003 360
-0.008389 -0.022522 -597.965016 -0.060414 0.024822 -0.000290 -0.000607 0.000249 -0.000003 361
-0.008412 -0.022584 -599.621429 -0.060414 0.024822 -0.000290 -0.000607 0.000249 -0.000003 362
-0.008436 -0.022647 -601.277842 -0.060414 0.024822 -0.000290 -0.000607 0.000249 -0.000003 363
-0.008459 -0.022709 -602.934255 -0.060414 0.024822 -0.000290 -0.000607 0.000249 -0.000003 364
-0.008482 -0.022772 -604.590668 -0.060414 0.024822 -0.000290 -0.000607 0.000249 -0.000003 365
-0.008506 -0.022835 -606.247080 -0.060414 0.024822 -0.000290 -0.000607 0.000249 -0.000003 366
-0.008529 -0.022897 -607.903493 -0.060414 0.024822 -0.000290 -0.000607 0.000249 -0.000003 367
-0.008552 -0.022960 -609.559906 -0.060414 0.024822 -0.000290 -0.000607 0.000249 -0.000003 368
-0.008575 -0.023022 -611.216319 -0.060414 0.024822 -0.000290 -0.000607 0.000249 -0.000003 369
-0.008599 -0.023085 -612.872731 -0.060414 0.024822 -0.000290 -0.000607 0.000249 -0.000003 370
-0.008622 -0.023147 -614.529144 -0.060414 0.024822 -0.000290 -0.000607 0.000249 -0.000003 371
-0.008645 -0.023210 -616.185557 -0.060414 0.024822 -0.000290 -0.000607 0.000249 -0.000003 372
-0.008669 -0.023273 -617.841970 -0.060414 0.024822 -0.000290 -0.000607 0.000249 -0.000003 373
-0.008692 -0.023335 -619.498383 -0.060414 0.024822 -0.000290 -0.000607 0.000249 -0.000003 374
-0.008715 -0.023398 -621.154795 -0.060414 0.024822 -0.000290 -0.000607 0.000249 -0.000003 375
-0.008739 -0.023460 -622.811208 -0.060414 0.024822 -0.000290 -0.000607 0.000249 -0.000003 376
-0.008762 -0.023523 -624.467621 -0.060414 0.024822 -0.000290 -0.000607 0.000249 -0.000003 377
-0.008785 -0.023585 -626.124034 -0.060414 0.024822 -0.000290 -0.000607 0.000249 -0.000003 378
-0.008808 -0.023648 -627.780447 -0.060414 0.024822 -0.000290 -0.000607 0.000249 -0.000003 379
-0.008832 -0.023710 -629.436859 -0.060414 0.024822 -0.000290 -0.000607 0.000249 -0.000003 380
-0.008855 -0.023773 -631.093272 -0.060414 0.024822 -0.000290 -0.000607 0.000249 -0.000003 381
-0.008878 -0.023836 -632.749685 -0.060414 0.024822 -0.000290 -0.000607 0.000249 -0.000003 382
-0.008902 -0.023898 -634.406098 -0.060414 0.024822 -0.000290 -0.000607 0.000249 -0.000003 383
-0.008925 -0.023961 -636.062510 -0.060414 0.024822 -0.000290 -0.000607 0.000249 -0.000003 384
-0.008948 -0.024023 -637.718923 -0.060414 0.024822 -0.000290 -0.000607 0.000249 -0.000003 385
-0.008972 -0.024086 -639.375336 -0.060414 0.024822 -0.000290 -0.000607 0.000249 -0.000003 386
-0.008995 -0.024148 -641.031749 -0.060414 0.024822 -0.000290 -0.000607 0.000249 -0.000003 387
-0.009018 -0.024211 -642.688162 -0.060414 0.024822 -0.000290 -0.000607 0.000249 -0.000003 388
-0.009042 -0.024273 -644.344574 -0.060414 0.024822 -0.000290 -0.000607 0.000249 -0.000003 389
-0.009065 -0.024336 -646.000987 -0.060414 0.024822 -0.000290 -0.000607 0.000249 -0.000003 390
-0.009088 -0.024399 -647.657400 -0.060414 0.024822 -0.000290 -0.000607 0.000249 -0.000003 391
-0.009111 -0.024461 -649.313813 -0.060414 0.024822 -0.000290 -0.000607 0.000249 -0.000003 392
-0.009135 -0.024524 -650.970226 -0.060414 0.024822 -0.000290 -0.000607 0.000249 -0.000003 393
-0.009158 -0.024586 -652.626638 -0.060414 0.024822 -0.000290 -0.000607 0.000249 -0.000003 394
-0.009181 -0.024649 -654.283051 -0.060414 0.024822 -0.000290 -0.000607 0.000249 -0.000003 395
-0.009205 -0.024711 -655.939464 -0.060414 0.024822 -0.000290 -0.000607 0.000249 -0.000003 396
-0.009228 -0.024774 -657.595877 -0.060414 0.024822 -0.000290 -0.000607 0.000249 -0.000003 397
-0.009251 -0.024837 -659.252289 -0.060414 0.024822 -0.000290 -0.000607 0.000249 -0.000003 398
-0.009275 -0.024899 -660.908702 -0.060414 0.024822 -0.000290 -0.000607 0.000249 -0.000003 399
-0.009298 -0.024962 -662.565115 -0.060414 0.024822 -0.000290 -0.000607 0.000249 -0.000003 400
-0.009321 -0.025024 -664.221528 -0.060414 0.024822 -0.000290 -0.000607 0.000249 -0.000003 401
-0.009344 -0.025087 -665.877941 -0.060414 0.024822 -0.000290 -0.000607 0.000249 -0.000003 402
-0.009368 -0.025149 -667.534353 -0.060414 0.024822 -0.000290 -0.000607 0.000249 -0.000003 403
-0.009391 -0.025212 -669.190766 -0.060414 0.024822 -0.000290 -0.000607 0.000249 -0.000003 404
-0.009414 -0.025274 -670.847179 -0.060414 0.024822 -0.000290 -0.000607 0.000249 -0.000003 405
-0.009438 -0.025337 -672.503592 -0.060414 0.024822 -0.000290 -0.000607 0.000249 -0.000003 406
-0.009461 -0.025400 -674.160005 -0.060414 0.024822 -0.000290 -0.000607 0.000249 -0.000003 407
-0.009484 -0.025462 -675.816417 -0.060414 0.024822 -0.000290 -0.000607 0.000249 -0.000003 408
-0.009508 -0.025525 -677.472830 -0.060414 0.024822 -0.000290 -0.000607 0.000249 -0.000003 409
-0.009531 -0.025587 -679.129243 -0.060414 0.024822 -0.000290 -0.000607 0.000249 -0.000003 410
-0.009554 -0.025650 -680.785656 -0.060414 0.024822 -0.000290 -0.000607 0.000249 -0.000003 411
-0.009577 -0.025712 -682.442069 -0.060414 0.024822 -0.000290 -0.000607 0.000249 -0.000003 412
-0.009601 -0.025775 -684.098481 -0.060414 0.024822 -0.000290 -0.000607 0.000249 -0.000003 413
-0.009624 -0.025838 -685.754894 -0.060414 0.024822 -0.000290 -0.000607 0.000249 -0.000003 414
-0.009647 -0.025900 -687.411307 -0.060414 0.024822 -0.000290 -0.000607 0.000249 -0.000003 415
-0.009671 -0.025963 -689.067720 -0.060414 0.024822 -0.000290 -0.000607 0.000249 -0.000003 416
-0.009694 -0.026025 -690.724132 -0.060414 0.024822 -0.000290 -0.000607 0.000249 -0.000003 417
-0.009717 -0.026088 -692.380545 -0.060414 0.024822 -0.000290 -0.000607 0.000249 -0.000003 418
-0.009741 -0.026150 -694.036958 -0.060414 0.024822 -0.000290 -0.000607 0.000249 -0.000003 419
-0.009764 -0.026213 -695.693371 -0.060414 0.024822 -0.000290 -0.000607 0.000249 -0.000003 420
-0.009787 -0.026275 -697.349784 -0.060414 0.024822 -0.000290 -0.000607 0.000249 -0.000003 421
-0.009810 -0.026338 -699.006196 -0.060414 0.024822 -0.000290 -0.000607 0.000249 -0.000003 422
-0.009834 -0.026401 -700.662609 -0.060414 0.024822 -0.000290 -0.000607 0.000249 -0.000003 423
-0.009857 -0.026463 -702.319022 -0.060414 0.024822 -0.000290 -0.000607 0.000249 -0.000003 424
-0.009880 -0.026526 -703.975435 -0.060414 0.024822 -0.000290 -0.000607 0.000249 -0.000003 425
-0.009904 -0.026588 -705.631848 -0.060414 0.024822 -0.000290 -0.000607 0.000249 -0.000003 426
-0.009927 -0.026651 -707.288260 -0.060414 0.024822 -0.000290 -0.000607 0.000249 -0.000003 427
-0.009950 -0.026713 -708.944673 -0.060414 0.024822 -0.000290 -0.000607 0.000249 -0.000003 428
-0.009974 -0.026776 -710.601086 -0.060414 0.024822 -0.000290 -0.000607 0.000249 -0.000003 429
-0.009997 -0.026838 -712.257499 -0.060414 0.024822 -0.000290 -0.000607 0.000249 -0.000003 430
-0.010020 -0.026901 -713.913911 -0.060414 0.024822 -0.000290 -0.000607 0.000249 -0.000003 431
-0.010044 -0.026964 -715.570324 -0.060414 0.024822 -0.000290 -0.000607 0.000249 -0.000003 432
-0.010067 -0.027026 -717.226737 -0.060414 0.024822 -0.000290 -0.000607 0.000249 -0.000003 433
-0.010090 -0.027089 -718.883150 -0.060414 0.024822 -0.000290 -0.000607 0.000249 -0.000003 434
-0.010113 -0.027151 -720.539563 -0.060414 0.024822 -0.000290 -0.000607 0.000249 -0.000003 435
-0.010137 -0.027214 -722.195975 -0.060414 0.024822 -0.000290 -0.000607 0.000249 -0.000003 436
-0.010160 -0.027276 -723.852388 -0.060414 0.024822 -0.000290 -0.000607 0.000249 -0.000003 437
-0.010183 -0.027339 -725.508801 -0.060414 0.024822 -0.000290 -0.000607 0.000249 -0.000003 438
-0.010207 -0.027402 -727.165214 -0.060414 0.024822 -0.000290 -0.000607 0.000249 -0.000003 439
-0.010230 -0.027464 -728.821627 -0.060414 0.024822 -0.000290 -0.000607 0.000249 -0.000003 440
-0.010253 -0.027527 -730.478039 -0.060414 0.024822 -0.000290 -0.000607 0.000249 -0.000003 441
-0.010277 -0.027589 -732.134452 -0.060414 0.024822 -0.000290 -0.000607 0.000249 -0.000003 442
-0.010300 -0.027652 -733.790865 -0.060414 0.024822 -0.000290 -0.000607 0.000249 -0.000003 443
-0.010323 -0.027714 -735.447278 -0.060414 0.024822 -0.000290 -0.000607 0.000249 -0.000003 444
-0.010346 -0.027777 -737.103691 -0.060414 0.024822 -0.000290 -0.000607 0.000249 -0.000003 445
-0.010370 -0.027839 -738.760103 -0.060414 0.024822 -0.000290 -0.000607 0.000249 -0.000003 446
-0.010393 -0.027902 -740.416516 -0.060414 0.024822 -0.000290 -0.000607 0.000249 -0.000003 447
-0.010416 -0.027965 -742.072929 -0.060414 0.024822 -0.000290 -0.000607 0.000249 -0.000003 448
-0.010440 -0.028027 -743.729342 -0.060414 0.024822 -0.000290 -0.000607 0.000249 -0.000003 449
-0.010463 -0.028090 -745.385754 -0.060414 0.024822 -0.000290 -0.000607 0.000249 -0.000003 450
-0.010486 -0.028152 -747.042167 -0.060414 0.024822 -0.000290 -0.000607 0.000249 -0.000003 451
-0.010510 -0.028215 -748.698580 -0.060414 0.024822 -0.000290 -0.000607 0.000249 -0.000003 452
-0.010533 -0.028277 -750.354993 -0.060414 0.024822 -0.000290 -0.000607 0.000249 -0.000003 453
-0.010556 -0.028340 -752.011406 -0.060414 0.024822 -0.000290 -0.000607 0.000249 -0.000003 454
-0.010579 -0.028402 -753.667818 -0.060414 0.024822 -0.000290 -0.000607 0.000249 -0.000003 455
-0.010603 -0.028465 -755.324231 -0.060414 0.024822 -0.000290 -0.000607 0.000249 -0.000003 456
-0.010626 -0.028528 -756.980644 -0.060414 0.024822 -0.000290 -0.000607 0.000249 -0.000003 457
-0.010649 -0.028590 -758.637057 -0.060414 0.024822 -0.000290 -0.000607 0.000249 -0.000003 458
-0.010673 -0.028653 -760.293470 -0.060414 0.024822 -0.000290 -0.000607 0.000249 -0.000003 459
-0.010696 -0.028715 -761.949882 -0.060414 0.024822 -0.000290 -0.000607 0.000249 -0.000003 460
-0.010719 -0.028778 -763.606295 -0.060414 0.024822 -0.000290 -0.000607 0.000249 -0.000003 461
-0.010743 -0.028840 -765.262708 -0.060414 0.024822 -0.000290 -0.000607 0.000249 -0.000003 462
-0.010766 -0.028903 -766.919121 -0.060414 0.024822 -0.000290 -0.000607 0.000249 -0.000003 463
-0.010789 -0.028966 -768.575533 -0.060414 0.024822 -0.000290 -0.000607 0.000249 -0.000003 464
-0.010813 -0.029028 -770.231946 -0.060414 0.024822 -0.000290 -0.000607 0.000249 -0.000003 465
-0.010836 -0.029091 -771.888359 -0.060414 0.024822 -0.000290 -0.000607 0.000249 -0.000003 466
-0.010859 -0.029153 -773.544772 -0.060414 0.024822 -0.000290 -0.000607 0.000249 -0.000003 467
-0.010882 -0.029216 -775.201185 -0.060414 0.024822 -0.000290 -0.000607 0.000249 -0.000003 468
-0.010906 -0.029278 -776.857597 -0.060414 0.024822 -0.000290 -0.000607 0.000249 -0.000003 469
-0.010929 -0.029341 -778.514010 -0.060414 0.024822 -0.000290 -0.000607 0.000249 -0.000003 470
-0.010952 -0.029403 -780.170423 -0.060414 0.024822 -0.000290 -0.000607 0.000249 -0.000003 471
-0.010976 -0.029466 -781.826836 -0.060414 0.024822 -0.000290 -0.000607 0.000249 -0.000003 472
-0.010999 -0.029529 -783.483249 -0.060414 0.024822 -0.000290 -0.000607 0.000249 -0.000003 473
-0.011022 -0.029591 -785.139661 -0.060414 0.024822 -0.000290 -0.000607 0.000249 -0.000003 474
-0.011046 -0.029654 -786.796074 -0.060414 0.024822 -0.000290 -0.000607 0.000249 -0.000003 475
-0.011069 -0.029716 -788.452487 -0.060414 0.024822 -0.000290 -0.000607 0.000249 -0.000003 476
-0.011092 -0.029779 -790.108900 -0.060414 0.024822 -0.000290 -0.000607 0.000249 -0.000003 477
-0.011115 -0.029841 -791.765313 -0.060414 0.024822 -0.000290 -0.000607 0.000249 -0.000003 478
-0.011139 -0.029904 -793.421725 -0.060414 0.024822 -0.000290 -0.000607 0.000249 -0.000003 479
-0.011162 -0.029966 -795.078138 -0.060414 0.024822 -0.000290 -0.000607 0.000249 -0.000003 480
-0.011185 -0.030029 -796.734551 -0.060414 0.024822 -0.000290 -0.000607 0.000249 -0.000003 481
-0.011209 -0.030092 -798.390964 -0.060414 0.024822 -0.000290 -0.000607 0.000249 -0.000003 482
-0.011232 -0.030154 -800.047376 -0.060414 0.024822 -0.000290 -0.000607 0.000249 -0.000003 483
-0.011255 -0.030217 -801.703789 -0.060414 0.024822 -0.000290 -0.000607 0.000249 -0.000003 484
-0.011279 -0.030279 -803.360202 -0.060414 0.024822 -0.000290 -0.000607 0.000249 -0.000003 485
-0.011302 -0.030342 -805.016615 -0.060414 0.024822 -0.000290 -0.000607 0.000249 -0.000003 486
-0.011325 -0.030404 -806.673028 -0.060414 0.024822 -0.000290 -0.000607 0.000249 -0.000003 487
-0.011348 -0.030467 -808.329440 -0.060414 0.024822 -0.000290 -0.000607 0.000249 -0.000003 488
-0.011372 -0.030530 -809.985853 -0.060414 0.024822 -0.000290 -0.000607 0.000249 -0.000003 489
-0.011395 -0.030592 -811.642266 -0.060414 0.024822 -0.000290 -0.000607 0.000249 -0.000003 490
-0.011418 -0.030655 -813.298679 -0.060414 0.024822 -0.000290 -0.000607 0.000249 -0.000003 491
-0.011442 -0.030717 -814.955092 -0.060414 0.024822 -0.000290 -0.000607 0.000249 -0.000003 492
-0.011465 -0.030780 -816.611504 -0.060414 0.024822 -0.000290 -0.000607 0.000249 -0.000003 493
-0.011488 -0.030842 -818.267917 -0.060414 0.024822 -0.000290 -0.000607 0.000249 -0.000003 494
-0.011512 -0.030905 -819.924330 -0.060414 0.024822 -0.000290 -0.000607 0.000249 -0.000003 495
-0.011535 -0.030967 -821.580743 -0.060414 0.024822 -0.000290 -0.000607 0.000249 -0.000003 496
-0.011558 -0.031030 -823.237155 -0.060414 0.024822 -0.000290 -0.000607 0.000249 -0.000003 497
-0.011582 -0.031093 -824.893568 -0.060414 0.024822 -0.000290 -0.000607 0.000249 -0.000003 498
-0.011605 -0.031155 -826.549981 -0.060414 0.024822 -0.000290 -0.000607 0.000249 -0.000003 499
-0.011628 -0.031218 -828.206394 -0.060414 0.024822 -0.000290 -0.000607 0.000249 -0.000003 500
-0.011651 -0.031280 -829.862807 -0.060414 0.024822 -0.000290 -0.000607 0.000249 -0.000003 501
-0.011675 -0.031343 -831.519219 -0.060414 0.024822 -0.000290 -0.000607 0.000249 -0.000003 502
-0.011698 -0.031405 -833.175632 -0.060414 0.024822 -0.000290 -0.000607 0.000249 -0.000003 503
-0.011721 -0.031468 -834.832045 -0.060414 0.024822 -0.000290 -0.000607 0.000249 -0.000003 504
-0.011745 -0.031531 -836.488458 -0.060414 0.024822 -0.000290 -0.000607 0.000249 -0.000003 505
-0.011768 -0.031593 -838.144871 -0.060414 0.024822 -0.000290 -0.000607 0.000249 -0.000003 506
-0.011791 -0.031656 -839.801283 -0.060414 0.024822 -0.000290 -0.000607 0.000249 -0.000003 507
-0.011815 -0.031718 -841.457696 -0.060414 0.024822 -0.000290 -0.000607 0.000249 -0.000003 508
-0.011838 -0.031781 -843.114109 -0.060414 0.024822 -0.000290 -0.000607 0.000249 -0.000003 509
-0.011861 -0.031843 -844.770522 -0.060414 0.024822 -0.000290 -0.000607 0.000249 -0.000003 510
-0.011884 -0.031906 -846.426935 -0.060414 0.024822 -0.000290 -0.000607 0.000249 -0.000003 511
-0.011908 -0.031968 -848.083347 -0.060414 0.024822 -0.000290 -0.000607 0.000249 -0.000003 512
-0.011931 -0.032031 -849.739760 -0.060414 0.024822 -0.000290 -0.000607 0.000249 -0.000003 513
-0.011954 -0.032094 -851.396173 -0.060414 0.024822 -0.000290 -0.000607 0.000249 -0.000003 514
-0.011978 -0.032156 -853.052586 -0.060414 0.024822 -0.000290 -0.000607 0.000249 -0.000003 515
-0.012001 -0.032219 -854.708998 -0.060414 0.024822 -0.000290 -0.000607 0.000249 -0.000003 516
-0.012024 -0.032281 -856.365411 -0.060414 0.024822 -0.000290 -0.000607 0.000249 -0.000003 517
-0.012048 -0.032344 -858.021824 -0.060414 0.024822 -0.000290 -0.000607 0.000249 -0.000003 518
-0.012071 -0.032406 -859.678237 -0.060414 0.024822 -0.000290 -0.000607 0.000249 -0.000003 519
-0.012094 -0.032469 -861.334650 -0.060414 0.024822 -0.000290 -0.000607 0.000249 -0.000003 520
-0.012117 -0.032531 -862.991062 -0.060414 0.024822 -0.000290 -0.000607 0.000249 -0.000003 521
-0.012141 -0.032594 -864.647475 -0.060414 0.024822 -0.000290 -0.000607 0.000249 -0.000003 522
-0.012164 -0.032657 -866.303888 -0.060414 0.024822 -0.000290 -0.000607 0.000249 -0.000003 523
-0.012187 -0.032719 -867.960301 -0.060414 0.024822 -0.000290 -0.000607 0.000249 -0.000003 524
-0.012211 -0.032782 -869.616714 -0.060414 0.024822 -0.000290 -0.000607 0.000249 -0.000003 525
-0.012234 -0.032844 -871.273126 -0.060414 0.024822 -0.000290 -0.000607 0.000249 -0.000003 526
-0.012257 -0.032907 -872.929539 -0.060414 0.024822 -0.000290 -0.000607 0.000249 -0.000003 527
-0.012281 -0.032969 -874.585952 -0.060414 0.024822 -0.000290 -0.000607 0.000249 -0.000003 528
-0.012304 -0.033032 -876.242365 -0.060414 0.024822 -0.000290 -0.000607 0.000249 -0.000003 529
-0.012327 -0.033095 -877.898777 -0.060414 0.024822 -0.000290 -0.000607 0.000249 -0.000003 530
-0.012351 -0.033157 -879.555190 -0.060414 0.024822 -0.000290 -0.000607 0.000249 -0.000003 531
-0.012374 -0.033220 -881.211603 -0.060414 0.024822 -0.000290 -0.000607 0.000249 -0.000003 532
-0.012397 -0.033282 -882.868016 -0.060414 0.024822 -0.000290 -0.000607 0.000249 -0.000003 533
-0.012420 -0.033345 -884.524429 -0.060414 0.024822 -0.000290 -0.000607 0.000249 -0.000003 534
-0.012444 -0.033407 -886.180841 -0.060414 0.024822 -0.000290 -0.000607 0.000249 -0.000003 535
-0.012467 -0.033470 -887.837254 -0.060414 0.024822 -0.000290 -0.000607 0.000249 -0.000003 536
-0.012490 -0.033532 -889.493667 -0.060414 0.024822 -0.000290 -0.000607 0.000249 -0.000003 537
-0.012514 -0.033595 -891.150080 -0.060414 0.024822 -0.000290 -0.000607 0.000249 -0.000003 538
-0.012537 -0.033658 -892.806493 -0.060414 0.024822 -0.000290 -0.000607 0.000249 -0.000003 539
-0.012560 -0.033720 -894.462905 -0.060414 0.024822 -0.000290 -0.000607 0.000249 -0.000003 540
-0.012584 -0.033783 -896.119318 -0.060414 0.024822 -0.000290 -0.000607 0.000249 -0.000003 541
-0.012607 -0.033845 -897.775731 -0.060414 0.024822 -0.000290 -0.000607 0.000249 -0.000003 542
-0.012630 -0.033908 -899.432144 -0.060414 0.024822 -0.000290 -0.000607 0.000249 -0.000003 543
-0.012653 -0.033970 -901.088557 -0.060414 0.024822 -0.000290 -0.000607 0.000249 -0.000003 544
-0.012677 -0.034033 -902.744969 -0.060414 0.024822 -0.000290 -0.000607 0.000249 -0.000003 545
-0.012700 -0.034095 -904.401382 -0.060414 0.024822 -0.000290 -0.000607 0.000249 -0.000003 546
-0.012723 -0.034158 -906.057795 -0.060414 0.024822 -0.000290 -0.000607 0.000249 -0.000003 547
-0.012747 -0.034221 -907.714208 -0.060414 0.024822 -0.000290 -0.000607 0.000249 -0.000003 548
-0.012770 -0.034283 -909.370620 -0.060414 0.024822 -0.000290 -0.000607 0.000249 -0.000003 549
-0.012793 -0.034346 -911.027033 -0.060414 0.024822 -0.000290 -0.000607 0.000249 -0.000003 550
-0.012817 -0.034408 -912.683446 -0.060414 0.024822 -0.000290 -0.000607 0.000249 -0.000003 551
-0.012840 -0.034471 -914.339859 -0.060414 0.024822 -0.000290 -0.000607 0.000249 -0.000003 552
-0.012863 -0.034533 -915.996272 -0.060414 0.024822 -0.000290 -0.000607 0.000249 -0.000003 553
-0.012886 -0.034596 -917.652684 -0.060414 0.024822 -0.000290 -0.000607 0.000249 -0.000003 554
-0.012910 -0.034659 -919.309097 -0.060414 0.024822 -0.000290 -0.000607 0.000249 -0.000003 555
-0.012933 -0.034721 -920.965510 -0.060414 0.024822 -0.000290 -0.000607 0.000249 -0.000003 556
-0.012956 -0.034784 -922.621923 -0.060414 0.024822 -0.000290 -0.000607 0.000249 -0.000003 557
-0.012980 -0.034846 -924.278336 -0.060414 0.024822 -0.000290 -0.000607 0.000249 -0.000003 558
-0.013003 -0.034909 -925.934748 -0.060414 0.024822 -0.000290 -0.000607 0.000249 -0.000003 559
-0.013026 -0.034971 -927.591161 -0.060414 0.024822 -0.000290 -0.000607 0.000249 -0.000003 560
-0.013050 -0.035034 -929.247574 -0.060414 0.024822 -0.000290 -0.000607 0.000249 -0.000003 561
-0.013073 -0.035096 -930.903987 -0.060414 0.024822 -0.000290 -0.000607 0.000249 -0.000003 562
-0.013096 -0.035159 -932.560399 -0.060414 0.024822 -0.000290 -0.000607 0.000249 -0.000003 563
-0.013119 -0.035222 -934.216812 -0.060414 0.024822 -0.000290 -0.000607 0.000249 -0.000003 564
-0.013143 -0.035284 -935.873225 -0.060414 0.024822 -0.000290 -0.000607 0.000249 -0.000003 565
-0.013166 -0.035347 -937.529638 -0.060414 0.024822 -0.000290 -0.000607 0.000249 -0.000003 566
-0.013189 -0.035409 -939.186051 -0.060414 0.024822 -0.000290 -0.000607 0.000249 -0.000003 567
-0.013213 -0.035472 -940.842463 -0.060414 0.024822 -0.000290 -0.000607 0.000249 -0.000003 568
-0.013236 -0.035534 -942.498876 -0.060414 0.024822 -0.000290 -0.000607 0.000249 -0.000003 569
-0.013259 -0.035597 -944.155289 -0.060414 0.024822 -0.000290 -0.000607 0.000249 -0.000003 570
-0.013283 -0.035660 -945.811702 -0.060414 0.024822 -0.000290 -0.000607 0.000249 -0.000003 571
-0.013306 -0.035722 -947.468115 -0.060414 0.024822 -0.000290 -0.000607 0.000249 -0.000003 572
-0.013329 -0.035785 -949.124527 -0.060414 0.024822 -0.000290 -0.000607 0.000249 -0.000003 573
-0.013353 -0.035847 -950.780940 -0.060414 0.024822 -0.000290 -0.000607 0.000249 -0.000003 574
-0.013376 -0.035910 -952.437353 -0.060414 0.024822 -0.000290 -0.000607 0.000249 -0.000003 575
-0.013399 -0.035972 -954.093766 -0.060414 0.024822 -0.000290 -0.000607 0.000249 -0.000003 576
-0.013422 -0.036035 -955.750178 -0.060414 0.024822 -0.000290 -0.000607 0.000249 -0.000003 577
-0.013446 -0.036097 -957.406591 -0.060414 0.024822 -0.000290 -0.000607 0.000249 -0.000003 578
-0.013469 -0.036160 -959.063004 -0.060414 0.024822 -0.000290 -0.000607 0.000249 -0.000003 579
-0.013492 -0.036223 -960.719417 -0.060414 0.024822 -0.000290 -0.000607 0.000249 -0.000003 580
-0.013516 -0.036285 -962.375830 -0.060414 0.024822 -0.000290 -0.000607 0.000249 -0.000003 581
-0.013539 -0.036348 -964.032242 -0.060414 0.024822 -0.000290 -0.000607 0.000249 -0.000003 582
-0.013562 -0.036410 -965.688655 -0.060414 0.024822 -0.000290 -0.000607 0.000249 -0.000003 583
-0.013586 -0.036473 -967.345068 -0.060414 0.024822 -0.000290 -0.000607 0.000249 -0.000003 584
-0.013609 -0.036535 -969.001481 -0.060414 0.024822 -0.000290 -0.000607 0.000249 -0.000003 585
-0.013632 -0.036598 -970.657894 -0.060414 0.024822 -0.000290 -0.000607 0.000249 -0.000003 586
-0.013655 -0.036660 -972.314306 -0.060414 0.024822 -0.000290 -0.000607 0.000249 -0.000003 587
-0.013679 -0.036723 -973.970719 -0.060414 0.024822 -0.000290 -0.000607 0.000249 -0.000003 588
-0.013702 -0.036786 -975.627132 -0.060414 0.024822 -0.000290 -0.000607 0.000249 -0.000003 589
-0.013725 -0.036848 -977.283545 -0.060414 0.024822 -0.000290 -0.000607 0.000249 -0.000003 590
-0.013749 -0.036911 -978.939958 -0.060414 0.024822 -0.000290 -0.000607 0.000249 -0.000003 591
-0.013772 -0.036973 -980.596370 -0.060414 0.024822 -0.000290 -0.000607 0.000249 -0.000003 592
-0.013795 -0.037036 -982.252783 -0.060414 0.024822 -0.000290 -0.000607 0.000249 -0.000003 593
-0.013819 -0.037098 -983.909196 -0.060414 0.024822 -0.000290 -0.000607 0.000249 -0.000003 594
-0.013842 -0.037161 -985.565609 -0.060414 0.024822 -0.000290 -0.000607 0.000249 -0.000003 595
-0.013865 -0.037224 -987.222021 -0.060414 0.024822 -0.000290 -0.000607 0.000249 -0.000003 596
-0.013888 -0.037286 -988.878434 -0.060414 0.024822 -0.000290 -0.000607 0.000249 -0.000003 597
-0.013912 -0.037349 -990.534847 -0.060414 0.024822 -0.000290 -0.000607 0.000249 -0.000003 598
-0.013935 -0.037411 -992.191260 -0.060414 0.024822 -0.000290 -0.000607 0.000249 -0.000003 599
-0.013958 -0.037474 -993.847673 -0.060414 0.024822 -0.000290 -0.000607 0.000249 -0.000003 600
-0.013982 -0.037536 -995.504085 -0.060414 0.024822 -0.000290 -0.000607 0.000249 -0.000003 601
-0.014005 -0.037599 -997.160498 -0.060414 0.024822 -0.000290 -0.000607 0.000249 -0.000003 602
-0.014028 -0.037661 -998.816911 -0.060414 0.024822 -0.000290 -0.000607 0.000249 -0.000003 603
-0.014052 -0.037724 -1000.473324 -0.060414 0.024822 -0.000290 -0.000607 0.000249 -0.000003 604
-0.014075 -0.037787 -1002.129737 -0.060414 0.024822 -0.000290 -0.000607 0.000249 -0.000003 605
-0.014098 -0.037849 -1003.786149 -0.060414 0.024822 -0.000290 -0.000607 0.000249 -0.000003 606
-0.014122 -0.037912 -1005.442562 -0.060414 0.024822 -0.000290 -0.000607 0.000249 -0.000003 607
-0.014145 -0.037974 -1007.098975 -0.060414 0.024822 -0.000290 -0.000607 0.000249 -0.000003 608
-0.014168 -0.038037 -1008.755388 -0.060414 0.024822 -0.000290 -0.000607 0.000249 -0.000003 609
-0.014191 -0.038099 -1010.411800 -0.060414 0.024822 -0.000290 -0.000607 0.000249 -0.000003 610
-0.014215 -0.038162 -1012.068213 -0.060414 0.024822 -0.000290 -0.000607 0.000249 -0.000003 611
-0.014238 -0.038224 -1013.724626 -0.060414 0.024822 -0.000290 -0.000607 0.000249 -0.000003 612
-0.014261 -0.038287 -1015.381039 -0.060414 0.024822 -0.000290 -0.000607 0.000249 -0.000003 613
-0.014285 -0.038350 -1017.037452 -0.060414 0.024822 -0.000290 -0.000607 0.000249 -0.000003 614
-0.014308 -0.038412 -1018.693864 -0.060414 0.024822 -0.000290 -0.000607 0.000249 -0.000003 615
-0.014331 -0.038475 -1020.350277 -0.060414 0.024822 -0.000290 -0.000607 0.000249 -0.000003 616
-0.014355 -0.038537 -1022.006690 -0.060414 0.024822 -0.000290 -0.000607 0.000249 -0.000003 617
-0.014378 -0.038600 -1023.663103 -0.060414 0.024822 -0.000290 -0.000607 0.000249 -0.000003 618
-0.014401 -0.038662 -1025.319516 -0.060414 0.024822 -0.000290 -0.000607 0.000249 -0.000003 619
-0.014424 -0.038725 -1026.975928 -0.060414 0.024822 -0.000290 -0.000607 0.000249 -0.000003 620
-0.014448 -0.038788 -1028.632341 -0.060414 0.024822 -0.000290 -0.000607 0.000249 -0.000003 621
-0.014471 -0.038850 -1030.288754 -0.060414 0.024822 -0.000290 -0.000607 0.000249 -0.000003 622
-0.014494 -0.038913 -1031.945167 -0.060414 0.024822 -0.000290 -0.000607 0.000249 -0.000003 623
-0.014518 -0.038975 -1033.601580 -0.060414 0.024822 -0.000290 -0.000607 0.000249 -0.000003 624
-0.014541 -0.039038 -1035.257992 -0.060414 0.024822 -0.000290 -0.000607 0.000249 -0.000003 625
-0.014564 -0.039100 -1036.914405 -0.060414 0.024822 -0.000290 -0.000607 0.000249 -0.000003 626
-0.014588 -0.039163 -1038.570818 -0.060414 0.024822 -0.000290 -0.000607 0.000249 -0.000003 627
-0.014611 -0.039225 -1040.227231 -0.060414 0.024822 -0.000290 -0.000607 0.000249 -0.000003 628
-0.014634 -0.039288 -1041.883643 -0.060414 0.024822 -0.000290 -0.000607 0.000249 -0.000003 629
-0.014657 -0.039351 -1043.540056 -0.060414 0.024822 -0.000290 -0.000607 0.000249 -0.000003 630
-0.014681 -0.039413 -1045.196469 -0.060414 0.024822 -0.000290 -0.000607 0.000249 -0.000003 631
-0.014704 -0.039476 -1046.852882 -0.060414 0.024822 -0.000290 -0.000607 0.000249 -0.000003 632
-0.014727 -0.039538 -1048.509295 -0.060414 0.024822 -0.000290 -0.000607 0.000249 -0.000003 633
-0.014751 -0.039601 -1050.165707 -0.060414 0.024822 -0.000290 -0.000607 0.000249 -0.000003 634
-0.014774 -0.039663 -1051.822120 -0.060414 0.024822 -0.000290 -0.000607 0.000249 -0.000003 635
-0.014797 -0.039726 -1053.478533 -0.060414 0.024822 -0.000290 -0.000607 0.000249 -0.000003 636
-0.014821 -0.039789 -1055.134946 -0.060414 0.024822 -0.000290 -0.000607 0.000249 -0.000003 637
-0.014844 -0.039851 -1056.791359 -0.060414 0.024822 -0.000290 -0.000607 0.000249 -0.000003 638
-0.014867 -0.039914 -1058.447771 -0.060414 0.024822 -0.000290 -0.000607 0.000249 -0.000003 639
-0.014891 -0.039976 -1060.104184 -0.060414 0.024822 -0.000290 -0.000607 0.000249 -0.000003 640
-0.014914 -0.040039 -1061.760597 -0.060414 0.024822 -0.000290 -0.000607 0.000249 -0.000003 641
-0.014937 -0.040101 -1063.417010 -0.060414 0.024822 -0.000290 -0.000607 0.000249 -0.000003 642
-0.014960 -0.040164 -1065.073422 -0.060414 0.024822 -0.000290 -0.000607 0.000249 -0.000003 643
-0.014984 -0.040226 -1066.729835 -0.060414 0.024822 -0.000290 -0.000607 0.000249 -0.000003 644
-0.015007 -0.040289 -1068.386248 -0.060414 0.024822 -0.000290 -0.000607 0.000249 -0.000003 645
-0.015030 -0.040352 -1070.042661 -0.060414 0.024822 -0.000290 -0.000607 0.000249 -0.000003 646
-0.015054 -0.040414 -1071.699074 -0.060414 0.024822 -0.000290 -0.000607 0.000249 -0.000003 647
-0.015077 -0.040477 -1073.355486 -0.060414 0.024822 -0.000290 -0.000607 0.000249 -0.000003 648
-0.015100 -0.040539 -1075.011899 -0.060414 0.024822 -0.000290 -0.000607 0.000249 -0.000003 649
-0.015124 -0.040602 -1076.668312 -0.060414 0.024822 -0.000290 -0.000607 0.000249 -0.000003 650
-0.015147 -0.040664 -1078.324725 -0.060414 0.024822 -0.000290 -0.000607 0.000249 -0.000003 651
-0.015170 -0.040727 -1079.981138 -0.060414 0.024822 -0.000290 -0.000607 0.000249 -0.000003 652
-0.015193 -0.040789 -1081.637550 -0.060414 0.024822 -0.000290 -0.000607 0.000249 -0.000003 653
-0.015217 -0.040852 -1083.293963 -0.060414 0.024822 -0.000290 -0.000607 0.000249 -0.000003 654
-0.015240 -0.040915 -1084.950376 -0.060414 0.024822 -0.000290 -0.000607 0.000249 -0.000003 655
-0.015263 -0.040977 -1086.606789 -0.060414 0.024822 -0.000290 -0.000607 0.000249 -0.000003 656
-0.015287 -0.041040 -1088.263202 -0.060414 0.024822 -0.000290 -0.000607 0.000249 -0.000003 657
-0.015310 -0.041102 -1089.919614 -0.060414 0.024822 -0.000290 -0.000607 0.000249 -0.000003 658
-0.015333 -0.041165 -1091.576027 -0.060414 0.024822 -0.000290 -0.000607 0.000249 -0.000003 659
-0.015357 -0.041227 -1093.232440 -0.060414 0.024822 -0.000290 -0.000607 0.000249 -0.000003 660
-0.015380 -0.041290 -1094.888853 -0.060414 0.024822 -0.000290 -0.000607 0.000249 -0.000003 661
-0.015403 -0.041353 -1096.545265 -0.060414 0.024822 -0.000290 -0.000607 0.000249 -0.000003 662
-0.015426 -0.041415 -1098.201678 -0.060414 0.024822 -0.000290 -0.000607 0.000249 -0.000003 663
-0.015450 -0.041478 -1099.858091 -0.060414 0.024822 -0.000290 -0.000607 0.000249 -0.000003 664
-0.015473 -0.041540 -1101.514504 -0.060414 0.024822 -0.000290 -0.000607 0.000249 -0.000003 665
-0.015496 -0.041603 -1103.170917 -0.060414 0.024822 -0.000290 -0.000607 0.000249 -0.000003 666
-0.015520 -0.041665 -1104.827329 -0.060414 0.024822 -0.000290 -0.000607 0.000249 -0.000003 667
-0.015543 -0.041728 -1106.483742 -0.060414 0.024822 -0.000290 -0.000607 0.000249 -0.000003 668
-0.015566 -0.041790 -1108.140155 -0.060414 0.024822 -0.000290 -0.000607 0.000249 -0.000003 669
-0.015590 -0.041853 -1109.796568 -0.060414 0.024822 -0.000290 -0.000607 0.000249 -0.000003 670
-0.015613 -0.041916 -1111.452981 -0.060414 0.024822 -0.000290 -0.000607 0.000249 -0.000003 671
-0.015636 -0.041978 -1113.109393 -0.060414 0.024822 -0.000290 -0.000607 0.000249 -0.000003 672
-0.015660 -0.042041 -1114.765806 -0.060414 0.024822 -0.000290 -0.000607 0.000249 -0.000003 673
-0.015683 -0.042103 -1116.422219 -0.060414 0.024822 -0.000290 -0.000607 0.000249 -0.000003 674
-0.015706 -0.042166 -1118.078632 -0.060414 0.024822 -0.000290 -0.000607 0.000249 -0.000003 675
-0.015729 -0.042228 -1119.735044 -0.060414 0.024822 -0.000290 -0.000607 0.000249 -0.000003 676
-0.015753 -0.042291 -1121.391457 -0.060414 0.024822 -0.000290 -0.000607 0.000249 -0.000003 677
-0.015776 -0.042353 -1123.047870 -0.060414 0.024822 -0.000290 -0.000607 0.000249 -0.000003 678
-0.015799 -0.042416 -1124.704283 -0.060414 0.024822 -0.000290 -0.000607 0.000249 -0.000003 679
-0.015823 -0.042479 -1126.360696 -0.060414 0.024822 -0.000290 -0.000607 0.000249 -0.000003 680
-0.015846 -0.042541 -1128.017108 -0.060414 0.024822 -0.000290 -0.000607 0.000249 -0.000003 681
-0.015869 -0.042604 -1129.673521 -0.060414 0.024822 -0.000290 -0.000607 0.000249 -0.000003 682
-0.015893 -0.042666 -1131.329934 -0.060414 0.024822 -0.000290 -0.000607 0.000249 -0.000003 683
-0.015916 -0.042729 -1132.986347 -0.060414 0.024822 -0.000290 -0.000607 0.000249 -0.000003 684
-0.015939 -0.042791 -1134.642760 -0.060414 0.024822 -0.000290 -0.000607 0.000249 -0.000003 685
-0.015962 -0.042854 -1136.299172 -0.060414 0.024822 -0.000290 -0.000607 0.000249 -0.000003 686
-0.015986 -0.042917 -1137.955585 -0.060414 0.024822 -0.000290 -0.000607 0.000249 -0.000003 687
-0.016009 -0.042979 -1139.611998 -0.060414 0.024822 -0.000290 -0.000607 0.000249 -0.000003 688
-0.016032 -0.043042 -1141.268411 -0.060414 0.024822 -0.000290 -0.000607 0.000249 -0.000003 689
-0.016056 -0.043104 -1142.924824 -0.060414 0.024822 -0.000290 -0.000607 0.000249 -0.000003 690
-0.016079 -0.043167 -1144.581236 -0.060414 0.024822 -0.000290 -0.000607 0.000249 -0.000003 691
-0.016102 -0.043229 -1146.237649 -0.060414 0.024822 -0.000290 -0.000607 0.000249 -0.000003 692
-0.016126 -0.043292 -1147.894062 -0.060414 0.024822 -0.000290 -0.000607 0.000249 -0.000003 693
-0.016149 -0.043354 -1149.550475 -0.060414 0.024822 -0.000290 -0.000607 0.000249 -0.000003 694
-0.016172 -0.043417 -1151.206887 -0.060414 0.024822 -0.000290 -0.000607 0.000249 -0.000003 695
-0.016195 -0.043480 -1152.863300 -0.060414 0.024822 -0.000290 -0.000607 0.000249 -0.000003 696
-0.016219 -0.043542 -1154.519713 -0.060414 0.024822 -0.000290 -0.000607 0.000249 -0.000003 697
-0.016242 -0.043605 -1156.176126 -0.060414 0.024822 -0.000290 -0.000607 0.000249 -0.000003 698
-0.016265 -0.043667 -1157.832539 -0.060414 0.024822 -0.000290 -0.000607 0.000249 -0.000003 699
-0.016289 -0.043730 -1159.488951 -0.060414 0.024822 -0.000290 -0.000607 0.000249 -0.000003 700
-0.016312 -0.043792 -1161.145364 -0.060414 0.024822 -0.000290 -0.000607 0.000249 -0.000003 701
-0.016335 -0.043855 -1162.801777 -0.060414 0.024822 -0.000290 -0.000607 0.000249 -0.000003 702
-0.016359 -0.043917 -1164.458190 -0.060414 0.024822 -0.000290 -0.000607 0.000249 -0.000003 703
-0.016382 -0.043980 -1166.114603 -0.060414 0.024822 -0.000290 -0.000607 0.000249 -0.000003 704
-0.016405 -0.044043 -1167.771015 -0.060414 0.024822 -0.000290 -0.000607 0.000249 -0.000003 705
-0.016429 -0.044105 -1169.427428 -0.060414 0.024822 -0.000290 -0.000607 0.000249 -0.000003 706
-0.016452 -0.044168 -1171.083841 -0.060414 0.024822 -0.000290 -0.000607 0.000249 -0.000003 707
-0.016475 -0.044230 -1172.740254 -0.060414 0.024822 -0.000290 -0.000607 0.000249 -0.000003 708
-0.016498 -0.044293 -1174.396666 -0.060414 0.024822 -0.000290 -0.000607 0.000249 -0.000003 709
-0.016522 -0.044355 -1176.053079 -0.060414 0.024822 -0.000290 -0.000607 0.000249 -0.000003 710
-0.016545 -0.044418 -1177.709492 -0.060414 0.024822 -0.000290 -0.000607 0.000249 -0.000003 711
-0.016568 -0.044481 -1179.365905 -0.060414 0.024822 -0.000290 -0.000607 0.000249 -0.000003 712
-0.016592 -0.044543 -1181.022318 -0.060414 0.024822 -0.000290 -0.000607 0.000249 -0.000003 713
-0.016615 -0.044606 -1182.678730 -0.060414 0.024822 -0.000290 -0.000607 0.000249 -0.000003 714
-0.016638 -0.044668 -1184.335143 -0.060414 0.024822 -0.000290 -0.000607 0.000249 -0.000003 715
-0.016662 -0.044731 -1185.991556 -0.060414 0.024822 -0.000290 -0.000607 0.000249 -0.000003 716
-0.016685 -0.044793 -1187.647969 -0.060414 0.024822 -0.000290 -0.000607 0.000249 -0.000003 717
-0.016708 -0.044856 -1189.304382 -0.060414 0.024822 -0.000290 -0.000607 0.000249 -0.000003 718
-0.016731 -0.044918 -1190.960794 -0.060414 0.024822 -0.000290 -0.000607 0.000249 -0.000003 719
-0.016755 -0.044981 -1192.617207 -0.060414 0.024822 -0.000290 -0.000607 0.000249 -0.000003 720
-0.016778 -0.045044 -1194.273620 -0.060414 0.024822 -0.000290 -0.000607 0.000249 -0.000003 721
-0.016801 -0.045106 -1195.930033 -0.060414 0.024822 -0.000290 -0.000607 0.000249 -0.000003 722
-0.016825 -0.045169 -1197.586445 -0.060414 0.024822 -0.000290 -0.000607 0.000249 -0.000003 723
-0.016848 -0.045231 -1199.242858 -0.060414 0.024822 -0.000290 -0.000607 0.000249 -0.000003 724
-0.016871 -0.045294 -1200.899271 -0.060414 0.024822 -0.000290 -0.000607 0.000249 -0.000003 725
-0.016895 -0.045356 -1202.555684 -0.060414 0.024822 -0.000290 -0.000607 0.000249 -0.000003 726
-0.016918 -0.045419 -1204.212097 -0.060414 0.024822 -0.000290 -0.000607 0.000249 -0.000003 727
-0.016941 -0.045482 -1205.868509 -0.060414 0.024822 -0.000290 -0.000607 0.000249 -0.000003 728
-0.016964 -0.045544 -1207.524922 -0.060414 0.024822 -0.000290 -0.000607 0.000249 -0.000003 729
-0.016988 -0.045607 -1209.181335 -0.060414 0.024822 -0.000290 -0.000607 0.000249 -0.000003 730
-0.017011 -0.045669 -1210.837748 -0.060414 0.024822 -0.000290 -0.000607 0.000249 -0.000003 731
-0.017034 -0.045732 -1212.494161 -0.060414 0.024822 -0.000290 -0.000607 0.000249 -0.000003 732
-0.017058 -0.045794 -1214.150573 -0.060414 0.024822 -0.000290 -0.000607 0.000249 -0.000003 733
-0.017081 -0.045857 -1215.806986 -0.060414 0.024822 -0.000290 -0.000607 0.000249 -0.000003 734
-0.017104 -0.045919 -1217.463399 -0.060414 0.024822 -0.000290 -0.000607 0.000249 -0.000003 735
-0.017128 -0.045982 -1219.119812 -0.060414 0.024822 -0.000290 -0.000607 0.000249 -0.000003 736
-0.017151 -0.046045 -1220.776225 -0.060414 0.024822 -0.000290 -0.000607 0.000249 -0.000003 737
-0.017174 -0.046107 -1222.432637 -0.060414 0.024822 -0.000290 -0.000607 0.000249 -0.000003 738
-0.017197 -0.046170 -1224.089050 -0.060414 0.024822 -0.000290 -0.000607 0.000249 -0.000003 739
-0.017221 -0.046232 -1225.745463 -0.060414 0.024822 -0.000290 -0.000607 0.000249 -0.000003 740
-0.017244 -0.046295 -1227.401876 -0.060414 0.024822 -0.000290 -0.000607 0.000249 -0.000003 741
-0.017267 -0.046357 -1229.058288 -0.060414 0.024822 -0.000290 -0.000607 0.000249 -0.000003 742
-0.017291 -0.046420 -1230.714701 -0.060414 0.024822 -0.000290 -0.000607 0.000249 -0.000003 743
-0.017314 -0.046482 -1232.371114 -0.060414 0.024822 -0.000290 -0.000607 0.000249 -0.000003 744
-0.017337 -0.046545 -1234.027527 -0.060414 0.024822 -0.000290 -0.000607 0.000249 -0.000003 745
-0.017361 -0.046608 -1235.683940 -0.060414 0.024822 -0.000290 -0.000607 0.000249 -0.000003 746
-0.017384 -0.046670 -1237.340352 -0.060414 0.024822 -0.000290 -0.000607 0.000249 -0.000003 747
-0.017407 -0.046733 -1238.996765 -0.060414 0.024822 -0.000290 -0.000607 0.000249 -0.000003 748
-0.017431 -0.046795 -1240.653178 -0.060414 0.024822 -0.000290 -0.000607 0.000249 -0.000003 749
-0.017454 -0.046858 -1242.309591 -0.060414 0.024822 -0.000290 -0.000607 0.000249 -0.000003 750
-0.017477 -0.046920 -1243.966004 -0.060414 0.024822 -0.000290 -0.000607 0.000249 -0.000003 751
-0.017500 -0.046983 -1245.622416 -0.060414 0.024822 -0.000290 -0.000607 0.000249 -0.000003 752
-0.017524 -0.047046 -1247.278829 -0.060414 0.024822 -0.000290 -0.000607 0.000249 -0.000003 753
-0.017547 -0.047108 -1248.935242 -0.060414 0.024822 -0.000290 -0.000607 0.000249 -0.000003 754
-0.017570 -0.047171 -1250.591655 -0.060414 0.024822 -0.000290 -0.000607 0.000249 -0.000003 755
-0.017594 -0.047233 -1252.248067 -0.060414 0.024822 -0.000290 -0.000607 0.000249 -0.000003 756
-0.017617 -0.047296 -1253.904480 -0.060414 0.024822 -0.000290 -0.000607 0.000249 -0.000003 757
-0.017640 -0.047358 -1255.560893 -0.060414 0.024822 -0.000290 -0.000607 0.000249 -0.000003 758
-0.017664 -0.047421 -1257.217306 -0.060414 0.024822 -0.000290 -0.000607 0.000249 -0.000003 759
-0.017687 -0.047483 -1258.873719 -0.060414 0.024822 -0.000290 -0.000607 0.000249 -0.000003 760
-0.017710 -0.047546 -1260.530131 -0.060414 0.024822 -0.000290 -0.000607 0.000249 -0.000003 761
-0.017733 -0.047609 -1262.186544 -0.060414 0.024822 -0.000290 -0.000607 0.000249 -0.000003 762
-0.017757 -0.047671 -1263.842957 -0.060414 0.024822 -0.000290 -0.000607 0.000249 -0.000003 763
-0.017780 -0.047734 -1265.499370 -0.060414 0.024822 -0.000290 -0.000607 0.000249 -0.000003 764
-0.017803 -0.047796 -1267.155783 -0.060414 0.024822 -0.000290 -0.000607 0.000249 -0.000003 765
-0.017827 -0.047859 -1268.812195 -0.060414 0.024822 -0.000290 -0.000607 0.000249 -0.000003 766
-0.017850 -0.047921 -1270.468608 -0.060414 0.024822 -0.000290 -0.000607 0.000249 -0.000003 767
-0.017873 -0.047984 -1272.125021 -0.060414 0.024822 -0.000290 -0.000607 0.000249 -0.000003 768
-0.017897 -0.048046 -1273.781434 -0.060414 0.024822 -0.000290 -0.000607 0.000249 -0.000003 769
-0.017920 -0.048109 -1275.437847 -0.060414 0.024822 -0.000290 -0.000607 0.000249 -0.000003 770
-0.017943 -0.048172 -1277.094259 -0.060414 0.024822 -0.000290 -0.000607 0.000249 -0.000003 771
-0.017966 -0.048234 -1278.750672 -0.060414 0.024822 -0.000290 -0.000607 0.000249 -0.000003 772
-0.017990 -0.048297 -1280.407085 -0.060414 0.024822 -0.000290 -0.000607 0.000249 -0.000003 773
-0.018013 -0.048359 -1282.063498 -0.060414 0.024822 -0.000290 -0.000607 0.000249 -0.000003 774
-0.018036 -0.048422 -1283.719910 -0.060414 0.024822 -0.000290 -0.000607 0.000249 -0.000003 775
-0.018060 -0.048484 -1285.376323 -0.060414 0.024822 -0.000290 -0.000607 0.000249 -0.000003 776
-0.018083 -0.048547 -1287.032736 -0.060414 0.024822 -0.000290 -0.000607 0.000249 -0.000003 777
-0.018106 -0.048610 -1288.689149 -0.060414 0.024822 -0.000290 -0.000607 0.000249 -0.000003 778
-0.018130 -0.048672 -1290.345562 -0.060414 0.024822 -0.000290 -0.000607 0.000249 -0.000003 779
-0.018153 -0.048735 -1292.001974 -0.060414 0.024822 -0.000290 -0.000607 0.000249 -0.000003 780
-0.018176 -0.048797 -1293.658387 -0.060414 0.024822 -0.000290 -0.000607 0.000249 -0.000003 781
-0.018200 -0.048860 -1295.314800 -0.060414 0.024822 -0.000290 -0.000607 0.000249 -0.000003 782
-0.018223 -0.048922 -1296.971213 -0.060414 0.024822 -0.000290 -0.000607 0.000249 -0.000003 783
-0.018246 -0.048985 -1298.627626 -0.060414 0.024822 -0.000290 -0.000607 0.000249 -0.000003 784
-0.018269 -0.049047 -1300.284038 -0.060414 0.024822 -0.000290 -0.000607 0.000249 -0.000003 785
-0.018293 -0.049110 -1301.940451 -0.060414 0.024822 -0.000290 -0.000607 0.000249 -0.000003 786
-0.018316 -0.049173 -1303.596864 -0.060414 0.024822 -0.000290 -0.000607 0.000249 -0.000003 787
-0.018339 -0.049235 -1305.253277 -0.060414 0.024822 -0.000290 -0.000607 0.000249 -0.000003 788
-0.018363 -0.049298 -1306.909689 -0.060414 0.024822 -0.000290 -0.000607 0.000249 -0.000003 789
-0.018386 -0.049360 -1308.566102 -0.060414 0.024822 -0.000290 -0.000607 0.000249 -0.000003 790
-0.018409 -0.049423 -1310.222515 -0.060414 0.024822 -0.000290 -0.000607 0.000249 -0.000003 791
-0.018433 -0.049485 -1311.878928 -0.060414 0.024822 -0.000290 -0.000607 0.000249 -0.000003 792
-0.018456 -0.049548 -1313.535341 -0.060414 0.024822 -0.000290 -0.000607 0.000249 -0.000003 793
-0.018479 -0.049611 -1315.191753 -0.060414 0.024822 -0.000290 -0.000607 0.000249 -0.000003 794
-0.018502 -0.049673 -1316.848166 -0.060414 0.024822 -0.000290 -0.000607 0.000249 -0.000003 795
-0.018526 -0.049736 -1318.504579 -0.060414 0.024822 -0.000290 -0.000607 0.000249 -0.000003 796
-0.018549 -0.049798 -1320.160992 -0.060414 0.024822 -0.000290 -0.000607 0.000249 -0.000003 797
-0.018572 -0.049861 -1321.817405 -0.060414 0.024822 -0.000290 -0.000607 0.000249 -0.000003 798
-0.018596 -0.049923 -1323.473817 -0.060414 0.024822 -0.000290 -0.000607 0.000249 -0.000003 799
-0.018619 -0.049986 -1325.130230 -0.060414 0.024822 -0.000290 -0.000607 0.000249 -0.000003 800
-0.018642 -0.050048 -1326.786643 -0.060414 0.024822 -0.000290 -0.000607 0.000249 -0.000003 801
-0.018666 -0.050111 -1328.443056 -0.060414 0.024822 -0.000290 -0.000607 0.000249 -0.000003 802
-0.018689 -0.050174 -1330.099469 -0.060414 0.024822 -0.000290 -0.000607 0.000249 -0.000003 803
-0.018712 -0.050236 -1331.755881 -0.060414 0.024822 -0.000290 -0.000607 0.000249 -0.000003 804
-0.018735 -0.050299 -1333.412294 -0.060414 0.024822 -0.000290 -0.000607 0.000249 -0.000003 805
-0.018759 -0.050361 -1335.068707 -0.060414 0.024822 -0.000290 -0.000607 0.000249 -0.000003 806
-0.018782 -0.050424 -1336.725120 -0.060414 0.024822 -0.000290 -0.000607 0.000249 -0.000003 807
-0.018805 -0.050486 -1338.381532 -0.060414 0.024822 -0.000290 -0.000607 0.000249 -0.000003 808
-0.018829 -0.050549 -1340.037945 -0.060414 0.024822 -0.000290 -0.000607 0.000249 -0.000003 809
-0.018852 -0.050611 -1341.694358 -0.060414 0.024822 -0.000290 -0.000607 0.000249 -0.000003 810
-0.018875 -0.050674 -1343.350771 -0.060414 0.024822 -0.000290 -0.000607 0.000249 -0.000003 811
-0.018899 -0.050737 -1345.007184 -0.060414 0.024822 -0.000290 -0.000607 0.000249 -0.000003 812
-0.018922 -0.050799 -1346.663596 -0.060414 0.024822 -0.000290 -0.000607 0.000249 -0.000003 813
-0.018945 -0.050862 -1348.320009 -0.060414 0.024822 -0.000290 -0.000607 0.000249 -0.000003 814
-0.018969 -0.050924 -1349.976422 -0.060414 0.024822 -0.000290 -0.000607 0.000249 -0.000003 815
-0.018992 -0.050987 -1351.632835 -0.060414 0.024822 -0.000290 -0.000607 0.000249 -0.000003 816
-0.019015 -0.051049 -1353.289248 -0.060414 0.024822 -0.000290 -0.000607 0.000249 -0.000003 817
-0.019038 -0.051112 -1354.945660 -0.060414 0.024822 -0.000290 -0.000607 0.000249 -0.000003 818
-0.019062 -0.051175 -1356.602073 -0.060414 0.024822 -0.000290 -0.000607 0.000249 -0.000003 819
-0.019085 -0.051237 -1358.258486 -0.060414 0.024822 -0.000290 -0.000607 0.000249 -0.000003 820
-0.019108 -0.051300 -1359.914899 -0.060414 0.024822 -0.000290 -0.000607 0.000249 -0.000003 821
-0.019132 -0.051362 -1361.571311 -0.060414 0.024822 -0.000290 -0.000607 0.000249 -0.000003 822
-0.019155 -0.051425 -1363.227724 -0.060414 0.024822 -0.000290 -0.000607 0.000249 -0.000003 823
-0.019178 -0.051487 -1364.884137 -0.060414 0.024822 -0.000290 -0.000607 0.000249 -0.000003 824
-0.019202 -0.051550 -1366.540550 -0.060414 0.024822 -0.000290 -0.000607 0.000249 -0.000003 825
-0.019225 -0.051612 -1368.196963 -0.060414 0.024822 -0.000290 -0.000607 0.000249 -0.000003 826
-0.019248 -0.051675 -1369.853375 -0.060414 0.024822 -0.000290 -0.000607 0.000249 -0.000003 827
-0.019271 -0.051738 -1371.509788 -0.060414 0.024822 -0.000290 -0.000607 0.000249 -0.000003 828
-0.019295 -0.051800 -1373.166201 -0.060414 0.024822 -0.000290 -0.000607 0.000249 -0.000003 829
-0.019318 -0.051863 -1374.822614 -0.060414 0.024822 -0.000290 -0.000607 0.000249 -0.000003 830
-0.019341 -0.051925 -1376.479027 -0.060414 0.024822 -0.000290 -0.000607 0.000249 -0.000003 831
-0.019365 -0.051988 -1378.135439 -0.060414 0.024822 -0.000290 -0.000607 0.000249 -0.000003 832
-0.019388 -0.052050 -1379.791852 -0.060414 0.024822 -0.000290 -0.000607 0.000249 -0.000003 833
-0.019411 -0.052113 -1381.448265 -0.060414 0.024822 -0.000290 -0.000607 0.000249 -0.000003 834
-0.019435 -0.052175 -1383.104678 -0.060414 0.024822 -0.000290 -0.000607 0.000249 -0.000003 835
-0.019458 -0.052238 -1384.761091 -0.060414 0.024822 -0.000290 -0.000607 0.000249 -0.000003 836
-0.019481 -0.052301 -1386.417503 -0.060414 0.024822 -0.000290 -0.000607 0.000249 -0.000003 837
-0.019504 -0.052363 -1388.073916 -0.060414 0.024822 -0.000290 -0.000607 0.000249 -0.000003 838
-0.019528 -0.052426 -1389.730329 -0.060414 0.024822 -0.000290 -0.000607 0.000249 -0.000003 839
-0.019551 -0.052488 -1391.386742 -0.060414 0.024822 -0.000290 -0.000607 0.000249 -0.000003 840
-0.019574 -0.052551 -1393.043154 -0.060414 0.024822 -0.000290 -0.000607 0.000249 -0.000003 841
-0.019598 -0.052613 -1394.699567 -0.060414 0.024822 -0.000290 -0.000607 0.000249 -0.000003 842
-0.019621 -0.052676 -1396.355980 -0.060414 0.024822 -0.000290 -0.000607 0.000249 -0.000003 843
-0.019644 -0.052739 -1398.012393 -0.060414 0.024822 -0.000290 -0.000607 0.000249 -0.000003 844
-0.019668 -0.052801 -1399.668806 -0.060414 0.024822 -0.000290 -0.000607 0.000249 -0.000003 845
-0.019691 -0.052864 -1401.325218 -0.060414 0.024822 -0.000290 -0.000607 0.000249 -0.000003 846
-0.019714 -0.052926 -1402.981631 -0.060414 0.024822 -0.000290 -0.000607 0.000249 -0.000003 847
-0.019738 -0.052989 -1404.638044 -0.060414 0.024822 -0.000290 -0.000607 0.000249 -0.000003 848
-0.019761 -0.053051 -1406.294457 -0.060414 0.024822 -0.000290 -0.000607 0.000249 -0.000003 849
-0.019784 -0.053114 -1407.950870 -0.060414 0.024822 -0.000290 -0.000607 0.000249 -0.000003 850
-0.019807 -0.053176 -1409.607282 -0.060414 0.024822 -0.000290 -0.000607 0.000249 -0.000003 851
-0.019831 -0.053239 -1411.263695 -0.060414 0.024822 -0.000290 -0.000607 0.000249 -0.000003 852
-0.019854 -0.053302 -1412.920108 -0.060414 0.024822 -0.000290 -0.000607 0.000249 -0.000003 853
-0.019877 -0.053364 -1414.576521 -0.060414 0.024822 -0.000290 -0.000607 0.000249 -0.000003 854
-0.019901 -0.053427 -1416.232933 -0.060414 0.024822 -0.000290 -0.000607 0.000249 -0.000003 855
-0.019924 -0.053489 -1417.889346 -0.060414 0.024822 -0.000290 -0.000607 0.000249 -0.000003 856
-0.019947 -0.053552 -1419.545759 -0.060414 0.024822 -0.000290 -0.000607 0.000249 -0.000003 857
-0.019971 -0.053614 -1421.202172 -0.060414 0.024822 -0.000290 -0.000607 0.000249 -0.000003 858
-0.019994 -0.053677 -1422.858585 -0.060414 0.024822 -0.000290 -0.000607 0.000249 -0.000003 859
-0.020017 -0.053739 -1424.514997 -0.060414 0.024822 -0.000290 -0.000607 0.000249 -0.000003 860
-0.020040 -0.053802 -1426.171410 -0.060414 0.024822 -0.000290 -0.000607 0.000249 -0.000003 861
-0.020064 -0.053865 -1427.827823 -0.060414 0.024822 -0.000290 -0.000607 0.000249 -0.000003 862
-0.020087 -0.053927 -1429.484236 -0.060414 0.024822 -0.000290 -0.000607 0.000249 -0.000003 863
-0.020110 -0.053990 -1431.140649 -0.060414 0.024822 -0.000290 -0.000607 0.000249 -0.000003 864
-0.020134 -0.054052 -1432.797061 -0.060414 0.024822 -0.000290 -0.000607 0.000249 -0.000003 865
-0.020157 -0.054115 -1434.453474 -0.060414 0.024822 -0.000290 -0.000607 0.000249 -0.000003 866
-0.020180 -0.054177 -1436.109887 -0.060414 0.024822 -0.000290 -0.000607 0.000249 -0.000003 867
-0.020204 -0.054240 -1437.766300 -0.060414 0.024822 -0.000290 -0.000607 0.000249 -0.000003 868
-0.020227 -0.054303 -1439.422712 -0.060414 0.024822 -0.000290 -0.000607 0.000249 -0.000003 869
-0.020250 -0.054365 -1441.079125 -0.060414 0.024822 -0.000290 -0.000607 0.000249 -0.000003 870
-0.020273 -0.054428 -1442.735538 -0.060414 0.024822 -0.000290 -0.000607 0.000249 -0.000003 871
-0.020297 -0.054490 -1444.391951 -0.060414 0.024822 -0.000290 -0.000607 0.000249 -0.000003 872
-0.020320 -0.054553 -1446.048364 -0.060414 0.024822 -0.000290 -0.000607 0.000249 -0.000003 873
-0.020343 -0.054615 -1447.704776 -0.060414 0.024822 -0.000290 -0.000607 0.000249 -0.000003 874
-0.020367 -0.054678 -1449.361189 -0.060414 0.024822 -0.000290 -0.000607 0.000249 -0.000003 875
-0.020390 -0.054740 -1451.017602 -0.060414 0.024822 -0.000290 -0.000607 0.000249 -0.000003 876
-0.020413 -0.054803 -1452.674015 -0.060414 0.024822 -0.000290 -0.000607 0.000249 -0.000003 877
-0.020437 -0.054866 -1454.330428 -0.060414 0.024822 -0.000290 -0.000607 0.000249 -0.000003 878
-0.020460 -0.054928 -1455.986840 -0.060414 0.024822 -0.000290 -0.000607 0.000249 -0.000003 879
-0.020483 -0.054991 -1457.643253 -0.060414 0.024822 -0.000290 -0.000607 0.000249 -0.000003 880
-0.020506 -0.055053 -1459.299666 -0.060414 0.024822 -0.000290 -0.000607 0.000249 -0.000003 881
-0.020530 -0.055116 -1460.956079 -0.060414 0.024822 -0.000290 -0.000607 0.000249 -0.000003 882
-0.020553 -0.055178 -1462.612492 -0.060414 0.024822 -0.000290 -0.000607 0.000249 -0.000003 883
-0.020576 -0.055241 -1464.268904 -0.060414 0.024822 -0.000290 -0.000607 0.000249 -0.000003 884
-0.020600 -0.055304 -1465.925317 -0.060414 0.024822 -0.000290 -0.000607 0.000249 -0.000003 885
-0.020623 -0.055366 -1467.581730 -0.060414 0.024822 -0.000290 -0.000607 0.000249 -0.000003 886
-0.020646 -0.055429 -1469.238143 -0.060414 0.024822 -0.000290 -0.000607 0.000249 -0.000003 887
-0.020670 -0.055491 -1470.894555 -0.060414 0.024822 -0.000290 -0.000607 0.000249 -0.000003 888
-0.020693 -0.055554 -1472.550968 -0.060414 0.024822 -0.000290 -0.000607 0.000249 -0.000003 889
-0.020716 -0.055616 -1474.207381 -0.060414 0.024822 -0.000290 -0.000607 0.000249 -0.000003 890
-0.020740 -0.055679 -1475.863794 -0.060414 0.024822 -0.000290 -0.000607 0.000249 -0.000003 891
-0.020763 -0.055741 -1477.520207 -0.060414 0.024822 -0.000290 -0.000607 0.000249 -0.000003 892
-0.020786 -0.055804 -1479.176619 -0.060414 0.024822 -0.000290 -0.000607 0.000249 -0.000003 893
-0.020809 -0.055867 -1480.833032 -0.060414 0.024822 -0.000290 -0.000607 0.000249 -0.000003 894
-0.020833 -0.055929 -1482.489445 -0.060414 0.024822 -0.000290 -0.000607 0.000249 -0.000003 895
-0.020856 -0.055992 -1484.145858 -0.060414 0.024822 -0.000290 -0.000607 0.000249 -0.000003 896
-0.020879 -0.056054 -1485.802271 -0.060414 0.024822 -0.000290 -0.000607 0.000249 -0.000003 897
-0.020903 -0.056117 -1487.458683 -0.060414 0.024822 -0.000290 -0.000607 0.000249 -0.000003 898
-0.020926 -0.056179 -1489.115096 -0.060414 0.024822 -0.000290 -0.000607 0.000249 -0.000003 899
-0.020949 -0.056242 -1490.771509 -0.060414 0.024822 -0.000290 -0.000607 0.000249 -0.000003 900
-0.020973 -0.056304 -1492.427922 -0.060414 0.024822 -0.000290 -0.000607 0.000249 -0.000003 901
-0.020996 -0.056367 -1494.084334 -0.060414 0.024822 -0.000290 -0.000607 0.000249 -0.000003 902
-0.021019 -0.056430 -1495.740747 -0.060414 0.024822 -0.000290 -0.000607 0.000249 -0.000003 903
-0.021042 -0.056492 -1497.397160 -0.060414 0.024822 -0.000290 -0.000607 0.000249 -0.000003 904
-0.021066 -0.056555 -1499.053573 -0.060414 0.024822 -0.000290 -0.000607 0.000249 -0.000003 905
-0.021089 -0.056617 -1500.709986 -0.060414 0.024822 -0.000290 -0.000607 0.000249 -0.000003 906
-0.021112 -0.056680 -1502.366398 -0.060414 0.024822 -0.000290 -0.000607 0.000249 -0.000003 907
-0.021136 -0.056742 -1504.022811 -0.060414 0.024822 -0.000290 -0.000607 0.000249 -0.000003 908
-0.021159 -0.056805 -1505.679224 -0.060414 0.024822 -0.000290 -0.000607 0.000249 -0.000003 909
-0.021182 -0.056868 -1507.335637 -0.060414 0.024822 -0.000290 -0.000607 0.000249 -0.000003 910
-0.021206 -0.056930 -1508.992050 -0.060414 0.024822 -0.000290 -0.000607 0.000249 -0.000003 911
-0.021229 -0.056993 -1510.648462 -0.060414 0.024822 -0.000290 -0.000607 0.000249 -0.000003 912
-0.021252 -0.057055 -1512.304875 -0.060414 0.024822 -0.000290 -0.000607 0.000249 -0.000003 913
-0.021275 -0.057118 -1513.961288 -0.060414 0.024822 -0.000290 -0.000607 0.000249 -0.000003 914
-0.021299 -0.057180 -1515.617701 -0.060414 0.024822 -0.000290 -0.000607 0.000249 -0.000003 915
-0.021322 -0.057243 -1517.274114 -0.060414 0.024822 -0.000290 -0.000607 0.000249 -0.000003 916
-0.021345 -0.057305 -1518.930526 -0.060414 0.024822 -0.000290 -0.000607 0.000249 -0.000003 917
-0.021369 -0.057368 -1520.586939 -0.060414 0.024822 -0.000290 -0.000607 0.000249 -0.000003 918
-0.021392 -0.057431 -1522.243352 -0.060414 0.024822 -0.000290 -0.000607 0.000249 -0.000003 919
-0.021415 -0.057493 -1523.899765 -0.060414 0.024822 -0.000290 -0.000607 0.000249 -0.000003 920
-0.021439 -0.057556 -1525.556177 -0.060414 0.024822 -0.000290 -0.000607 0.000249 -0.000003 921
-0.021462 -0.057618 -1527.212590 -0.060414 0.024822 -0.000290 -0.000607 0.000249 -0.000003 922
-0.021485 -0.057681 -1528.869003 -0.060414 0.024822 -0.000290 -0.000607 0.000249 -0.000003 923
-0.021509 -0.057743 -1530.525416 -0.060414 0.024822 -0.000290 -0.000607 0.000249 -0.000003 924
-0.021532 -0.057806 -1532.181829 -0.060414 0.024822 -0.000290 -0.000607 0.000249 -0.000003 925
-0.021555 -0.057868 -1533.838241 -0.060414 0.024822 -0.000290 -0.000607 0.000249 -0.000003 926
-0.021578 -0.057931 -1535.494654 -0.060414 0.024822 -0.000290 -0.000607 0.000249 -0.000003 927
-0.021602 -0.057994 -1537.151067 -0.060414 0.024822 -0.000290 -0.000607 0.000249 -0.000003 928
-0.021625 -0.058056 -1538.807480 -0.060414 0.024822 -0.000290 -0.000607 0.000249 -0.000003 929
-0.021648 -0.058119 -1540.463893 -0.060414 0.024822 -0.000290 -0.000607 0.000249 -0.000003 930
-0.021672 -0.058181 -1542.120305 -0.060414 0.024822 -0.000290 -0.000607 0.000249 -0.000003 931
-0.021695 -0.058244 -1543.776718 -0.060414 0.024822 -0.000290 -0.000607 0.000249 -0.000003 932
-0.021718 -0.058306 -1545.433131 -0.060414 0.024822 -0.000290 -0.000607 0.000249 -0.000003 933
-0.021742 -0.058369 -1547.089544 -0.060414 0.024822 -0.000290 -0.000607 0.000249 -0.000003 934
-0.021765 -0.058432 -1548.745956 -0.060414 0.024822 -0.000290 -0.000607 0.000249 -0.000003 935
-0.021788 -0.058494 -1550.402369 -0.060414 0.024822 -0.000290 -0.000607 0.000249 -0.000003 936
-0.021811 -0.058557 -1552.058782 -0.060414 0.024822 -0.000290 -0.000607 0.000249 -0.000003 937
-0.021835 -0.058619 -1553.715195 -0.060414 0.024822 -0.000290 -0.000607 0.000249 -0.000003 938
-0.021858 -0.058682 -1555.371608 -0.060414 0.024822 -0.000290 -0.000607 0.000249 -0.000003 939
-0.021881 -0.058744 -1557.028020 -0.060414 0.024822 -0.000290 -0.000607 0.000249 -0.000003 940
-0.021905 -0.058807 -1558.684433 -0.060414 0.024822 -0.000290 -0.000607 0.000249 -0.000003 941
-0.021928 -0.058869 -1560.340846 -0.060414 0.024822 -0.000290 -0.000607 0.000249 -0.000003 942
-0.021951 -0.058932 -1561.997259 -0.060414 0.024822 -0.000290 -0.000607 0.000249 -0.000003 943
-0.021975 -0.058995 -1563.653672 -0.060414 0.024822 -0.000290 -0.000607 0.000249 -0.000003 944
-0.021998 -0.059057 -1565.310084 -0.060414 0.024822 -0.000290 -0.000607 0.000249 -0.000003 945
-0.022021 -0.059120 -1566.966497 -0.060414 0.024822 -0.000290 -0.000607 0.000249 -0.000003 946
-0.022044 -0.059182 -1568.622910 -0.060414 0.024822 -0.000290 -0.000607 0.000249 -0.000003 947
-0.022068 -0.059245 -1570.279323 -0.060414 0.024822 -0.000290 -0.000607 0.000249 -0.000003 948
-0.022091 -0.059307 -1571.935736 -0.060414 0.024822 -0.000290 -0.000607 0.000249 -0.000003 949
-0.022114 -0.059370 -1573.592148 -0.060414 0.024822 -0.000290 -0.000607 0.000249 -0.000003 950
-0.022138 -0.059433 -1575.248561 -0.060414 0.024822 -0.000290 -0.000607 0.000249 -0.000003 951
-0.022161 -0.059495 -1576.904974 -0.060414 0.024822 -0.000290 -0.000607 0.000249 -0.000003 952
-0.022184 -0.059558 -1578.561387 -0.060414 0.024822 -0.000290 -0.000607 0.000249 -0.000003 953
-0.022208 -0.059620 -1580.217799 -0.060414 0.024822 -0.000290 -0.000607 0.000249 -0.000003 954
-0.022231 -0.059683 -1581.874212 -0.060414 0.024822 -0.000290 -0.000607 0.000249 -0.000003 955
-0.022254 -0.059745 -1583.530625 -0.060414 0.024822 -0.000290 -0.000607 0.000249 -0.000003 956
-0.022278 -0.059808 -1585.187038 -0.060414 0.024822 -0.000290 -0.000607 0.000249 -0.000003 957
-0.022301 -0.059870 -1586.843451 -0.060414 0.024822 -0.000290 -0.000607 0.000249 -0.000003 958
-0.022324 -0.059933 -1588.499863 -0.060414 0.024822 -0.000290 -0.000607 0.000249 -0.000003 959
-0.022347 -0.059996 -1590.156276 -0.060414 0.024822 -0.000290 -0.000607 0.000249 -0.000003 960
-0.022371 -0.060058 -1591.812689 -0.060414 0.024822 -0.000290 -0.000607 0.000249 -0.000003 961
-0.022394 -0.060121 -1593.469102 -0.060414 0.024822 -0.000290 -0.000607 0.000249 -0.000003 962
-0.022417 -0.060183 -1595.125515 -0.060414 0.024822 -0.000290 -0.000607 0.000249 -0.000003 963
-0.022441 -0.060246 -1596.781927 -0.060414 0.024822 -0.000290 -0.000607 0.000249 -0.000003 964
-0.022464 -0.060308 -1598.438340 -0.060414 0.024822 -0.000290 -0.000607 0.000249 -0.000003 965
-0.022487 -0.060371 -1600.094753 -0.060414 0.024822 -0.000290 -0.000607 0.000249 -0.000003 966
-0.022511 -0.060433 -1601.751166 -0.060414 0.024822 -0.000290 -0.000607 0.000249 -0.000003 967
-0.022534 -0.060496 -1603.407578 -0.060414 0.024822 -0.000290 -0.000607 0.000249 -0.000003 968
-0.022557 -0.060559 -1605.063991 -0.060414 0.024822 -0.000290 -0.000607 0.000249 -0.000003 969
-0.022580 -0.060621 -1606.720404 -0.060414 0.024822 -0.000290 -0.000607 0.000249 -0.000003 970
-0.022604 -0.060684 -1608.376817 -0.060414 0.024822 -0.000290 -0.000607 0.000249 -0.000003 971
-0.022627 -0.060746 -1610.033230 -0.060414 0.024822 -0.000290 -0.000607 0.000249 -0.000003 972
-0.022650 -0.060809 -1611.689642 -0.060414 0.024822 -0.000290 -0.000607 0.000249 -0.000003 973
-0.022674 -0.060871 -1613.346055 -0.060414 0.024822 -0.000290 -0.000607 0.000249 -0.000003 974
-0.022697 -0.060934 -1615.002468 -0.060414 0.024822 -0.000290 -0.000607 0.000249 -0.000003 975
-0.022720 -0.060997 -1616.658881 -0.060414 0.024822 -0.000290 -0.000607 0.000249 -0.000003 976
-0.022744 -0.061059 -1618.315294 -0.060414 0.024822 -0.000290 -0.000607 0.000249 -0.000003 977
-0.022767 -0.061122 -1619.971706 -0.060414 0.024822 -0.000290 -0.000607 0.000249 -0.000003 978
-0.022790 -0.061184 -1621.628119 -0.060414 0.024822 -0.000290 -0.000607 0.000249 -0.000003 979
-0.022813 -0.061247 -1623.284532 -0.060414 0.024822 -0.000290 -0.000607 0.000249 -0.000003 980
-0.022837 -0.061309 -1624.940945 -0.060414 0.024822 -0.000290 -0.000607 0.000249 -0.000003 981
-0.022860 -0.061372 -1626.597358 -0.060414 0.024822 -0.000290 -0.000607 0.000249 -0.000003 982
-0.022883 -0.061434 -1628.253770 -0.060414 0.024822 -0.000290 -0.000607 0.000249 -0.000003 983
-0.022907 -0.061497 -1629.910183 -0.060414 0.024822 -0.000290 -0.000607 0.000249 -0.000003 984
-0.022930 -0.061560 -1631.566596 -0.060414 0.024822 -0.000290 -0.000607 0.000249 -0.000003 985
-0.022953 -0.061622 -1633.223009 -0.060414 0.024822 -0.000290 -0.000607 0.000249 -0.000003 986
-0.022977 -0.061685 -1634.879421 -0.060414 0.024822 -0.000290 -0.000607 0.000249 -0.000003 987
-0.023000 -0.061747 -1636.535834 -0.060414 0.024822 -0.000290 -0.000607 0.000249 -0.000003 988
-0.023023 -0.061810 -1638.192247 -0.060414 0.024822 -0.000290 -0.000607 0.000249 -0.000003 989
-0.023047 -0.061872 -1639.848660 -0.060414 0.024822 -0.000290 -0.000607 0.000249 -0.000003 990
-0.023070 -0.061935 -1641.505073 -0.060414 0.024822 -0.000290 -0.000607 0.000249 -0.000003 991
-0.023093 -0.061997 -1643.161485 -0.060414 0.024822 -0.000290 -0.000607 0.000249 -0.000003 992
-0.023116 -0.062060 -1644.817898 -0.060414 0.024822 -0.000290 -0.000607 0.000249 -0.000003 993
-0.023140 -0.062123 -1646.474311 -0.060414 0.024822 -0.000290 -0.000607 0.000249 -0.000003 994
-0.023163 -0.062185 -1648.130724 -0.060414 0.024822 -0.000290 -0.000607 0.000249 -0.000003 995
-0.023186 -0.062248 -1649.787137 -0.060414 0.024822 -0.000290 -0.000607 0.000249 -0.000003 996
-0.023210 -0.062310 -1651.443549 -0.060414 0.024822 -0.000290 -0.000607 0.000249 -0.000003 997
-0.023233 -0.062373 -1653.099962 -0.060414 0.024822 -0.000290 -0.000607 0.000249 -0.000003 998
-0.023256 -0.062435 -1654.756375 -0.060414 0.024822 -0.000290 -0.000607 0.000249 -0.000003 999
-0.023280 -0.062498 -1656.412788 -0.060414 0.024822 -0.000290 -0.000607 0.000249 -0.000003 1000
