0.000000 0.000000 -0.000814 -0.770562 0.000020 -0.002009 -0.007744 0.000000 -0.000020 0
-0.000000 -0.000808 -0.001641 -0.770700 0.000022 -0.002009 -0.007745 0.000000 -0.000020 1
0.000000 -0.001622 -0.002474 -0.770700 0.000022 -0.002009 -0.007745 0.000000 -0.000020 2
0.000000 -0.002443 -0.003314 -0.770700 0.000022 -0.002009 -0.007745 0.000000 -0.000020 3
0.000000 -0.003272 -0.004160 -0.770700 0.000022 -0.002009 -0.007745 0.000000 -0.000020 4
0.000000 -0.004107 -0.005013 -0.770700 0.000022 -0.002009 -0.007745 0.000000 -0.000020 5
0.000000 -0.004949 -0.005872 -0.770700 0.000022 -0.002009 -0.007745 0.000000 -0.000020 6
0.000000 -0.005797 -0.006738 -0.770700 0.000022 -0.002009 -0.007745 0.000000 -0.000020 7
0.000000 -0.006653 -0.007611 -0.770700 0.000022 -0.002009 -0.007745 0.000000 -0.000020 8
0.000001 -0.007517 -0.008490 -0.770700 0.000022 -0.002009 -0.007745 0.000000 -0.000020 9
0.000001 -0.008387 -0.009376 -0.770700 0.000022 -0.002009 -0.007745 0.000000 -0.000020 10
0.000001 -0.009264 -0.010269 -0.770700 0.000022 -0.002009 -0.007745 0.000000 -0.000020 11
0.000001 -0.010149 -0.011169 -0.770700 0.000022 -0.002009 -0.007745 0.000000 -0.000020 12
0.000001 -0.011041 -0.012076 -0.770700 0.000022 -0.002009 -0.007745 0.000000 -0.000020 13
0.000001 -0.011940 -0.012990 -0.770700 0.000022 -0.002009 -0.007745 0.000000 -0.000020 14
0.000002 -0.012847 -0.013911 -0.770700 0.000022 -0.002009 -0.007745 0.000000 -0.000020 15
0.000002 -0.013762 -0.014839 -0.770700 0.000022 -0.002009 -0.007745 0.000000 -0.000020 16
0.000002 -0.014683 -0.015774 -0.770700 0.000022 -0.002009 -0.007745 0.000000 -0.000020 17
0.000002 -0.015613 -0.016717 -0.770700 0.000022 -0.002009 -0.007745 0.000000 -0.000020 18
0.000003 -0.016550 -0.017666 -0.770700 0.000022 -0.002009 -0.007745 0.000000 -0.000020 19
0.000003 -0.017495 -0.018624 -0.770700 0.000022 -0.002009 -0.007745 0.000000 -0.000020 20
0.000003 -0.018448 -0.019588 -0.770700 0.000022 -0.002009 -0.007745 0.000000 -0.000020 21
0.000004 -0.019408 -0.020560 -0.770700 0.000022 -0.002009 -0.007745 0.000000 -0.000020 22
0.000004 -0.020376 -0.021540 -0.770700 0.000022 -0.002009 -0.007745 0.000000 -0.000020 23
0.000004 -0.021353 -0.022527 -0.770700 0.000022 -0.002009 -0.007745 0.000000 -0.000020 24
0.000005 -0.022337 -0.023522 -0.770700 0.000022 -0.002009 -0.007745 0.000000 -0.000020 25
0.000005 -0.023330 -0.024524 -0.770700 0.000022 -0.002009 -0.007745 0.000000 -0.000020 26
0.000006 -0.024330 -0.025534 -0.770700 0.000022 -0.002009 -0.007745 0.000000 -0.000020 27
0.000006 -0.025339 -0.026552 -0.770700 0.000022 -0.002009 -0.007745 0.000000 -0.000020 28
0.000007 -0.026357 -0.027578 -0.770700 0.000022 -0.002009 -0.007745 0.000000 -0.000020 29
0.000007 -0.027382 -0.028612 -0.770700 0.000022 -0.002009 -0.007745 0.000000 -0.000020 30
0.000008 -0.028416 -0.029654 -0.770700 0.000022 -0.002009 -0.007745 0.000000 -0.000020 31
0.000008 -0.029458 -0.030704 -0.770700 0.000022 -0.002009 -0.007745 0.000000 -0.000020 32
0.000009 -0.030509 -0.031762 -0.770700 0.000022 -0.002009 -0.007745 0.000000 -0.000020 33
0.000009 -0.031569 -0.032829 -0.770700 0.000022 -0.002009 -0.007745 0.000000 -0.000020 34
0.000010 -0.032637 -0.033903 -0.770700 0.000022 -0.002009 -0.007745 0.000000 -0.000020 35
0.000011 -0.033714 -0.034986 -0.770700 0.000022 -0.002009 -0.007745 0.000000 -0.000020 36
0.000011 -0.034800 -0.036077 -0.770700 0.000022 -0.002009 -0.007745 0.000000 -0.000020 37
0.000012 -0.035894 -0.037177 -0.770700 0.000022 -0.002009 -0.007745 0.000000 -0.000020 38
0.000013 -0.036998 -0.038286 -0.770700 0.000022 -0.002009 -0.007745 0.000000 -0.000020 39
0.000013 -0.038111 -0.039402 -0.770700 0.000022 -0.002009 -0.007745 0.000000 -0.000020 40
0.000014 -0.039232 -0.040528 -0.770700 0.000022 -0.002009 -0.007745 0.000000 -0.000020 41
0.000015 -0.040363 -0.041662 -0.770700 0.000022 -0.002009 -0.007745 0.000000 -0.000020 42
0.000016 -0.041503 -0.042805 -0.770700 0.000022 -0.002009 -0.007745 0.000000 -0.000020 43
0.000016 -0.042653 -0.043957 -0.770700 0.000022 -0.002009 -0.007745 0.000000 -0.000020 44
0.000017 -0.043812 -0.045118 -0.770700 0.000022 -0.002009 -0.007745 0.000000 -0.000020 45
0.000018 -0.044980 -0.046288 -0.770700 0.000022 -0.002009 -0.007745 0.000000 -0.000020 46
0.000019 -0.046158 -0.047467 -0.770700 0.000022 -0.002009 -0.007745 0.000000 -0.000020 47
0.000020 -0.047345 -0.048655 -0.770700 0.000022 -0.002009 -0.007745 0.000000 -0.000020 48
0.000021 -0.048542 -0.049852 -0.770700 0.000022 -0.002009 -0.007745 0.000000 -0.000020 49
0.000022 -0.049749 -0.051059 -0.770700 0.000022 -0.002009 -0.007745 0.000000 -0.000020 50
0.000023 -0.050965 -0.052275 -0.770700 0.000022 -0.002009 -0.007745 0.000000 -0.000020 51
0.000024 -0.052192 -0.053500 -0.770700 0.000022 -0.002009 -0.007745 0.000000 -0.000020 52
0.000025 -0.053428 -0.054735 -0.770700 0.000022 -0.002009 -0.007745 0.000000 -0.000020 53
0.000026 -0.054675 -0.055979 -0.770700 0.000022 -0.002009 -0.007745 0.000000 -0.000020 54
0.000027 -0.055931 -0.057234 -0.770700 0.000022 -0.002009 -0.007745 0.000000 -0.000020 55
0.000028 -0.057198 -0.058497 -0.770700 0.000022 -0.002009 -0.007745 0.000000 -0.000020 56
0.000029 -0.058475 -0.059771 -0.770700 0.000022 -0.002009 -0.007745 0.000000 -0.000020 57
0.000030 -0.059763 -0.061055 -0.770700 0.000022 -0.002009 -0.007745 0.000000 -0.000020 58
0.000031 -0.061060 -0.062348 -0.770700 0.000022 -0.002009 -0.007745 0.000000 -0.000020 59
0.000032 -0.062369 -0.063652 -0.770700 0.000022 -0.002009 -0.007745 0.000000 -0.000020 60
0.000033 -0.063688 -0.064966 -0.770700 0.000022 -0.002009 -0.007745 0.000000 -0.000020 61
0.000035 -0.065018 -0.066289 -0.770700 0.000022 -0.002009 -0.007745 0.000000 -0.000020 62
0.000036 -0.066358 -0.067624 -0.770700 0.000022 -0.002009 -0.007745 0.000000 -0.000020 63
0.000037 -0.067710 -0.068968 -0.770700 0.000022 -0.002009 -0.007745 0.000000 -0.000020 64
0.000039 -0.069072 -0.070323 -0.770700 0.000022 -0.002009 -0.007745 0.000000 -0.000020 65
0.000040 -0.070445 -0.071689 -0.770700 0.000022 -0.002009 -0.007745 0.000000 -0.000020 66
0.000041 -0.071830 -0.073065 -0.770700 0.000022 -0.002009 -0.007745 0.000000 -0.000020 67
0.000043 -0.073225 -0.074452 -0.770700 0.000022 -0.002009 -0.007745 0.000000 -0.000020 68
0.000044 -0.074632 -0.075849 -0.770700 0.000022 -0.002009 -0.007745 0.000000 -0.000020 69
0.000045 -0.076051 -0.077258 -0.770700 0.000022 -0.002009 -0.007745 0.000000 -0.000020 70
0.000047 -0.077480 -0.078677 -0.770700 0.000022 -0.002009 -0.007745 0.000000 -0.000020 71
0.000048 -0.078922 -0.080107 -0.770700 0.000022 -0.002009 -0.007745 0.000000 -0.000020 72
0.000050 -0.080375 -0.081549 -0.770700 0.000022 -0.002009 -0.007745 0.000000 -0.000020 73
0.000051 -0.081839 -0.083002 -0.770700 0.000022 -0.002009 -0.007745 0.000000 -0.000020 74
0.000053 -0.083316 -0.084466 -0.770700 0.000022 -0.002009 -0.007745 0.000000 -0.000020 75
0.000055 -0.084804 -0.085941 -0.770700 0.000022 -0.002009 -0.007745 0.000000 -0.000020 76
0.000056 -0.086305 -0.087428 -0.770700 0.000022 -0.002009 -0.007745 0.000000 -0.000020 77
0.000058 -0.087818 -0.088926 -0.770700 0.000022 -0.002009 -0.007745 0.000000 -0.000020 78
0.000060 -0.089342 -0.090437 -0.770700 0.000022 -0.002009 -0.007745 0.000000 -0.000020 79
0.000061 -0.090879 -0.091958 -0.770700 0.000022 -0.002009 -0.007745 0.000000 -0.000020 80
0.000063 -0.092429 -0.093492 -0.770700 0.000022 -0.002009 -0.007745 0.000000 -0.000020 81
0.000065 -0.093991 -0.095038 -0.770700 0.000022 -0.002009 -0.007745 0.000000 -0.000020 82
0.000067 -0.095565 -0.096595 -0.770700 0.000022 -0.002009 -0.007745 0.000000 -0.000020 83
0.000069 -0.097153 -0.098165 -0.770700 0.000022 -0.002009 -0.007745 0.000000 -0.000020 84
0.000070 -0.098753 -0.099747 -0.770700 0.000022 -0.002009 -0.007745 0.000000 -0.000020 85
0.000072 -0.100365 -0.101341 -0.770700 0.000022 -0.002009 -0.007745 0.000000 -0.000020 86
0.000074 -0.101991 -0.102948 -0.770700 0.000022 -0.002009 -0.007745 0.000000 -0.000020 87
0.000076 -0.103630 -0.104567 -0.770700 0.000022 -0.002009 -0.007745 0.000000 -0.000020 88
0.000078 -0.105282 -0.106199 -0.770700 0.000022 -0.002009 -0.007745 0.000000 -0.000020 89
0.000080 -0.106948 -0.107843 -0.770700 0.000022 -0.002009 -0.007745 0.000000 -0.000020 90
0.000082 -0.108626 -0.109500 -0.770700 0.000022 -0.002009 -0.007745 0.000000 -0.000020 91
0.000084 -0.110319 -0.111170 -0.770700 0.000022 -0.002009 -0.007745 0.000000 -0.000020 92
0.000087 -0.112025 -0.112853 -0.770700 0.000022 -0.002009 -0.007745 0.000000 -0.000020 93
0.000089 -0.113744 -0.114550 -0.770700 0.000022 -0.002009 -0.007745 0.000000 -0.000020 94
0.000091 -0.115478 -0.116259 -0.770700 0.000022 -0.002009 -0.007745 0.000000 -0.000020 95
0.000093 -0.117225 -0.117982 -0.770700 0.000022 -0.002009 -0.007745 0.000000 -0.000020 96
0.000095 -0.118986 -0.119718 -0.770700 0.000022 -0.002009 -0.007745 0.000000 -0.000020 97
0.000098 -0.120762 -0.121467 -0.770700 0.000022 -0.002009 -0.007745 0.000000 -0.000020 98
0.000100 -0.122551 -0.123231 -0.770700 0.000022 -0.002009 -0.007745 0.000000 -0.000020 99
0.000102 -0.124356 -0.125008 -0.770700 0.000022 -0.002009 -0.007745 0.000000 -0.000020 100
0.000105 -0.126174 -0.126798 -0.770700 0.000022 -0.002009 -0.007745 0.000000 -0.000020 101
0.000107 -0.128007 -0.128603 -0.770700 0.000022 -0.002009 -0.007745 0.000000 -0.000020 102
0.000110 -0.129855 -0.130422 -0.770700 0.000022 -0.002009 -0.007745 0.000000 -0.000020 103
0.000112 -0.131718 -0.132255 -0.770700 0.000022 -0.002009 -0.007745 0.000000 -0.000020 104
0.000115 -0.133595 -0.134102 -0.770700 0.000022 -0.002009 -0.007745 0.000000 -0.000020 105
0.000117 -0.135488 -0.135964 -0.770700 0.000022 -0.002009 -0.007745 0.000000 -0.000020 106
0.000120 -0.137396 -0.137840 -0.770700 0.000022 -0.002009 -0.007745 0.000000 -0.000020 107
0.000123 -0.139319 -0.139730 -0.770700 0.000022 -0.002009 -0.007745 0.000000 -0.000020 108
0.000125 -0.141257 -0.141636 -0.770700 0.000022 -0.002009 -0.007745 0.000000 -0.000020 109
0.000128 -0.143211 -0.143556 -0.770700 0.000022 -0.002009 -0.007745 0.000000 -0.000020 110
0.000131 -0.145181 -0.145491 -0.770700 0.000022 -0.002009 -0.007745 0.000000 -0.000020 111
0.000134 -0.147166 -0.147442 -0.770700 0.000022 -0.002009 -0.007745 0.000000 -0.000020 112
0.000136 -0.149168 -0.149407 -0.770700 0.000022 -0.002009 -0.007745 0.000000 -0.000020 113
0.000139 -0.151185 -0.151388 -0.770700 0.000022 -0.002009 -0.007745 0.000000 -0.000020 114
0.000142 -0.153218 -0.153384 -0.770700 0.000022 -0.002009 -0.007745 0.000000 -0.000020 115
0.000145 -0.155268 -0.155396 -0.770700 0.000022 -0.002009 -0.007745 0.000000 -0.000020 116
0.000148 -0.157334 -0.157424 -0.770700 0.000022 -0.002009 -0.007745 0.000000 -0.000020 117
0.000151 -0.159417 -0.159467 -0.770700 0.000022 -0.002009 -0.007745 0.000000 -0.000020 118
0.000154 -0.161516 -0.161526 -0.770700 0.000022 -0.002009 -0.007745 0.000000 -0.000020 119
0.000157 -0.163632 -0.163601 -0.770700 0.000022 -0.002009 -0.007745 0.000000 -0.000020 120
0.000161 -0.165765 -0.165693 -0.770700 0.000022 -0.002009 -0.007745 0.000000 -0.000020 121
0.000164 -0.167915 -0.167800 -0.770700 0.000022 -0.002009 -0.007745 0.000000 -0.000020 122
0.000167 -0.170082 -0.169925 -0.770700 0.000022 -0.002009 -0.007745 0.000000 -0.000020 123
0.000170 -0.172266 -0.172065 -0.770700 0.000022 -0.002009 -0.007745 0.000000 -0.000020 124
0.000174 -0.174468 -0.174223 -0.770700 0.000022 -0.002009 -0.007745 0.000000 -0.000020 125
0.000177 -0.176688 -0.176397 -0.770700 0.000022 -0.002009 -0.007745 0.000000 -0.000020 126
0.000180 -0.178925 -0.178588 -0.770700 0.000022 -0.002009 -0.007745 0.000000 -0.000020 127
0.000184 -0.181180 -0.180796 -0.770700 0.000022 -0.002009 -0.007745 0.000000 -0.000020 128
0.000187 -0.183453 -0.183022 -0.770700 0.000022 -0.002009 -0.007745 0.000000 -0.000020 129
0.000191 -0.185744 -0.185265 -0.770700 0.000022 -0.002009 -0.007745 0.000000 -0.000020 130
0.000194 -0.188053 -0.187525 -0.770700 0.000022 -0.002009 -0.007745 0.000000 -0.000020 131
0.000198 -0.190381 -0.189803 -0.770700 0.000022 -0.002009 -0.007745 0.000000 -0.000020 132
0.000202 -0.192728 -0.192099 -0.770700 0.000022 -0.002009 -0.007745 0.000000 -0.000020 133
0.000206 -0.195093 -0.194412 -0.770700 0.000022 -0.002009 -0.007745 0.000000 -0.000020 134
0.000209 -0.197477 -0.196744 -0.770700 0.000022 -0.002009 -0.007745 0.000000 -0.000020 135
0.000213 -0.199880 -0.199094 -0.770700 0.000022 -0.002009 -0.007745 0.000000 -0.000020 136
0.000217 -0.202302 -0.201462 -0.770700 0.000022 -0.002009 -0.007745 0.000000 -0.000020 137
0.000221 -0.204743 -0.203849 -0.770700 0.000022 -0.002009 -0.007745 0.000000 -0.000020 138
0.000225 -0.207204 -0.206254 -0.770700 0.000022 -0.002009 -0.007745 0.000000 -0.000020 139
0.000229 -0.209685 -0.208678 -0.770700 0.000022 -0.002009 -0.007745 0.000000 -0.000020 140
0.000233 -0.212185 -0.211121 -0.770700 0.000022 -0.002009 -0.007745 0.000000 -0.000020 141
0.000237 -0.214705 -0.213583 -0.770700 0.000022 -0.002009 -0.007745 0.000000 -0.000020 142
0.000241 -0.217245 -0.216064 -0.770700 0.000022 -0.002009 -0.007745 0.000000 -0.000020 143
0.000245 -0.219806 -0.218565 -0.770700 0.000022 -0.002009 -0.007745 0.000000 -0.000020 144
0.000250 -0.222387 -0.221085 -0.770700 0.000022 -0.002009 -0.007745 0.000000 -0.000020 145
0.000254 -0.224988 -0.223624 -0.770700 0.000022 -0.002009 -0.007745 0.000000 -0.000020 146
0.000258 -0.227610 -0.226184 -0.770700 0.000022 -0.002009 -0.007745 0.000000 -0.000020 147
0.000263 -0.230253 -0.228764 -0.770700 0.000022 -0.002009 -0.007745 0.000000 -0.000020 148
0.000267 -0.232917 -0.231363 -0.770700 0.000022 -0.002009 -0.007745 0.000000 -0.000020 149
0.000272 -0.235602 -0.233983 -0.770700 0.000022 -0.002009 -0.007745 0.000000 -0.000020 150
0.000276 -0.238309 -0.236624 -0.770700 0.000022 -0.002009 -0.007745 0.000000 -0.000020 151
0.000281 -0.241037 -0.239285 -0.770700 0.000022 -0.002009 -0.007745 0.000000 -0.000020 152
0.000285 -0.243786 -0.241967 -0.770700 0.000022 -0.002009 -0.007745 0.000000 -0.000020 153
0.000290 -0.246558 -0.244669 -0.770700 0.000022 -0.002009 -0.007745 0.000000 -0.000020 154
0.000295 -0.249352 -0.247393 -0.770700 0.000022 -0.002009 -0.007745 0.000000 -0.000020 155
0.000300 -0.252168 -0.250138 -0.770700 0.000022 -0.002009 -0.007745 0.000000 -0.000020 156
0.000304 -0.255006 -0.252905 -0.770700 0.000022 -0.002009 -0.007745 0.000000 -0.000020 157
0.000309 -0.257867 -0.255693 -0.770700 0.000022 -0.002009 -0.007745 0.000000 -0.000020 158
0.000314 -0.260750 -0.258503 -0.770700 0.000022 -0.002009 -0.007745 0.000000 -0.000020 159
0.000319 -0.263657 -0.261335 -0.770700 0.000022 -0.002009 -0.007745 0.000000 -0.000020 160
0.000325 -0.266586 -0.264189 -0.770700 0.000022 -0.002009 -0.007745 0.000000 -0.000020 161
0.000330 -0.269539 -0.267065 -0.770700 0.000022 -0.002009 -0.007745 0.000000 -0.000020 162
0.000335 -0.272515 -0.269964 -0.770700 0.000022 -0.002009 -0.007745 0.000000 -0.000020 163
0.000340 -0.275515 -0.272885 -0.770700 0.000022 -0.002009 -0.007745 0.000000 -0.000020 164
0.000345 -0.278539 -0.275830 -0.770700 0.000022 -0.002009 -0.007745 0.000000 -0.000020 165
0.000351 -0.281587 -0.278797 -0.770700 0.000022 -0.002009 -0.007745 0.000000 -0.000020 166
0.000356 -0.284659 -0.281787 -0.770700 0.000022 -0.002009 -0.007745 0.000000 -0.000020 167
0.000362 -0.287755 -0.284801 -0.770700 0.000022 -0.002009 -0.007745 0.000000 -0.000020 168
0.000367 -0.290876 -0.287839 -0.770700 0.000022 -0.002009 -0.007745 0.000000 -0.000020 169
0.000373 -0.294022 -0.290900 -0.770700 0.000022 -0.002009 -0.007745 0.000000 -0.000020 170
0.000379 -0.297192 -0.293985 -0.770700 0.000022 -0.002009 -0.007745 0.000000 -0.000020 171
0.000384 -0.300388 -0.297094 -0.770700 0.000022 -0.002009 -0.007745 0.000000 -0.000020 172
0.000390 -0.303609 -0.300227 -0.770700 0.000022 -0.002009 -0.007745 0.000000 -0.000020 173
0.000396 -0.306856 -0.303385 -0.770700 0.000022 -0.002009 -0.007745 0.000000 -0.000020 174
0.000402 -0.310129 -0.306568 -0.770700 0.000022 -0.002009 -0.007745 0.000000 -0.000020 175
0.000408 -0.313427 -0.309775 -0.770700 0.000022 -0.002009 -0.007745 0.000000 -0.000020 176
0.000414 -0.316752 -0.313008 -0.770700 0.000022 -0.002009 -0.007745 0.000000 -0.000020 177
0.000420 -0.320103 -0.316265 -0.770700 0.000022 -0.002009 -0.007745 0.000000 -0.000020 178
0.000426 -0.323481 -0.319549 -0.770700 0.000022 -0.002009 -0.007745 0.000000 -0.000020 179
0.000433 -0.326885 -0.322858 -0.770700 0.000022 -0.002009 -0.007745 0.000000 -0.000020 180
0.000439 -0.330317 -0.326192 -0.770700 0.000022 -0.002009 -0.007745 0.000000 -0.000020 181
0.000445 -0.333775 -0.329553 -0.770700 0.000022 -0.002009 -0.007745 0.000000 -0.000020 182
0.000452 -0.337261 -0.332940 -0.770700 0.000022 -0.002009 -0.007745 0.000000 -0.000020 183
0.000458 -0.340775 -0.336354 -0.770700 0.000022 -0.002009 -0.007745 0.000000 -0.000020 184
0.000465 -0.344317 -0.339794 -0.770700 0.000022 -0.002009 -0.007745 0.000000 -0.000020 185
0.000472 -0.347886 -0.343262 -0.770700 0.000022 -0.002009 -0.007745 0.000000 -0.000020 186
0.000478 -0.351484 -0.346756 -0.770700 0.000022 -0.002009 -0.007745 0.000000 -0.000020 187
0.000485 -0.355111 -0.350278 -0.770700 0.000022 -0.002009 -0.007745 0.000000 -0.000020 188
0.000492 -0.358766 -0.353827 -0.770700 0.000022 -0.002009 -0.007745 0.000000 -0.000020 189
0.000499 -0.362450 -0.357404 -0.770700 0.000022 -0.002009 -0.007745 0.000000 -0.000020 190
0.000506 -0.366163 -0.361009 -0.770700 0.000022 -0.002009 -0.007745 0.000000 -0.000020 191
0.000513 -0.369906 -0.364642 -0.770700 0.000022 -0.002009 -0.007745 0.000000 -0.000020 192
0.000520 -0.373679 -0.368304 -0.770700 0.000022 -0.002009 -0.007745 0.000000 -0.000020 193
0.000527 -0.377481 -0.371994 -0.770700 0.000022 -0.002009 -0.007745 0.000000 -0.000020 194
0.000535 -0.381314 -0.375713 -0.770700 0.000022 -0.002009 -0.007745 0.000000 -0.000020 195
0.000542 -0.385176 -0.379462 -0.770700 0.000022 -0.002009 -0.007745 0.000000 -0.000020 196
0.000549 -0.389070 -0.383239 -0.770700 0.000022 -0.002009 -0.007745 0.000000 -0.000020 197
0.000557 -0.392994 -0.387046 -0.770700 0.000022 -0.002009 -0.007745 0.000000 -0.000020 198
0.000564 -0.396950 -0.390883 -0.770700 0.000022 -0.002009 -0.007745 0.000000 -0.000020 199
0.000572 -0.400936 -0.394750 -0.770700 0.000022 -0.002009 -0.007745 0.000000 -0.000020 200
0.000580 -0.404955 -0.398647 -0.770700 0.000022 -0.002009 -0.007745 0.000000 -0.000020 201
0.000588 -0.409005 -0.402575 -0.770700 0.000022 -0.002009 -0.007745 0.000000 -0.000020 202
0.000596 -0.413087 -0.406534 -0.770700 0.000022 -0.002009 -0.007745 0.000000 -0.000020 203
0.000604 -0.417202 -0.410523 -0.770700 0.000022 -0.002009 -0.007745 0.000000 -0.000020 204
0.000612 -0.421349 -0.414544 -0.770700 0.000022 -0.002009 -0.007745 0.000000 -0.000020 205
0.000620 -0.425529 -0.418596 -0.770700 0.000022 -0.002009 -0.007745 0.000000 -0.000020 206
0.000628 -0.429742 -0.422680 -0.770700 0.000022 -0.002009 -0.007745 0.000000 -0.000020 207
0.000636 -0.433988 -0.426796 -0.770700 0.000022 -0.002009 -0.007745 0.000000 -0.000020 208
0.000645 -0.438268 -0.430944 -0.770700 0.000022 -0.002009 -0.007745 0.000000 -0.000020 209
0.000653 -0.442582 -0.435125 -0.770700 0.000022 -0.002009 -0.007745 0.000000 -0.000020 210
0.000662 -0.446930 -0.439338 -0.770700 0.000022 -0.002009 -0.007745 0.000000 -0.000020 211
0.000670 -0.451313 -0.443585 -0.770700 0.000022 -0.002009 -0.007745 0.000000 -0.000020 212
0.000679 -0.455730 -0.447864 -0.770700 0.000022 -0.002009 -0.007745 0.000000 -0.000020 213
0.000688 -0.460182 -0.452177 -0.770700 0.000022 -0.002009 -0.007745 0.000000 -0.000020 214
0.000697 -0.464669 -0.456524 -0.770700 0.000022 -0.002009 -0.007745 0.000000 -0.000020 215
0.000706 -0.469192 -0.460905 -0.770700 0.000022 -0.002009 -0.007745 0.000000 -0.000020 216
0.000715 -0.473751 -0.465321 -0.770700 0.000022 -0.002009 -0.007745 0.000000 -0.000020 217
0.000724 -0.478346 -0.469771 -0.770700 0.000022 -0.002009 -0.007745 0.000000 -0.000020 218
0.000733 -0.482977 -0.474256 -0.770700 0.000022 -0.002009 -0.007745 0.000000 -0.000020 219
0.000743 -0.487645 -0.478775 -0.770700 0.000022 -0.002009 -0.007745 0.000000 -0.000020 220
0.000752 -0.492350 -0.483331 -0.770700 0.000022 -0.002009 -0.007745 0.000000 -0.000020 221
0.000762 -0.497092 -0.487922 -0.770700 0.000022 -0.002009 -0.007745 0.000000 -0.000020 222
0.000771 -0.501871 -0.492549 -0.770700 0.000022 -0.002009 -0.007745 0.000000 -0.000020 223
0.000781 -0.506688 -0.497212 -0.770700 0.000022 -0.002009 -0.007745 0.000000 -0.000020 224
0.000791 -0.511544 -0.501912 -0.770700 0.000022 -0.002009 -0.007745 0.000000 -0.000020 225
0.000801 -0.516438 -0.506649 -0.770700 0.000022 -0.002009 -0.007745 0.000000 -0.000020 226
0.000811 -0.521370 -0.511423 -0.770700 0.000022 -0.002009 -0.007745 0.000000 -0.000020 227
0.000821 -0.526342 -0.516234 -0.770700 0.000022 -0.002009 -0.007745 0.000000 -0.000020 228
0.000831 -0.531353 -0.521083 -0.770700 0.000022 -0.002009 -0.007745 0.000000 -0.000020 229
0.000841 -0.536404 -0.525970 -0.770700 0.000022 -0.002009 -0.007745 0.000000 -0.000020 230
0.000851 -0.541494 -0.530895 -0.770700 0.000022 -0.002009 -0.007745 0.000000 -0.000020 231
0.000862 -0.546625 -0.535859 -0.770700 0.000022 -0.002009 -0.007745 0.000000 -0.000020 232
0.000872 -0.551797 -0.540862 -0.770700 0.000022 -0.002009 -0.007745 0.000000 -0.000020 233
0.000883 -0.557009 -0.545904 -0.770700 0.000022 -0.002009 -0.007745 0.000000 -0.000020 234
0.000894 -0.562263 -0.550986 -0.770700 0.000022 -0.002009 -0.007745 0.000000 -0.000020 235
0.000905 -0.567558 -0.556108 -0.770700 0.000022 -0.002009 -0.007745 0.000000 -0.000020 236
0.000916 -0.572895 -0.561269 -0.770700 0.000022 -0.002009 -0.007745 0.000000 -0.000020 237
0.000927 -0.578274 -0.566472 -0.770700 0.000022 -0.002009 -0.007745 0.000000 -0.000020 238
0.000938 -0.583696 -0.571715 -0.770700 0.000022 -0.002009 -0.007745 0.000000 -0.000020 239
0.000949 -0.589161 -0.576999 -0.770700 0.000022 -0.002009 -0.007745 0.000000 -0.000020 240
0.000961 -0.594669 -0.582325 -0.770700 0.000022 -0.002009 -0.007745 0.000000 -0.000020 241
0.000972 -0.600220 -0.587692 -0.770700 0.000022 -0.002009 -0.007745 0.000000 -0.000020 242
0.000984 -0.605816 -0.593102 -0.770700 0.000022 -0.002009 -0.007745 0.000000 -0.000020 243
0.000995 -0.611455 -0.598554 -0.770700 0.000022 -0.002009 -0.007745 0.000000 -0.000020 244
0.001007 -0.617140 -0.604048 -0.770700 0.000022 -0.002009 -0.007745 0.000000 -0.000020 245
0.001019 -0.622869 -0.609586 -0.770700 0.000022 -0.002009 -0.007745 0.000000 -0.000020 246
0.001031 -0.628644 -0.615168 -0.770700 0.000022 -0.002009 -0.007745 0.000000 -0.000020 247
0.001043 -0.634464 -0.620793 -0.770700 0.000022 -0.002009 -0.007745 0.000000 -0.000020 248
0.001056 -0.640330 -0.626462 -0.770700 0.000022 -0.002009 -0.007745 0.000000 -0.000020 249
0.001068 -0.646243 -0.632176 -0.770700 0.000022 -0.002009 -0.007745 0.000000 -0.000020 250
0.001080 -0.652203 -0.637935 -0.770700 0.000022 -0.002009 -0.007745 0.000000 -0.000020 251
0.001093 -0.658209 -0.643739 -0.770700 0.000022 -0.002009 -0.007745 0.000000 -0.000020 252
0.001106 -0.664263 -0.649589 -0.770700 0.000022 -0.002009 -0.007745 0.000000 -0.000020 253
0.001119 -0.670365 -0.655484 -0.770700 0.000022 -0.002009 -0.007745 0.000000 -0.000020 254
0.001132 -0.676516 -0.661426 -0.770700 0.000022 -0.002009 -0.007745 0.000000 -0.000020 255
0.001145 -0.682715 -0.667414 -0.770700 0.000022 -0.002009 -0.007745 0.000000 -0.000020 256
0.001158 -0.688963 -0.673450 -0.770700 0.000022 -0.002009 -0.007745 0.000000 -0.000020 257
0.001171 -0.695260 -0.679533 -0.770700 0.000022 -0.002009 -0.007745 0.000000 -0.000020 258
0.001185 -0.701608 -0.685664 -0.770700 0.000022 -0.002009 -0.007745 0.000000 -0.000020 259
0.001198 -0.708005 -0.691843 -0.770700 0.000022 -0.002009 -0.007745 0.000000 -0.000020 260
0.001212 -0.714453 -0.698070 -0.770700 0.000022 -0.002009 -0.007745 0.000000 -0.000020 261
0.001226 -0.720952 -0.704347 -0.770700 0.000022 -0.002009 -0.007745 0.000000 -0.000020 262
0.001240 -0.727503 -0.710672 -0.770700 0.000022 -0.002009 -0.007745 0.000000 -0.000020 263
0.001254 -0.734105 -0.717048 -0.770700 0.000022 -0.002009 -0.007745 0.000000 -0.000020 264
0.001268 -0.740760 -0.723473 -0.770700 0.000022 -0.002009 -0.007745 0.000000 -0.000020 265
0.001282 -0.747467 -0.729949 -0.770700 0.000022 -0.002009 -0.007745 0.000000 -0.000020 266
0.001297 -0.754227 -0.736476 -0.770700 0.000022 -0.002009 -0.007745 0.000000 -0.000020 267
0.001311 -0.761041 -0.743055 -0.770700 0.000022 -0.002009 -0.007745 0.000000 -0.000020 268
0.001326 -0.767909 -0.749685 -0.770700 0.000022 -0.002009 -0.007745 0.000000 -0.000020 269
0.001341 -0.774831 -0.756367 -0.770700 0.000022 -0.002009 -0.007745 0.000000 -0.000020 270
0.001356 -0.781807 -0.763102 -0.770700 0.000022 -0.002009 -0.007745 0.000000 -0.000020 271
0.001371 -0.788839 -0.769889 -0.770700 0.000022 -0.002009 -0.007745 0.000000 -0.000020 272
0.001386 -0.795927 -0.776730 -0.770700 0.000022 -0.002009 -0.007745 0.000000 -0.000020 273
0.001402 -0.803071 -0.783625 -0.770700 0.000022 -0.002009 -0.007745 0.000000 -0.000020 274
0.001417 -0.810271 -0.790574 -0.770700 0.000022 -0.002009 -0.007745 0.000000 -0.000020 275
0.001433 -0.817528 -0.797578 -0.770700 0.000022 -0.002009 -0.007745 0.000000 -0.000020 276
0.001449 -0.824843 -0.804637 -0.770700 0.000022 -0.002009 -0.007745 0.000000 -0.000020 277
0.001464 -0.832215 -0.811751 -0.770700 0.000022 -0.002009 -0.007745 0.000000 -0.000020 278
0.001481 -0.839646 -0.818922 -0.770700 0.000022 -0.002009 -0.007745 0.000000 -0.000020 279
0.001497 -0.847136 -0.826149 -0.770700 0.000022 -0.002009 -0.007745 0.000000 -0.000020 280
0.001513 -0.854685 -0.833432 -0.770700 0.000022 -0.002009 -0.007745 0.000000 -0.000020 281
0.001530 -0.862294 -0.840773 -0.770700 0.000022 -0.002009 -0.007745 0.000000 -0.000020 282
0.001546 -0.869962 -0.848172 -0.770700 0.000022 -0.002009 -0.007745 0.000000 -0.000020 283
0.001563 -0.877692 -0.855629 -0.770700 0.000022 -0.002009 -0.007745 0.000000 -0.000020 284
0.001580 -0.885483 -0.863145 -0.770700 0.000022 -0.002009 -0.007745 0.000000 -0.000020 285
0.001597 -0.893335 -0.870720 -0.770700 0.000022 -0.002009 -0.007745 0.000000 -0.000020 286
0.001614 -0.901250 -0.878355 -0.770700 0.000022 -0.002009 -0.007745 0.000000 -0.000020 287
0.001632 -0.909227 -0.886050 -0.770700 0.000022 -0.002009 -0.007745 0.000000 -0.000020 288
0.001649 -0.917268 -0.893805 -0.770700 0.000022 -0.002009 -0.007745 0.000000 -0.000020 289
0.001667 -0.925372 -0.901621 -0.770700 0.000022 -0.002009 -0.007745 0.000000 -0.000020 290
0.001685 -0.933540 -0.909499 -0.770700 0.000022 -0.002009 -0.007745 0.000000 -0.000020 291
0.001703 -0.941773 -0.917439 -0.770700 0.000022 -0.002009 -0.007745 0.000000 -0.000020 292
0.001721 -0.950071 -0.925442 -0.770700 0.000022 -0.002009 -0.007745 0.000000 -0.000020 293
0.001740 -0.958435 -0.933508 -0.770700 0.000022 -0.002009 -0.007745 0.000000 -0.000020 294
0.001758 -0.966865 -0.941637 -0.770700 0.000022 -0.002009 -0.007745 0.000000 -0.000020 295
0.001777 -0.975361 -0.949830 -0.770700 0.000022 -0.002009 -0.007745 0.000000 -0.000020 296
0.001796 -0.983925 -0.958088 -0.770700 0.000022 -0.002009 -0.007745 0.000000 -0.000020 297
0.001815 -0.992557 -0.966411 -0.770700 0.000022 -0.002009 -0.007745 0.000000 -0.000020 298
0.001834 -1.001257 -0.974800 -0.770700 0.000022 -0.002009 -0.007745 0.000000 -0.000020 299
0.001853 -1.010027 -0.983254 -0.770700 0.000022 -0.002009 -0.007745 0.000000 -0.000020 300
0.001873 -1.018865 -0.991776 -0.770700 0.000022 -0.002009 -0.007745 0.000000 -0.000020 301
0.001893 -1.027774 -1.000364 -0.770700 0.000022 -0.002009 -0.007745 0.000000 -0.000020 302
0.001912 -1.036753 -1.009021 -0.770700 0.000022 -0.002009 -0.007745 0.000000 -0.000020 303
0.001932 -1.045803 -1.017745 -0.770700 0.000022 -0.002009 -0.007745 0.000000 -0.000020 304
0.001953 -1.054925 -1.026539 -0.770700 0.000022 -0.002009 -0.007745 0.000000 -0.000020 305
0.001973 -1.064120 -1.035401 -0.770700 0.000022 -0.002009 -0.007745 0.000000 -0.000020 306
0.001994 -1.073387 -1.044334 -0.770700 0.000022 -0.002009 -0.007745 0.000000 -0.000020 307
0.002014 -1.082727 -1.053337 -0.770700 0.000022 -0.002009 -0.007745 0.000000 -0.000020 308
0.002035 -1.092142 -1.062412 -0.770700 0.000022 -0.002009 -0.007745 0.000000 -0.000020 309
0.002056 -1.101631 -1.071557 -0.770700 0.000022 -0.002009 -0.007745 0.000000 -0.000020 310
0.002078 -1.111195 -1.080775 -0.770700 0.000022 -0.002009 -0.007745 0.000000 -0.000020 311
0.002099 -1.120835 -1.090066 -0.770700 0.000022 -0.002009 -0.007745 0.000000 -0.000020 312
0.002121 -1.130552 -1.099430 -0.770700 0.000022 -0.002009 -0.007745 0.000000 -0.000020 313
0.002143 -1.140345 -1.108868 -0.770700 0.000022 -0.002009 -0.007745 0.000000 -0.000020 314
0.002165 -1.150217 -1.118381 -0.770700 0.000022 -0.002009 -0.007745 0.000000 -0.000020 315
0.002187 -1.160166 -1.127968 -0.770700 0.000022 -0.002009 -0.007745 0.000000 -0.000020 316
0.002209 -1.170194 -1.137632 -0.770700 0.000022 -0.002009 -0.007745 0.000000 -0.000020 317
0.002232 -1.180302 -1.147372 -0.770700 0.000022 -0.002009 -0.007745 0.000000 -0.000020 318
0.002255 -1.190490 -1.157188 -0.770700 0.000022 -0.002009 -0.007745 0.000000 -0.000020 319
0.002278 -1.200759 -1.167082 -0.770700 0.000022 -0.002009 -0.007745 0.000000 -0.000020 320
0.002301 -1.211109 -1.177055 -0.770700 0.000022 -0.002009 -0.007745 0.000000 -0.000020 321
0.002325 -1.221542 -1.187106 -0.770700 0.000022 -0.002009 -0.007745 0.000000 -0.000020 322
0.002348 -1.232057 -1.197237 -0.770700 0.000022 -0.002009 -0.007745 0.000000 -0.000020 323
0.002372 -1.242655 -1.207447 -0.770700 0.000022 -0.002009 -0.007745 0.000000 -0.000020 324
0.002396 -1.253337 -1.217739 -0.770700 0.000022 -0.002009 -0.007745 0.000000 -0.000020 325
0.002420 -1.264105 -1.228111 -0.770700 0.000022 -0.002009 -0.007745 0.000000 -0.000020 326
0.002445 -1.274957 -1.238566 -0.770700 0.000022 -0.002009 -0.007745 0.000000 -0.000020 327
0.002469 -1.285896 -1.249103 -0.770700 0.000022 -0.002009 -0.007745 0.000000 -0.000020 328
0.002494 -1.296922 -1.259724 -0.770700 0.000022 -0.002009 -0.007745 0.000000 -0.000020 329
0.002519 -1.308035 -1.270429 -0.770700 0.000022 -0.002009 -0.007745 0.000000 -0.000020 330
0.002544 -1.319236 -1.281218 -0.770700 0.000022 -0.002009 -0.007745 0.000000 -0.000020 331
0.002570 -1.330526 -1.292093 -0.770700 0.000022 -0.002009 -0.007745 0.000000 -0.000020 332
0.002596 -1.341906 -1.303054 -0.770700 0.000022 -0.002009 -0.007745 0.000000 -0.000020 333
0.002622 -1.353376 -1.314101 -0.770700 0.000022 -0.002009 -0.007745 0.000000 -0.000020 334
0.002648 -1.364937 -1.325236 -0.770700 0.000022 -0.002009 -0.007745 0.000000 -0.000020 335
0.002674 -1.376590 -1.336459 -0.770700 0.000022 -0.002009 -0.007745 0.000000 -0.000020 336
0.002701 -1.388336 -1.347771 -0.770700 0.000022 -0.002009 -0.007745 0.000000 -0.000020 337
0.002728 -1.400175 -1.359173 -0.770700 0.000022 -0.002009 -0.007745 0.000000 -0.000020 338
0.002755 -1.412107 -1.370665 -0.770700 0.000022 -0.002009 -0.007745 0.000000 -0.000020 339
0.002782 -1.424135 -1.382247 -0.770700 0.000022 -0.002009 -0.007745 0.000000 -0.000020 340
0.002810 -1.436258 -1.393922 -0.770700 0.000022 -0.002009 -0.007745 0.000000 -0.000020 341
0.002837 -1.448477 -1.405689 -0.770700 0.000022 -0.002009 -0.007745 0.000000 -0.000020 342
0.002865 -1.460794 -1.417549 -0.770700 0.000022 -0.002009 -0.007745 0.000000 -0.000020 343
0.002894 -1.473208 -1.429503 -0.770700 0.000022 -0.002009 -0.007745 0.000000 -0.000020 344
0.002922 -1.485721 -1.441552 -0.770700 0.000022 -0.002009 -0.007745 0.000000 -0.000020 345
0.002951 -1.498334 -1.453696 -0.770700 0.000022 -0.002009 -0.007745 0.000000 -0.000020 346
0.002980 -1.511046 -1.465937 -0.770700 0.000022 -0.002009 -0.007745 0.000000 -0.000020 347
0.003009 -1.523860 -1.478274 -0.770700 0.000022 -0.002009 -0.007745 0.000000 -0.000020 348
0.003038 -1.536776 -1.490710 -0.770700 0.000022 -0.002009 -0.007745 0.000000 -0.000020 349
0.003068 -1.549794 -1.503244 -0.770700 0.000022 -0.002009 -0.007745 0.000000 -0.000020 350
0.003098 -1.562916 -1.515877 -0.770700 0.000022 -0.002009 -0.007745 0.000000 -0.000020 351
0.003128 -1.576142 -1.528611 -0.770700 0.000022 -0.002009 -0.007745 0.000000 -0.000020 352
0.003159 -1.589473 -1.541446 -0.770700 0.000022 -0.002009 -0.007745 0.000000 -0.000020 353
0.003189 -1.602911 -1.554382 -0.770700 0.000022 -0.002009 -0.007745 0.000000 -0.000020 354
0.003220 -1.616455 -1.567421 -0.770700 0.000022 -0.002009 -0.007745 0.000000 -0.000020 355
0.003252 -1.630107 -1.580564 -0.770700 0.000022 -0.002009 -0.007745 0.000000 -0.000020 356
0.003283 -1.643868 -1.593811 -0.770700 0.000022 -0.002009 -0.007745 0.000000 -0.000020 357
0.003315 -1.657738 -1.607163 -0.770700 0.000022 -0.002009 -0.007745 0.000000 -0.000020 358
0.003347 -1.671718 -1.620621 -0.770700 0.000022 -0.002009 -0.007745 0.000000 -0.000020 359
0.003379 -1.685810 -1.634186 -0.770700 0.000022 -0.002009 -0.007745 0.000000 -0.000020 360
0.003412 -1.700014 -1.647858 -0.770700 0.000022 -0.002009 -0.007745 0.000000 -0.000020 361
0.003445 -1.714331 -1.661639 -0.770700 0.000022 -0.002009 -0.007745 0.000000 -0.000020 362
0.003478 -1.728762 -1.675530 -0.770700 0.000022 -0.002009 -0.007745 0.000000 -0.000020 363
0.003511 -1.743308 -1.689531 -0.770700 0.000022 -0.002009 -0.007745 0.000000 -0.000020 364
0.003545 -1.757970 -1.703643 -0.770700 0.000022 -0.002009 -0.007745 0.000000 -0.000020 365
0.003579 -1.772748 -1.717868 -0.770700 0.000022 -0.002009 -0.007745 0.000000 -0.000020 366
0.003613 -1.787645 -1.732205 -0.770700 0.000022 -0.002009 -0.007745 0.000000 -0.000020 367
0.003648 -1.802660 -1.746657 -0.770700 0.000022 -0.002009 -0.007745 0.000000 -0.000020 368
0.003683 -1.817794 -1.761223 -0.770700 0.000022 -0.002009 -0.007745 0.000000 -0.000020 369
0.003718 -1.833049 -1.775906 -0.770700 0.000022 -0.002009 -0.007745 0.000000 -0.000020 370
0.003753 -1.848426 -1.790705 -0.770700 0.000022 -0.002009 -0.007745 0.000000 -0.000020 371
0.003789 -1.863926 -1.805621 -0.770700 0.000022 -0.002009 -0.007745 0.000000 -0.000020 372
0.003825 -1.879549 -1.820657 -0.770700 0.000022 -0.002009 -0.007745 0.000000 -0.000020 373
0.003861 -1.895296 -1.835812 -0.770700 0.000022 -0.002009 -0.007745 0.000000 -0.000020 374
0.003898 -1.911169 -1.851087 -0.770700 0.000022 -0.002009 -0.007745 0.000000 -0.000020 375
0.003935 -1.927169 -1.866485 -0.770700 0.000022 -0.002009 -0.007745 0.000000 -0.000020 376
0.003972 -1.943296 -1.882005 -0.770700 0.000022 -0.002009 -0.007745 0.000000 -0.000020 377
0.004010 -1.959552 -1.897648 -0.770700 0.000022 -0.002009 -0.007745 0.000000 -0.000020 378
0.004048 -1.975938 -1.913416 -0.770700 0.000022 -0.002009 -0.007745 0.000000 -0.000020 379
0.004086 -1.992454 -1.929310 -0.770700 0.000022 -0.002009 -0.007745 0.000000 -0.000020 380
0.004124 -2.009103 -1.945330 -0.770700 0.000022 -0.002009 -0.007745 0.000000 -0.000020 381
0.004163 -2.025884 -1.961478 -0.770700 0.000022 -0.002009 -0.007745 0.000000 -0.000020 382
0.004202 -2.042799 -1.977754 -0.770700 0.000022 -0.002009 -0.007745 0.000000 -0.000020 383
0.004242 -2.059849 -1.994161 -0.770700 0.000022 -0.002009 -0.007745 0.000000 -0.000020 384
0.004282 -2.077036 -2.010698 -0.770700 0.000022 -0.002009 -0.007745 0.000000 -0.000020 385
0.004322 -2.094359 -2.027367 -0.770700 0.000022 -0.002009 -0.007745 0.000000 -0.000020 386
0.004362 -2.111821 -2.044169 -0.770700 0.000022 -0.002009 -0.007745 0.000000 -0.000020 387
0.004403 -2.129423 -2.061105 -0.770700 0.000022 -0.002009 -0.007745 0.000000 -0.000020 388
0.004444 -2.147165 -2.078176 -0.770700 0.000022 -0.002009 -0.007745 0.000000 -0.000020 389
0.004486 -2.165049 -2.095383 -0.770700 0.000022 -0.002009 -0.007745 0.000000 -0.000020 390
0.004527 -2.183076 -2.112728 -0.770700 0.000022 -0.002009 -0.007745 0.000000 -0.000020 391
0.004570 -2.201247 -2.130211 -0.770700 0.000022 -0.002009 -0.007745 0.000000 -0.000020 392
0.004612 -2.219564 -2.147834 -0.770700 0.000022 -0.002009 -0.007745 0.000000 -0.000020 393
0.004655 -2.238027 -2.165597 -0.770700 0.000022 -0.002009 -0.007745 0.000000 -0.000020 394
0.004698 -2.256637 -2.183502 -0.770700 0.000022 -0.002009 -0.007745 0.000000 -0.000020 395
0.004742 -2.275397 -2.201550 -0.770700 0.000022 -0.002009 -0.007745 0.000000 -0.000020 396
0.004786 -2.294306 -2.219743 -0.770700 0.000022 -0.002009 -0.007745 0.000000 -0.000020 397
0.004830 -2.313367 -2.238081 -0.770700 0.000022 -0.002009 -0.007745 0.000000 -0.000020 398
0.004875 -2.332581 -2.256565 -0.770700 0.000022 -0.002009 -0.007745 0.000000 -0.000020 399
0.004920 -2.351948 -2.275198 -0.770700 0.000022 -0.002009 -0.007745 0.000000 -0.000020 400
0.004966 -2.371471 -2.293979 -0.770700 0.000022 -0.002009 -0.007745 0.000000 -0.000020 401
0.005011 -2.391149 -2.312910 -0.770700 0.000022 -0.002009 -0.007745 0.000000 -0.000020 402
0.005058 -2.410986 -2.331993 -0.770700 0.000022 -0.002009 -0.007745 0.000000 -0.000020 403
0.005104 -2.430981 -2.351229 -0.770700 0.000022 -0.002009 -0.007745 0.000000 -0.000020 404
0.005151 -2.451137 -2.370618 -0.770700 0.000022 -0.002009 -0.007745 0.000000 -0.000020 405
0.005199 -2.471454 -2.390163 -0.770700 0.000022 -0.002009 -0.007745 0.000000 -0.000020 406
0.005246 -2.491934 -2.409864 -0.770700 0.000022 -0.002009 -0.007745 0.000000 -0.000020 407
0.005295 -2.512578 -2.429723 -0.770700 0.000022 -0.002009 -0.007745 0.000000 -0.000020 408
0.005343 -2.533388 -2.449741 -0.770700 0.000022 -0.002009 -0.007745 0.000000 -0.000020 409
0.005392 -2.554364 -2.469920 -0.770700 0.000022 -0.002009 -0.007745 0.000000 -0.000020 410
0.005441 -2.575509 -2.490260 -0.770700 0.000022 -0.002009 -0.007745 0.000000 -0.000020 411
0.005491 -2.596824 -2.510763 -0.770700 0.000022 -0.002009 -0.007745 0.000000 -0.000020 412
0.005541 -2.618309 -2.531430 -0.770700 0.000022 -0.002009 -0.007745 0.000000 -0.000020 413
0.005592 -2.639968 -2.552264 -0.770700 0.000022 -0.002009 -0.007745 0.000000 -0.000020 414
0.005643 -2.661800 -2.573264 -0.770700 0.000022 -0.002009 -0.007745 0.000000 -0.000020 415
0.005694 -2.683807 -2.594433 -0.770700 0.000022 -0.002009 -0.007745 0.000000 -0.000020 416
0.005746 -2.705991 -2.615771 -0.770700 0.000022 -0.002009 -0.007745 0.000000 -0.000020 417
0.005799 -2.728353 -2.637281 -0.770700 0.000022 -0.002009 -0.007745 0.000000 -0.000020 418
0.005851 -2.750895 -2.658964 -0.770700 0.000022 -0.002009 -0.007745 0.000000 -0.000020 419
0.005904 -2.773618 -2.680820 -0.770700 0.000022 -0.002009 -0.007745 0.000000 -0.000020 420
0.005958 -2.796524 -2.702853 -0.770700 0.000022 -0.002009 -0.007745 0.000000 -0.000020 421
0.006012 -2.819614 -2.725062 -0.770700 0.000022 -0.002009 -0.007745 0.000000 -0.000020 422
0.006067 -2.842890 -2.747449 -0.770700 0.000022 -0.002009 -0.007745 0.000000 -0.000020 423
0.006122 -2.866353 -2.770017 -0.770700 0.000022 -0.002009 -0.007745 0.000000 -0.000020 424
0.006177 -2.890005 -2.792766 -0.770700 0.000022 -0.002009 -0.007745 0.000000 -0.000020 425
0.006233 -2.913847 -2.815698 -0.770700 0.000022 -0.002009 -0.007745 0.000000 -0.000020 426
0.006289 -2.937881 -2.838814 -0.770700 0.000022 -0.002009 -0.007745 0.000000 -0.000020 427
0.006346 -2.962108 -2.862116 -0.770700 0.000022 -0.002009 -0.007745 0.000000 -0.000020 428
0.006403 -2.986531 -2.885606 -0.770700 0.000022 -0.002009 -0.007745 0.000000 -0.000020 429
0.006461 -3.011150 -2.909285 -0.770700 0.000022 -0.002009 -0.007745 0.000000 -0.000020 430
0.006519 -3.035968 -2.933155 -0.770700 0.000022 -0.002009 -0.007745 0.000000 -0.000020 431
0.006578 -3.060986 -2.957216 -0.770700 0.000022 -0.002009 -0.007745 0.000000 -0.000020 432
0.006637 -3.086205 -2.981472 -0.770700 0.000022 -0.002009 -0.007745 0.000000 -0.000020 433
0.006697 -3.111628 -3.005923 -0.770700 0.000022 -0.002009 -0.007745 0.000000 -0.000020 434
0.006757 -3.137255 -3.030571 -0.770700 0.000022 -0.002009 -0.007745 0.000000 -0.000020 435
0.006817 -3.163090 -3.055417 -0.770700 0.000022 -0.002009 -0.007745 0.000000 -0.000020 436
0.006878 -3.189133 -3.080464 -0.770700 0.000022 -0.002009 -0.007745 0.000000 -0.000020 437
0.006940 -3.215386 -3.105713 -0.770700 0.000022 -0.002009 -0.007745 0.000000 -0.000020 438
0.007002 -3.241851 -3.131166 -0.770700 0.000022 -0.002009 -0.007745 0.000000 -0.000020 439
0.007065 -3.268529 -3.156824 -0.770700 0.000022 -0.002009 -0.007745 0.000000 -0.000020 440
0.007128 -3.295424 -3.182690 -0.770700 0.000022 -0.002009 -0.007745 0.000000 -0.000020 441
0.007192 -3.322535 -3.208764 -0.770700 0.000022 -0.002009 -0.007745 0.000000 -0.000020 442
0.007256 -3.349866 -3.235048 -0.770700 0.000022 -0.002009 -0.007745 0.000000 -0.000020 443
0.007321 -3.377417 -3.261545 -0.770700 0.000022 -0.002009 -0.007745 0.000000 -0.000020 444
0.007386 -3.405191 -3.288257 -0.770700 0.000022 -0.002009 -0.007745 0.000000 -0.000020 445
0.007452 -3.433190 -3.315184 -0.770700 0.000022 -0.002009 -0.007745 0.000000 -0.000020 446
0.007518 -3.461415 -3.342328 -0.770700 0.000022 -0.002009 -0.007745 0.000000 -0.000020 447
0.007585 -3.489869 -3.369693 -0.770700 0.000022 -0.002009 -0.007745 0.000000 -0.000020 448
0.007652 -3.518553 -3.397279 -0.770700 0.000022 -0.002009 -0.007745 0.000000 -0.000020 449
0.007720 -3.547469 -3.425088 -0.770700 0.000022 -0.002009 -0.007745 0.000000 -0.000020 450
0.007789 -3.576620 -3.453122 -0.770700 0.000022 -0.002009 -0.007745 0.000000 -0.000020 451
0.007858 -3.606006 -3.481383 -0.770700 0.000022 -0.002009 -0.007745 0.000000 -0.000020 452
0.007928 -3.635631 -3.509873 -0.770700 0.000022 -0.002009 -0.007745 0.000000 -0.000020 453
0.007998 -3.665496 -3.538594 -0.770700 0.000022 -0.002009 -0.007745 0.000000 -0.000020 454
0.008069 -3.695603 -3.567547 -0.770700 0.000022 -0.002009 -0.007745 0.000000 -0.000020 455
0.008140 -3.725954 -3.596736 -0.770700 0.000022 -0.002009 -0.007745 0.000000 -0.000020 456
0.008212 -3.756551 -3.626161 -0.770700 0.000022 -0.002009 -0.007745 0.000000 -0.000020 457
0.008285 -3.787397 -3.655825 -0.770700 0.000022 -0.002009 -0.007745 0.000000 -0.000020 458
0.008358 -3.818493 -3.685729 -0.770700 0.000022 -0.002009 -0.007745 0.000000 -0.000020 459
0.008432 -3.849841 -3.715876 -0.770700 0.000022 -0.002009 -0.007745 0.000000 -0.000020 460
0.008506 -3.881444 -3.746268 -0.770700 0.000022 -0.002009 -0.007745 0.000000 -0.000020 461
0.008581 -3.913304 -3.776907 -0.770700 0.000022 -0.002009 -0.007745 0.000000 -0.000020 462
0.008657 -3.945423 -3.807795 -0.770700 0.000022 -0.002009 -0.007745 0.000000 -0.000020 463
0.008733 -3.977803 -3.838934 -0.770700 0.000022 -0.002009 -0.007745 0.000000 -0.000020 464
0.008810 -4.010446 -3.870327 -0.770700 0.000022 -0.002009 -0.007745 0.000000 -0.000020 465
0.008887 -4.043354 -3.901974 -0.770700 0.000022 -0.002009 -0.007745 0.000000 -0.000020 466
0.008965 -4.076531 -3.933879 -0.770700 0.000022 -0.002009 -0.007745 0.000000 -0.000020 467
0.009044 -4.109978 -3.966044 -0.770700 0.000022 -0.002009 -0.007745 0.000000 -0.000020 468
0.009124 -4.143696 -3.998470 -0.770700 0.000022 -0.002009 -0.007745 0.000000 -0.000020 469
0.009204 -4.177690 -4.031161 -0.770700 0.000022 -0.002009 -0.007745 0.000000 -0.000020 470
0.009284 -4.211960 -4.064118 -0.770700 0.000022 -0.002009 -0.007745 0.000000 -0.000020 471
0.009366 -4.246510 -4.097343 -0.770700 0.000022 -0.002009 -0.007745 0.000000 -0.000020 472
0.009448 -4.281342 -4.130840 -0.770700 0.000022 -0.002009 -0.007745 0.000000 -0.000020 473
0.009531 -4.316458 -4.164610 -0.770700 0.000022 -0.002009 -0.007745 0.000000 -0.000020 474
0.009614 -4.351860 -4.198655 -0.770700 0.000022 -0.002009 -0.007745 0.000000 -0.000020 475
0.009698 -4.387551 -4.232978 -0.770700 0.000022 -0.002009 -0.007745 0.000000 -0.000020 476
0.009783 -4.423533 -4.267581 -0.770700 0.000022 -0.002009 -0.007745 0.000000 -0.000020 477
0.009868 -4.459810 -4.302467 -0.770700 0.000022 -0.002009 -0.007745 0.000000 -0.000020 478
0.009954 -4.496382 -4.337638 -0.770700 0.000022 -0.002009 -0.007745 0.000000 -0.000020 479
0.010041 -4.533254 -4.373097 -0.770700 0.000022 -0.002009 -0.007745 0.000000 -0.000020 480
0.010129 -4.570427 -4.408845 -0.770700 0.000022 -0.002009 -0.007745 0.000000 -0.000020 481
0.010217 -4.607904 -4.444886 -0.770700 0.000022 -0.002009 -0.007745 0.000000 -0.000020 482
0.010306 -4.645688 -4.481222 -0.770700 0.000022 -0.002009 -0.007745 0.000000 -0.000020 483
0.010396 -4.683781 -4.517855 -0.770700 0.000022 -0.002009 -0.007745 0.000000 -0.000020 484
0.010487 -4.722186 -4.554789 -0.770700 0.000022 -0.002009 -0.007745 0.000000 -0.000020 485
0.010578 -4.760906 -4.592025 -0.770700 0.000022 -0.002009 -0.007745 0.000000 -0.000020 486
0.010670 -4.799943 -4.629566 -0.770700 0.000022 -0.002009 -0.007745 0.000000 -0.000020 487
0.010762 -4.839300 -4.667415 -0.770700 0.000022 -0.002009 -0.007745 0.000000 -0.000020 488
0.010856 -4.878979 -4.705574 -0.770700 0.000022 -0.002009 -0.007745 0.000000 -0.000020 489
0.010950 -4.918985 -4.744047 -0.770700 0.000022 -0.002009 -0.007745 0.000000 -0.000020 490
0.011045 -4.959318 -4.782835 -0.770700 0.000022 -0.002009 -0.007745 0.000000 -0.000020 491
0.011141 -4.999983 -4.821942 -0.770700 0.000022 -0.002009 -0.007745 0.000000 -0.000020 492
0.011238 -5.040981 -4.861370 -0.770700 0.000022 -0.002009 -0.007745 0.000000 -0.000020 493
0.011335 -5.082317 -4.901122 -0.770700 0.000022 -0.002009 -0.007745 0.000000 -0.000020 494
0.011433 -5.123992 -4.941202 -0.770700 0.000022 -0.002009 -0.007745 0.000000 -0.000020 495
0.011532 -5.166010 -4.981611 -0.770700 0.000022 -0.002009 -0.007745 0.000000 -0.000020 496
0.011632 -5.208374 -5.022352 -0.770700 0.000022 -0.002009 -0.007745 0.000000 -0.000020 497
0.011733 -5.251086 -5.063429 -0.770700 0.000022 -0.002009 -0.007745 0.000000 -0.000020 498
0.011834 -5.294150 -5.104844 -0.770700 0.000022 -0.002009 -0.007745 0.000000 -0.000020 499
0.011936 -5.337569 -5.146601 -0.770700 0.000022 -0.002009 -0.007745 0.000000 -0.000020 500
0.012039 -5.381346 -5.188702 -0.770700 0.000022 -0.002009 -0.007745 0.000000 -0.000020 501
0.012143 -5.425483 -5.231150 -0.770700 0.000022 -0.002009 -0.007745 0.000000 -0.000020 502
0.012248 -5.469985 -5.273948 -0.770700 0.000022 -0.002009 -0.007745 0.000000 -0.000020 503
0.012354 -5.514853 -5.317100 -0.770700 0.000022 -0.002009 -0.007745 0.000000 -0.000020 504
0.012460 -5.560093 -5.360608 -0.770700 0.000022 -0.002009 -0.007745 0.000000 -0.000020 505
0.012568 -5.605705 -5.404476 -0.770700 0.000022 -0.002009 -0.007745 0.000000 -0.000020 506
0.012676 -5.651695 -5.448706 -0.770700 0.000022 -0.002009 -0.007745 0.000000 -0.000020 507
0.012785 -5.698065 -5.493302 -0.770700 0.000022 -0.002009 -0.007745 0.000000 -0.000020 508
0.012895 -5.744818 -5.538268 -0.770700 0.000022 -0.002009 -0.007745 0.000000 -0.000020 509
0.013006 -5.791958 -5.583605 -0.770700 0.000022 -0.002009 -0.007745 0.000000 -0.000020 510
0.013118 -5.839488 -5.629318 -0.770700 0.000022 -0.002009 -0.007745 0.000000 -0.000020 511
0.013231 -5.887412 -5.675410 -0.770700 0.000022 -0.002009 -0.007745 0.000000 -0.000020 512
0.013345 -5.935733 -5.721884 -0.770700 0.000022 -0.002009 -0.007745 0.000000 -0.000020 513
0.013459 -5.984455 -5.768743 -0.770700 0.000022 -0.002009 -0.007745 0.000000 -0.000020 514
0.013575 -6.033580 -5.815992 -0.770700 0.000022 -0.002009 -0.007745 0.000000 -0.000020 515
0.013691 -6.083114 -5.863632 -0.770700 0.000022 -0.002009 -0.007745 0.000000 -0.000020 516
0.013809 -6.133058 -5.911669 -0.770700 0.000022 -0.002009 -0.007745 0.000000 -0.000020 517
0.013927 -6.183417 -5.960104 -0.770700 0.000022 -0.002009 -0.007745 0.000000 -0.000020 518
0.014047 -6.234195 -6.008943 -0.770700 0.000022 -0.002009 -0.007745 0.000000 -0.000020 519
0.014167 -6.285395 -6.058188 -0.770700 0.000022 -0.002009 -0.007745 0.000000 -0.000020 520
0.014289 -6.337020 -6.107843 -0.770700 0.000022 -0.002009 -0.007745 0.000000 -0.000020 521
0.014411 -6.389076 -6.157911 -0.770700 0.000022 -0.002009 -0.007745 0.000000 -0.000020 522
0.014534 -6.441564 -6.208397 -0.770700 0.000022 -0.002009 -0.007745 0.000000 -0.000020 523
0.014659 -6.494490 -6.259303 -0.770700 0.000022 -0.002009 -0.007745 0.000000 -0.000020 524
0.014784 -6.547857 -6.310635 -0.770700 0.000022 -0.002009 -0.007745 0.000000 -0.000020 525
0.014911 -6.601670 -6.362394 -0.770700 0.000022 -0.002009 -0.007745 0.000000 -0.000020 526
0.015038 -6.655931 -6.414586 -0.770700 0.000022 -0.002009 -0.007745 0.000000 -0.000020 527
0.015167 -6.710645 -6.467214 -0.770700 0.000022 -0.002009 -0.007745 0.000000 -0.000020 528
0.015296 -6.765816 -6.520283 -0.770700 0.000022 -0.002009 -0.007745 0.000000 -0.000020 529
0.015427 -6.821449 -6.573795 -0.770700 0.000022 -0.002009 -0.007745 0.000000 -0.000020 530
0.015559 -6.877546 -6.627755 -0.770700 0.000022 -0.002009 -0.007745 0.000000 -0.000020 531
0.015692 -6.934113 -6.682167 -0.770700 0.000022 -0.002009 -0.007745 0.000000 -0.000020 532
0.015826 -6.991153 -6.737034 -0.770700 0.000022 -0.002009 -0.007745 0.000000 -0.000020 533
0.015961 -7.048671 -6.792362 -0.770700 0.000022 -0.002009 -0.007745 0.000000 -0.000020 534
0.016097 -7.106671 -6.848155 -0.770700 0.000022 -0.002009 -0.007745 0.000000 -0.000020 535
0.016234 -7.165158 -6.904415 -0.770700 0.000022 -0.002009 -0.007745 0.000000 -0.000020 536
0.016372 -7.224135 -6.961148 -0.770700 0.000022 -0.002009 -0.007745 0.000000 -0.000020 537
0.016512 -7.283608 -7.018358 -0.770700 0.000022 -0.002009 -0.007745 0.000000 -0.000020 538
0.016652 -7.343580 -7.076049 -0.770700 0.000022 -0.002009 -0.007745 0.000000 -0.000020 539
0.016794 -7.404056 -7.134226 -0.770700 0.000022 -0.002009 -0.007745 0.000000 -0.000020 540
0.016937 -7.465040 -7.192892 -0.770700 0.000022 -0.002009 -0.007745 0.000000 -0.000020 541
0.017081 -7.526538 -7.252053 -0.770700 0.000022 -0.002009 -0.007745 0.000000 -0.000020 542
0.017227 -7.588554 -7.311712 -0.770700 0.000022 -0.002009 -0.007745 0.000000 -0.000020 543
0.017373 -7.651092 -7.371875 -0.770700 0.000022 -0.002009 -0.007745 0.000000 -0.000020 544
0.017521 -7.714157 -7.432546 -0.770700 0.000022 -0.002009 -0.007745 0.000000 -0.000020 545
0.017670 -7.777755 -7.493729 -0.770700 0.000022 -0.002009 -0.007745 0.000000 -0.000020 546
0.017820 -7.841889 -7.555429 -0.770700 0.000022 -0.002009 -0.007745 0.000000 -0.000020 547
0.017972 -7.906565 -7.617651 -0.770700 0.000022 -0.002009 -0.007745 0.000000 -0.000020 548
0.018124 -7.971787 -7.680400 -0.770700 0.000022 -0.002009 -0.007745 0.000000 -0.000020 549
0.018278 -8.037562 -7.743680 -0.770700 0.000022 -0.002009 -0.007745 0.000000 -0.000020 550
0.018433 -8.103892 -7.807497 -0.770700 0.000022 -0.002009 -0.007745 0.000000 -0.000020 551
0.018590 -8.170785 -7.871854 -0.770700 0.000022 -0.002009 -0.007745 0.000000 -0.000020 552
0.018748 -8.238244 -7.936758 -0.770700 0.000022 -0.002009 -0.007745 0.000000 -0.000020 553
0.018907 -8.306276 -8.002213 -0.770700 0.000022 -0.002009 -0.007745 0.000000 -0.000020 554
0.019067 -8.374885 -8.068224 -0.770700 0.000022 -0.002009 -0.007745 0.000000 -0.000020 555
0.019229 -8.444076 -8.134797 -0.770700 0.000022 -0.002009 -0.007745 0.000000 -0.000020 556
0.019392 -8.513855 -8.201936 -0.770700 0.000022 -0.002009 -0.007745 0.000000 -0.000020 557
0.019556 -8.584228 -8.269647 -0.770700 0.000022 -0.002009 -0.007745 0.000000 -0.000020 558
0.019722 -8.655199 -8.337935 -0.770700 0.000022 -0.002009 -0.007745 0.000000 -0.000020 559
0.019889 -8.726775 -8.406805 -0.770700 0.000022 -0.002009 -0.007745 0.000000 -0.000020 560
0.020057 -8.798960 -8.476264 -0.770700 0.000022 -0.002009 -0.007745 0.000000 -0.000020 561
0.020227 -8.871761 -8.546315 -0.770700 0.000022 -0.002009 -0.007745 0.000000 -0.000020 562
0.020399 -8.945183 -8.616965 -0.770700 0.000022 -0.002009 -0.007745 0.000000 -0.000020 563
0.020571 -9.019233 -8.688220 -0.770700 0.000022 -0.002009 -0.007745 0.000000 -0.000020 564
0.020745 -9.093914 -8.760084 -0.770700 0.000022 -0.002009 -0.007745 0.000000 -0.000020 565
0.020921 -9.169235 -8.832564 -0.770700 0.000022 -0.002009 -0.007745 0.000000 -0.000020 566
0.021098 -9.245200 -8.905666 -0.770700 0.000022 -0.002009 -0.007745 0.000000 -0.000020 567
0.021276 -9.321816 -8.979394 -0.770700 0.000022 -0.002009 -0.007745 0.000000 -0.000020 568
0.021456 -9.399089 -9.053756 -0.770700 0.000022 -0.002009 -0.007745 0.000000 -0.000020 569
0.021638 -9.477024 -9.128757 -0.770700 0.000022 -0.002009 -0.007745 0.000000 -0.000020 570
0.021821 -9.555628 -9.204403 -0.770700 0.000022 -0.002009 -0.007745 0.000000 -0.000020 571
0.022005 -9.634908 -9.280700 -0.770700 0.000022 -0.002009 -0.007745 0.000000 -0.000020 572
0.022191 -9.714869 -9.357654 -0.770700 0.000022 -0.002009 -0.007745 0.000000 -0.000020 573
0.022379 -9.795518 -9.435272 -0.770700 0.000022 -0.002009 -0.007745 0.000000 -0.000020 574
0.022568 -9.876862 -9.513559 -0.770700 0.000022 -0.002009 -0.007745 0.000000 -0.000020 575
0.022758 -9.958907 -9.592522 -0.770700 0.000022 -0.002009 -0.007745 0.000000 -0.000020 576
0.022951 -10.041659 -9.672168 -0.770700 0.000022 -0.002009 -0.007745 0.000000 -0.000020 577
0.023144 -10.125126 -9.752503 -0.770700 0.000022 -0.002009 -0.007745 0.000000 -0.000020 578
0.023340 -10.209314 -9.833533 -0.770700 0.000022 -0.002009 -0.007745 0.000000 -0.000020 579
0.023537 -10.294230 -9.915266 -0.770700 0.000022 -0.002009 -0.007745 0.000000 -0.000020 580
0.023736 -10.379881 -9.997707 -0.770700 0.000022 -0.002009 -0.007745 0.000000 -0.000020 581
0.023936 -10.466273 -10.080864 -0.770700 0.000022 -0.002009 -0.007745 0.000000 -0.000020 582
0.024138 -10.553414 -10.164743 -0.770700 0.000022 -0.002009 -0.007745 0.000000 -0.000020 583
0.024342 -10.641312 -10.249351 -0.770700 0.000022 -0.002009 -0.007745 0.000000 -0.000020 584
0.024547 -10.729973 -10.334696 -0.770700 0.000022 -0.002009 -0.007745 0.000000 -0.000020 585
0.024754 -10.819404 -10.420785 -0.770700 0.000022 -0.002009 -0.007745 0.000000 -0.000020 586
0.024963 -10.909613 -10.507624 -0.770700 0.000022 -0.002009 -0.007745 0.000000 -0.000020 587
0.025173 -11.000608 -10.595221 -0.770700 0.000022 -0.002009 -0.007745 0.000000 -0.000020 588
0.025386 -11.092396 -10.683583 -0.770700 0.000022 -0.002009 -0.007745 0.000000 -0.000020 589
0.025600 -11.184984 -10.772717 -0.770700 0.000022 -0.002009 -0.007745 0.000000 -0.000020 590
0.025815 -11.278381 -10.862632 -0.770700 0.000022 -0.002009 -0.007745 0.000000 -0.000020 591
0.026033 -11.372593 -10.953335 -0.770700 0.000022 -0.002009 -0.007745 0.000000 -0.000020 592
0.026253 -11.467630 -11.044832 -0.770700 0.000022 -0.002009 -0.007745 0.000000 -0.000020 593
0.026474 -11.563499 -11.137133 -0.770700 0.000022 -0.002009 -0.007745 0.000000 -0.000020 594
0.026697 -11.660208 -11.230245 -0.770700 0.000022 -0.002009 -0.007745 0.000000 -0.000020 595
0.026922 -11.757766 -11.324175 -0.770700 0.000022 -0.002009 -0.007745 0.000000 -0.000020 596
0.027149 -11.856180 -11.418933 -0.770700 0.000022 -0.002009 -0.007745 0.000000 -0.000020 597
0.027378 -11.955458 -11.514525 -0.770700 0.000022 -0.002009 -0.007745 0.000000 -0.000020 598
0.027608 -12.055611 -11.610961 -0.770700 0.000022 -0.002009 -0.007745 0.000000 -0.000020 599
0.027841 -12.156645 -11.708248 -0.770700 0.000022 -0.002009 -0.007745 0.000000 -0.000020 600
0.028075 -12.258570 -11.806395 -0.770700 0.000022 -0.002009 -0.007745 0.000000 -0.000020 601
0.028312 -12.361394 -11.905410 -0.770700 0.000022 -0.002009 -0.007745 0.000000 -0.000020 602
0.028550 -12.465126 -12.005303 -0.770700 0.000022 -0.002009 -0.007745 0.000000 -0.000020 603
0.028791 -12.569776 -12.106081 -0.770700 0.000022 -0.002009 -0.007745 0.000000 -0.000020 604
0.029033 -12.675352 -12.207754 -0.770700 0.000022 -0.002009 -0.007745 0.000000 -0.000020 605
0.029278 -12.781863 -12.310330 -0.770700 0.000022 -0.002009 -0.007745 0.000000 -0.000020 606
0.029525 -12.889319 -12.413819 -0.770700 0.000022 -0.002009 -0.007745 0.000000 -0.000020 607
0.029773 -12.997729 -12.518229 -0.770700 0.000022 -0.002009 -0.007745 0.000000 -0.000020 608
0.030024 -13.107103 -12.623570 -0.770700 0.000022 -0.002009 -0.007745 0.000000 -0.000020 609
0.030277 -13.217450 -12.729851 -0.770700 0.000022 -0.002009 -0.007745 0.000000 -0.000020 610
0.030532 -13.328780 -12.837082 -0.770700 0.000022 -0.002009 -0.007745 0.000000 -0.000020 611
0.030789 -13.441102 -12.945273 -0.770700 0.000022 -0.002009 -0.007745 0.000000 -0.000020 612
0.031048 -13.554428 -13.054432 -0.770700 0.000022 -0.002009 -0.007745 0.000000 -0.000020 613
0.031310 -13.668766 -13.164570 -0.770700 0.000022 -0.002009 -0.007745 0.000000 -0.000020 614
0.031573 -13.784128 -13.275696 -0.770700 0.000022 -0.002009 -0.007745 0.000000 -0.000020 615
0.031839 -13.900523 -13.387822 -0.770700 0.000022 -0.002009 -0.007745 0.000000 -0.000020 616
0.032107 -14.017962 -13.500956 -0.770700 0.000022 -0.002009 -0.007745 0.000000 -0.000020 617
0.032378 -14.136455 -13.615109 -0.770700 0.000022 -0.002009 -0.007745 0.000000 -0.000020 618
0.032650 -14.256013 -13.730293 -0.770700 0.000022 -0.002009 -0.007745 0.000000 -0.000020 619
0.032925 -14.376648 -13.846516 -0.770700 0.000022 -0.002009 -0.007745 0.000000 -0.000020 620
0.033202 -14.498369 -13.963790 -0.770700 0.000022 -0.002009 -0.007745 0.000000 -0.000020 621
0.033482 -14.621189 -14.082126 -0.770700 0.000022 -0.002009 -0.007745 0.000000 -0.000020 622
0.033764 -14.745118 -14.201534 -0.770700 0.000022 -0.002009 -0.007745 0.000000 -0.000020 623
0.034048 -14.870168 -14.322026 -0.770700 0.000022 -0.002009 -0.007745 0.000000 -0.000020 624
0.034335 -14.996350 -14.443614 -0.770700 0.000022 -0.002009 -0.007745 0.000000 -0.000020 625
0.034624 -15.123676 -14.566307 -0.770700 0.000022 -0.002009 -0.007745 0.000000 -0.000020 626
0.034916 -15.252158 -14.690119 -0.770700 0.000022 -0.002009 -0.007745 0.000000 -0.000020 627
0.035210 -15.381808 -14.815060 -0.770700 0.000022 -0.002009 -0.007745 0.000000 -0.000020 628
0.035507 -15.512637 -14.941142 -0.770700 0.000022 -0.002009 -0.007745 0.000000 -0.000020 629
0.035806 -15.644659 -15.068378 -0.770700 0.000022 -0.002009 -0.007745 0.000000 -0.000020 630
0.036107 -15.777886 -15.196779 -0.770700 0.000022 -0.002009 -0.007745 0.000000 -0.000020 631
0.036412 -15.912329 -15.326358 -0.770700 0.000022 -0.002009 -0.007745 0.000000 -0.000020 632
0.036718 -16.048003 -15.457128 -0.770700 0.000022 -0.002009 -0.007745 0.000000 -0.000020 633
0.037028 -16.184920 -15.589100 -0.770700 0.000022 -0.002009 -0.007745 0.000000 -0.000020 634
0.037340 -16.323093 -15.722287 -0.770700 0.000022 -0.002009 -0.007745 0.000000 -0.000020 635
0.037655 -16.462535 -15.856703 -0.770700 0.000022 -0.002009 -0.007745 0.000000 -0.000020 636
0.037972 -16.603259 -15.992361 -0.770700 0.000022 -0.002009 -0.007745 0.000000 -0.000020 637
0.038292 -16.745280 -16.129274 -0.770700 0.000022 -0.002009 -0.007745 0.000000 -0.000020 638
0.038615 -16.888611 -16.267454 -0.770700 0.000022 -0.002009 -0.007745 0.000000 -0.000020 639
0.038940 -17.033266 -16.406917 -0.770700 0.000022 -0.002009 -0.007745 0.000000 -0.000020 640
0.039269 -17.179260 -16.547676 -0.770700 0.000022 -0.002009 -0.007745 0.000000 -0.000020 641
0.039600 -17.326605 -16.689744 -0.770700 0.000022 -0.002009 -0.007745 0.000000 -0.000020 642
0.039934 -17.475318 -16.833136 -0.770700 0.000022 -0.002009 -0.007745 0.000000 -0.000020 643
0.040271 -17.625413 -16.977867 -0.770700 0.000022 -0.002009 -0.007745 0.000000 -0.000020 644
0.040611 -17.776904 -17.123950 -0.770700 0.000022 -0.002009 -0.007745 0.000000 -0.000020 645
0.040953 -17.929807 -17.271402 -0.770700 0.000022 -0.002009 -0.007745 0.000000 -0.000020 646
0.041299 -18.084137 -17.420235 -0.770700 0.000022 -0.002009 -0.007745 0.000000 -0.000020 647
0.041647 -18.239910 -17.570467 -0.770700 0.000022 -0.002009 -0.007745 0.000000 -0.000020 648
0.041999 -18.397141 -17.722111 -0.770700 0.000022 -0.002009 -0.007745 0.000000 -0.000020 649
0.042353 -18.555846 -17.875185 -0.770700 0.000022 -0.002009 -0.007745 0.000000 -0.000020 650
0.042711 -18.716042 -18.029703 -0.770700 0.000022 -0.002009 -0.007745 0.000000 -0.000020 651
0.043072 -18.877745 -18.185681 -0.770700 0.000022 -0.002009 -0.007745 0.000000 -0.000020 652
0.043435 -19.040971 -18.343137 -0.770700 0.000022 -0.002009 -0.007745 0.000000 -0.000020 653
0.043802 -19.205737 -18.502086 -0.770700 0.000022 -0.002009 -0.007745 0.000000 -0.000020 654
0.044172 -19.372061 -18.662544 -0.770700 0.000022 -0.002009 -0.007745 0.000000 -0.000020 655
0.044546 -19.539959 -18.824530 -0.770700 0.000022 -0.002009 -0.007745 0.000000 -0.000020 656
0.044922 -19.709449 -18.988060 -0.770700 0.000022 -0.002009 -0.007745 0.000000 -0.000020 657
0.045302 -19.880550 -19.153152 -0.770700 0.000022 -0.002009 -0.007745 0.000000 -0.000020 658
0.045685 -20.053278 -19.319822 -0.770700 0.000022 -0.002009 -0.007745 0.000000 -0.000020 659
0.046071 -20.227653 -19.488090 -0.770700 0.000022 -0.002009 -0.007745 0.000000 -0.000020 660
0.046461 -20.403693 -19.657974 -0.770700 0.000022 -0.002009 -0.007745 0.000000 -0.000020 661
0.046854 -20.581416 -19.829491 -0.770700 0.000022 -0.002009 -0.007745 0.000000 -0.000020 662
0.047251 -20.760843 -20.002661 -0.770700 0.000022 -0.002009 -0.007745 0.000000 -0.000020 663
0.047651 -20.941991 -20.177502 -0.770700 0.000022 -0.002009 -0.007745 0.000000 -0.000020 664
0.048054 -21.124881 -20.354034 -0.770700 0.000022 -0.002009 -0.007745 0.000000 -0.000020 665
0.048461 -21.309533 -20.532277 -0.770700 0.000022 -0.002009 -0.007745 0.000000 -0.000020 666
0.048872 -21.495967 -20.712250 -0.770700 0.000022 -0.002009 -0.007745 0.000000 -0.000020 667
0.049286 -21.684203 -20.893973 -0.770700 0.000022 -0.002009 -0.007745 0.000000 -0.000020 668
0.049703 -21.874263 -21.077467 -0.770700 0.000022 -0.002009 -0.007745 0.000000 -0.000020 669
0.050125 -22.066167 -21.262753 -0.770700 0.000022 -0.002009 -0.007745 0.000000 -0.000020 670
0.050550 -22.259937 -21.449851 -0.770700 0.000022 -0.002009 -0.007745 0.000000 -0.000020 671
0.050978 -22.455594 -21.638783 -0.770700 0.000022 -0.002009 -0.007745 0.000000 -0.000020 672
0.051411 -22.653161 -21.829571 -0.770700 0.000022 -0.002009 -0.007745 0.000000 -0.000020 673
0.051847 -22.852661 -22.022237 -0.770700 0.000022 -0.002009 -0.007745 0.000000 -0.000020 674
0.052287 -23.054115 -22.216802 -0.770700 0.000022 -0.002009 -0.007745 0.000000 -0.000020 675
0.052731 -23.257547 -22.413291 -0.770700 0.000022 -0.002009 -0.007745 0.000000 -0.000020 676
0.053179 -23.462980 -22.611725 -0.770700 0.000022 -0.002009 -0.007745 0.000000 -0.000020 677
0.053631 -23.670438 -22.812128 -0.770700 0.000022 -0.002009 -0.007745 0.000000 -0.000020 678
0.054087 -23.879946 -23.014525 -0.770700 0.000022 -0.002009 -0.007745 0.000000 -0.000020 679
0.054546 -24.091527 -23.218939 -0.770700 0.000022 -0.002009 -0.007745 0.000000 -0.000020 680
0.055010 -24.305207 -23.425394 -0.770700 0.000022 -0.002009 -0.007745 0.000000 -0.000020 681
0.055478 -24.521011 -23.633916 -0.770700 0.000022 -0.002009 -0.007745 0.000000 -0.000020 682
0.055950 -24.738964 -23.844530 -0.770700 0.000022 -0.002009 -0.007745 0.000000 -0.000020 683
0.056427 -24.959094 -24.057262 -0.770700 0.000022 -0.002009 -0.007745 0.000000 -0.000020 684
0.056907 -25.181425 -24.272137 -0.770700 0.000022 -0.002009 -0.007745 0.000000 -0.000020 685
0.057392 -25.405986 -24.489183 -0.770700 0.000022 -0.002009 -0.007745 0.000000 -0.000020 686
0.057881 -25.632804 -24.708426 -0.770700 0.000022 -0.002009 -0.007745 0.000000 -0.000020 687
0.058374 -25.861905 -24.929894 -0.770700 0.000022 -0.002009 -0.007745 0.000000 -0.000020 688
0.058872 -26.093319 -25.153615 -0.770700 0.000022 -0.002009 -0.007745 0.000000 -0.000020 689
0.059374 -26.327074 -25.379616 -0.770700 0.000022 -0.002009 -0.007745 0.000000 -0.000020 690
0.059881 -26.563200 -25.607927 -0.770700 0.000022 -0.002009 -0.007745 0.000000 -0.000020 691
0.060392 -26.801725 -25.838577 -0.770700 0.000022 -0.002009 -0.007745 0.000000 -0.000020 692
0.060908 -27.042680 -26.071596 -0.770700 0.000022 -0.002009 -0.007745 0.000000 -0.000020 693
0.061429 -27.286096 -26.307014 -0.770700 0.000022 -0.002009 -0.007745 0.000000 -0.000020 694
0.061954 -27.532004 -26.544861 -0.770700 0.000022 -0.002009 -0.007745 0.000000 -0.000020 695
0.062483 -27.780435 -26.785170 -0.770700 0.000022 -0.002009 -0.007745 0.000000 -0.000020 696
0.063018 -28.031421 -27.027971 -0.770700 0.000022 -0.002009 -0.007745 0.000000 -0.000020 697
0.063557 -28.284996 -27.273298 -0.770700 0.000022 -0.002009 -0.007745 0.000000 -0.000020 698
0.064102 -28.541191 -27.521183 -0.770700 0.000022 -0.002009 -0.007745 0.000000 -0.000020 699
0.064651 -28.800042 -27.771659 -0.770700 0.000022 -0.002009 -0.007745 0.000000 -0.000020 700
0.065205 -29.061582 -28.024761 -0.770700 0.000022 -0.002009 -0.007745 0.000000 -0.000020 701
0.065764 -29.325847 -28.280523 -0.770700 0.000022 -0.002009 -0.007745 0.000000 -0.000020 702
0.066328 -29.592871 -28.538981 -0.770700 0.000022 -0.002009 -0.007745 0.000000 -0.000020 703
0.066897 -29.862692 -28.800171 -0.770700 0.000022 -0.002009 -0.007745 0.000000 -0.000020 704
0.067472 -30.135346 -29.064128 -0.770700 0.000022 -0.002009 -0.007745 0.000000 -0.000020 705
0.068052 -30.410869 -29.330891 -0.770700 0.000022 -0.002009 -0.007745 0.000000 -0.000020 706
0.068636 -30.689301 -29.600496 -0.770700 0.000022 -0.002009 -0.007745 0.000000 -0.000020 707
0.069227 -30.970681 -29.872983 -0.770700 0.000022 -0.002009 -0.007745 0.000000 -0.000020 708
0.069822 -31.255047 -30.148391 -0.770700 0.000022 -0.002009 -0.007745 0.000000 -0.000020 709
0.070423 -31.542439 -30.426760 -0.770700 0.000022 -0.002009 -0.007745 0.000000 -0.000020 710
0.071030 -31.832899 -30.708130 -0.770700 0.000022 -0.002009 -0.007745 0.000000 -0.000020 711
0.071642 -32.126468 -30.992542 -0.770700 0.000022 -0.002009 -0.007745 0.000000 -0.000020 712
0.072260 -32.423189 -31.280040 -0.770700 0.000022 -0.002009 -0.007745 0.000000 -0.000020 713
0.072883 -32.723104 -31.570665 -0.770700 0.000022 -0.002009 -0.007745 0.000000 -0.000020 714
0.073513 -33.026258 -31.864463 -0.770700 0.000022 -0.002009 -0.007745 0.000000 -0.000020 715
0.074148 -33.332695 -32.161476 -0.770700 0.000022 -0.002009 -0.007745 0.000000 -0.000020 716
0.074789 -33.642461 -32.461752 -0.770700 0.000022 -0.002009 -0.007745 0.000000 -0.000020 717
0.075435 -33.955602 -32.765336 -0.770700 0.000022 -0.002009 -0.007745 0.000000 -0.000020 718
0.076088 -34.272165 -33.072274 -0.770700 0.000022 -0.002009 -0.007745 0.000000 -0.000020 719
0.076747 -34.592199 -33.382617 -0.770700 0.000022 -0.002009 -0.007745 0.000000 -0.000020 720
0.077412 -34.915752 -33.696412 -0.770700 0.000022 -0.002009 -0.007745 0.000000 -0.000020 721
0.078083 -35.242875 -34.013709 -0.770700 0.000022 -0.002009 -0.007745 0.000000 -0.000020 722
0.078760 -35.573619 -34.334560 -0.770700 0.000022 -0.002009 -0.007745 0.000000 -0.000020 723
0.079444 -35.908035 -34.659017 -0.770700 0.000022 -0.002009 -0.007745 0.000000 -0.000020 724
0.080134 -36.246177 -34.987132 -0.770700 0.000022 -0.002009 -0.007745 0.000000 -0.000020 725
0.080831 -36.588098 -35.318960 -0.770700 0.000022 -0.002009 -0.007745 0.000000 -0.000020 726
0.081534 -36.933854 -35.654556 -0.770700 0.000022 -0.002009 -0.007745 0.000000 -0.000020 727
0.082244 -37.283500 -35.993976 -0.770700 0.000022 -0.002009 -0.007745 0.000000 -0.000020 728
0.082960 -37.637094 -36.337277 -0.770700 0.000022 -0.002009 -0.007745 0.000000 -0.000020 729
0.083683 -37.994694 -36.684520 -0.770700 0.000022 -0.002009 -0.007745 0.000000 -0.000020 730
0.084413 -38.356361 -37.035762 -0.770700 0.000022 -0.002009 -0.007745 0.000000 -0.000020 731
0.085150 -38.722153 -37.391066 -0.770700 0.000022 -0.002009 -0.007745 0.000000 -0.000020 732
0.085894 -39.092135 -37.750493 -0.770700 0.000022 -0.002009 -0.007745 0.000000 -0.000020 733
0.086645 -39.466368 -38.114108 -0.770700 0.000022 -0.002009 -0.007745 0.000000 -0.000020 734
0.087403 -39.844917 -38.481976 -0.770700 0.000022 -0.002009 -0.007745 0.000000 -0.000020 735
0.088168 -40.227849 -38.854163 -0.770700 0.000022 -0.002009 -0.007745 0.000000 -0.000020 736
0.088941 -40.615231 -39.230736 -0.770700 0.000022 -0.002009 -0.007745 0.000000 -0.000020 737
0.089721 -41.007131 -39.611766 -0.770700 0.000022 -0.002009 -0.007745 0.000000 -0.000020 738
0.090509 -41.403619 -39.997323 -0.770700 0.000022 -0.002009 -0.007745 0.000000 -0.000020 739
0.091304 -41.804768 -40.387480 -0.770700 0.000022 -0.002009 -0.007745 0.000000 -0.000020 740
0.092107 -42.210650 -40.782310 -0.770700 0.000022 -0.002009 -0.007745 0.000000 -0.000020 741
0.092917 -42.621341 -41.181889 -0.770700 0.000022 -0.002009 -0.007745 0.000000 -0.000020 742
0.093736 -43.036916 -41.586295 -0.770700 0.000022 -0.002009 -0.007745 0.000000 -0.000020 743
0.094562 -43.457454 -41.995607 -0.770700 0.000022 -0.002009 -0.007745 0.000000 -0.000020 744
0.095396 -43.883034 -42.409906 -0.770700 0.000022 -0.002009 -0.007745 0.000000 -0.000020 745
0.096239 -44.313739 -42.829274 -0.770700 0.000022 -0.002009 -0.007745 0.000000 -0.000020 746
0.097089 -44.749651 -43.253796 -0.770700 0.000022 -0.002009 -0.007745 0.000000 -0.000020 747
0.097948 -45.190856 -43.683559 -0.770700 0.000022 -0.002009 -0.007745 0.000000 -0.000020 748
0.098816 -45.637441 -44.118652 -0.770700 0.000022 -0.002009 -0.007745 0.000000 -0.000020 749
0.099692 -46.089495 -44.559165 -0.770700 0.000022 -0.002009 -0.007745 0.000000 -0.000020 750
0.100576 -46.547110 -45.005191 -0.770700 0.000022 -0.002009 -0.007745 0.000000 -0.000020 751
0.101470 -47.010379 -45.456825 -0.770700 0.000022 -0.002009 -0.007745 0.000000 -0.000020 752
0.102372 -47.479397 -45.914165 -0.770700 0.000022 -0.002009 -0.007745 0.000000 -0.000020 753
0.103283 -47.954263 -46.377311 -0.770700 0.000022 -0.002009 -0.007745 0.000000 -0.000020 754
0.104203 -48.435076 -46.846364 -0.770700 0.000022 -0.002009 -0.007745 0.000000 -0.000020 755
0.105132 -48.921939 -47.321430 -0.770700 0.000022 -0.002009 -0.007745 0.000000 -0.000020 756
0.106071 -49.414957 -47.802616 -0.770700 0.000022 -0.002009 -0.007745 0.000000 -0.000020 757
0.107019 -49.914237 -48.290032 -0.770700 0.000022 -0.002009 -0.007745 0.000000 -0.000020 758
0.107977 -50.419890 -48.783791 -0.770700 0.000022 -0.002009 -0.007745 0.000000 -0.000020 759
0.108944 -50.932029 -49.284008 -0.770700 0.000022 -0.002009 -0.007745 0.000000 -0.000020 760
0.109921 -51.450768 -49.790803 -0.770700 0.000022 -0.002009 -0.007745 0.000000 -0.000020 761
0.110908 -51.976227 -50.304296 -0.770700 0.000022 -0.002009 -0.007745 0.000000 -0.000020 762
0.111904 -52.508528 -50.824613 -0.770700 0.000022 -0.002009 -0.007745 0.000000 -0.000020 763
0.112911 -53.047794 -51.351882 -0.770700 0.000022 -0.002009 -0.007745 0.000000 -0.000020 764
0.113929 -53.594154 -51.886234 -0.770700 0.000022 -0.002009 -0.007745 0.000000 -0.000020 765
0.114957 -54.147738 -52.427805 -0.770700 0.000022 -0.002009 -0.007745 0.000000 -0.000020 766
0.115995 -54.708682 -52.976733 -0.770700 0.000022 -0.002009 -0.007745 0.000000 -0.000020 767
0.117044 -55.277122 -53.533161 -0.770700 0.000022 -0.002009 -0.007745 0.000000 -0.000020 768
0.118104 -55.853202 -54.097234 -0.770700 0.000022 -0.002009 -0.007745 0.000000 -0.000020 769
0.119174 -56.437066 -54.669104 -0.770700 0.000022 -0.002009 -0.007745 0.000000 -0.000020 770
0.120256 -57.028863 -55.248924 -0.770700 0.000022 -0.002009 -0.007745 0.000000 -0.000020 771
0.121350 -57.628748 -55.836855 -0.770700 0.000022 -0.002009 -0.007745 0.000000 -0.000020 772
0.122454 -58.236878 -56.433058 -0.770700 0.000022 -0.002009 -0.007745 0.000000 -0.000020 773
0.123571 -58.853414 -57.037702 -0.770700 0.000022 -0.002009 -0.007745 0.000000 -0.000020 774
0.124699 -59.478523 -57.650960 -0.770700 0.000022 -0.002009 -0.007745 0.000000 -0.000020 775
0.125838 -60.112376 -58.273009 -0.770700 0.000022 -0.002009 -0.007745 0.000000 -0.000020 776
0.126990 -60.755149 -58.904033 -0.770700 0.000022 -0.002009 -0.007745 0.000000 -0.000020 777
0.128155 -61.407024 -59.544220 -0.770700 0.000022 -0.002009 -0.007745 0.000000 -0.000020 778
0.129331 -62.068186 -60.193765 -0.770700 0.000022 -0.002009 -0.007745 0.000000 -0.000020 779
0.130521 -62.738826 -60.852866 -0.770700 0.000022 -0.002009 -0.007745 0.000000 -0.000020 780
0.131723 -63.419144 -61.521729 -0.770700 0.000022 -0.002009 -0.007745 0.000000 -0.000020 781
0.132938 -64.109340 -62.200568 -0.770700 0.000022 -0.002009 -0.007745 0.000000 -0.000020 782
0.134166 -64.809625 -62.889600 -0.770700 0.000022 -0.002009 -0.007745 0.000000 -0.000020 783
0.135408 -65.520214 -63.589051 -0.770700 0.000022 -0.002009 -0.007745 0.000000 -0.000020 784
0.136663 -66.241329 -64.299154 -0.770700 0.000022 -0.002009 -0.007745 0.000000 -0.000020 785
0.137931 -66.973198 -65.020148 -0.770700 0.000022 -0.002009 -0.007745 0.000000 -0.000020 786
0.139214 -67.716059 -65.752282 -0.770700 0.000022 -0.002009 -0.007745 0.000000 -0.000020 787
0.140511 -68.470154 -66.495810 -0.770700 0.000022 -0.002009 -0.007745 0.000000 -0.000020 788
0.141823 -69.235735 -67.250997 -0.770700 0.000022 -0.002009 -0.007745 0.000000 -0.000020 789
0.143148 -70.013061 -68.018116 -0.770700 0.000022 -0.002009 -0.007745 0.000000 -0.000020 790
0.144489 -70.802398 -68.797447 -0.770700 0.000022 -0.002009 -0.007745 0.000000 -0.000020 791
0.145845 -71.604025 -69.589282 -0.770700 0.000022 -0.002009 -0.007745 0.000000 -0.000020 792
0.147216 -72.418225 -70.393922 -0.770700 0.000022 -0.002009 -0.007745 0.000000 -0.000020 793
0.148603 -73.245295 -71.211677 -0.770700 0.000022 -0.002009 -0.007745 0.000000 -0.000020 794
0.150005 -74.085539 -72.042871 -0.770700 0.000022 -0.002009 -0.007745 0.000000 -0.000020 795
0.151424 -74.939273 -72.887835 -0.770700 0.000022 -0.002009 -0.007745 0.000000 -0.000020 796
0.152858 -75.806822 -73.746915 -0.770700 0.000022 -0.002009 -0.007745 0.000000 -0.000020 797
0.154310 -76.688525 -74.620468 -0.770700 0.000022 -0.002009 -0.007745 0.000000 -0.000020 798
0.155778 -77.584732 -75.508863 -0.770700 0.000022 -0.002009 -0.007745 0.000000 -0.000020 799
0.157263 -78.495804 -76.412483 -0.770700 0.000022 -0.002009 -0.007745 0.000000 -0.000020 800
0.158765 -79.422117 -77.331727 -0.770700 0.000022 -0.002009 -0.007745 0.000000 -0.000020 801
0.160286 -80.364059 -78.267005 -0.770700 0.000022 -0.002009 -0.007745 0.000000 -0.000020 802
0.161824 -81.322035 -79.218745 -0.770700 0.000022 -0.002009 -0.007745 0.000000 -0.000020 803
0.163380 -82.296462 -80.187390 -0.770700 0.000022 -0.002009 -0.007745 0.000000 -0.000020 804
0.164956 -83.287776 -81.173401 -0.770700 0.000022 -0.002009 -0.007745 0.000000 -0.000020 805
0.166550 -84.296427 -82.177255 -0.770700 0.000022 -0.002009 -0.007745 0.000000 -0.000020 806
0.168163 -85.322884 -83.199449 -0.770700 0.000022 -0.002009 -0.007745 0.000000 -0.000020 807
0.169796 -86.367634 -84.240498 -0.770700 0.000022 -0.002009 -0.007745 0.000000 -0.000020 808
0.171449 -87.431185 -85.300941 -0.770700 0.000022 -0.002009 -0.007745 0.000000 -0.000020 809
0.173122 -88.514063 -86.381333 -0.770700 0.000022 -0.002009 -0.007745 0.000000 -0.000020 810
0.174816 -89.616819 -87.482257 -0.770700 0.000022 -0.002009 -0.007745 0.000000 -0.000020 811
0.176531 -90.740023 -88.604317 -0.770700 0.000022 -0.002009 -0.007745 0.000000 -0.000020 812
0.178268 -91.884273 -89.748143 -0.770700 0.000022 -0.002009 -0.007745 0.000000 -0.000020 813
0.180026 -93.050189 -90.914390 -0.770700 0.000022 -0.002009 -0.007745 0.000000 -0.000020 814
0.181807 -94.238422 -92.103743 -0.770700 0.000022 -0.002009 -0.007745 0.000000 -0.000020 815
0.183611 -95.449649 -93.316916 -0.770700 0.000022 -0.002009 -0.007745 0.000000 -0.000020 816
0.185437 -96.684579 -94.554652 -0.770700 0.000022 -0.002009 -0.007745 0.000000 -0.000020 817
0.187288 -97.943952 -95.817730 -0.770700 0.000022 -0.002009 -0.007745 0.000000 -0.000020 818
0.189162 -99.228545 -97.106961 -0.770700 0.000022 -0.002009 -0.007745 0.000000 -0.000020 819
0.191062 -100.539168 -98.423195 -0.770700 0.000022 -0.002009 -0.007745 0.000000 -0.000020 820
0.192986 -101.876673 -99.767319 -0.770700 0.000022 -0.002009 -0.007745 0.000000 -0.000020 821
0.194936 -103.241953 -101.140262 -0.770700 0.000022 -0.002009 -0.007745 0.000000 -0.000020 822
0.196912 -104.635946 -102.542998 -0.770700 0.000022 -0.002009 -0.007745 0.000000 -0.000020 823
0.198915 -106.059636 -103.976545 -0.770700 0.000022 -0.002009 -0.007745 0.000000 -0.000020 824
0.200946 -107.514059 -105.441973 -0.770700 0.000022 -0.002009 -0.007745 0.000000 -0.000020 825
0.203004 -109.000307 -106.940404 -0.770700 0.000022 -0.002009 -0.007745 0.000000 -0.000020 826
0.205091 -110.519527 -108.473016 -0.770700 0.000022 -0.002009 -0.007745 0.000000 -0.000020 827
0.207207 -112.072932 -110.041048 -0.770700 0.000022 -0.002009 -0.007745 0.000000 -0.000020 828
0.209353 -113.661802 -111.645803 -0.770700 0.000022 -0.002009 -0.007745 0.000000 -0.000020 829
0.211530 -115.287490 -113.288653 -0.770700 0.000022 -0.002009 -0.007745 0.000000 -0.000020 830
0.213738 -116.951427 -114.971047 -0.770700 0.000022 -0.002009 -0.007745 0.000000 -0.000020 831
0.215978 -118.655131 -116.694510 -0.770700 0.000022 -0.002009 -0.007745 0.000000 -0.000020 832
0.218251 -120.400208 -118.460658 -0.770700 0.000022 -0.002009 -0.007745 0.000000 -0.000020 833
0.220557 -122.188367 -120.271197 -0.770700 0.000022 -0.002009 -0.007745 0.000000 -0.000020 834
0.222898 -124.021425 -122.127939 -0.770700 0.000022 -0.002009 -0.007745 0.000000 -0.000020 835
0.225275 -125.901313 -124.032802 -0.770700 0.000022 -0.002009 -0.007745 0.000000 -0.000020 836
0.227688 -127.830093 -125.987830 -0.770700 0.000022 -0.002009 -0.007745 0.000000 -0.000020 837
0.230138 -129.809963 -127.995196 -0.770700 0.000022 -0.002009 -0.007745 0.000000 -0.000020 838
0.232627 -131.843272 -130.057220 -0.770700 0.000022 -0.002009 -0.007745 0.000000 -0.000020 839
0.235154 -133.932533 -132.176383 -0.770700 0.000022 -0.002009 -0.007745 0.000000 -0.000020 840
0.237723 -136.080440 -134.355340 -0.770700 0.000022 -0.002009 -0.007745 0.000000 -0.000020 841
0.240332 -138.289878 -136.596947 -0.770700 0.000022 -0.002009 -0.007745 0.000000 -0.000020 842
0.242985 -140.563950 -138.904274 -0.770700 0.000022 -0.002009 -0.007745 0.000000 -0.000020 843
0.245682 -142.905986 -141.280635 -0.770700 0.000022 -0.002009 -0.007745 0.000000 -0.000020 844
0.248424 -145.319574 -143.729614 -0.770700 0.000022 -0.002009 -0.007745 0.000000 -0.000020 845
0.251213 -147.808575 -146.255099 -0.770700 0.000022 -0.002009 -0.007745 0.000000 -0.000020 846
0.254050 -150.377154 -148.861314 -0.770700 0.000022 -0.002009 -0.007745 0.000000 -0.000020 847
0.256937 -153.029801 -151.552863 -0.770700 0.000022 -0.002009 -0.007745 0.000000 -0.000020 848
0.259876 -155.771365 -154.334771 -0.770700 0.000022 -0.002009 -0.007745 0.000000 -0.000020 849
0.262868 -158.607082 -157.212535 -0.770700 0.000022 -0.002009 -0.007745 0.000000 -0.000020 850
0.265915 -161.542612 -160.192178 -0.770700 0.000022 -0.002009 -0.007745 0.000000 -0.000020 851
0.269019 -164.584070 -163.280302 -0.770700 0.000022 -0.002009 -0.007745 0.000000 -0.000020 852
0.272182 -167.738071 -166.484148 -0.770700 0.000022 -0.002009 -0.007745 0.000000 -0.000020 853
0.275407 -171.011772 -169.811657 -0.770700 0.000022 -0.002009 -0.007745 0.000000 -0.000020 854
0.278695 -174.412925 -173.271526 -0.770700 0.000022 -0.002009 -0.007745 0.000000 -0.000020 855
0.282050 -177.949936 -176.873263 -0.770700 0.000022 -0.002009 -0.007745 0.000000 -0.000020 856
0.285474 -181.631948 -180.627239 -0.770700 0.000022 -0.002009 -0.007745 0.000000 -0.000020 857
0.288970 -185.468943 -184.544730 -0.770700 0.000022 -0.002009 -0.007745 0.000000 -0.000020 858
0.292541 -189.471880 -188.637964 -0.770700 0.000022 -0.002009 -0.007745 0.000000 -0.000020 859
0.296191 -193.652896 -192.920183 -0.770700 0.000022 -0.002009 -0.007745 0.000000 -0.000020 860
0.299924 -198.025578 -197.405736 -0.770700 0.000022 -0.002009 -0.007745 0.000000 -0.000020 861
0.303743 -202.605341 -202.110265 -0.770700 0.000022 -0.002009 -0.007745 0.000000 -0.000020 862
0.307653 -207.409916 -207.051022 -0.770700 0.000022 -0.002009 -0.007745 0.000000 -0.000020 863
0.311658 -212.459966 -212.247422 -0.770700 0.000022 -0.002009 -0.007745 0.000000 -0.000020 864
0.315763 -217.779771 -217.721877 -0.770700 0.000022 -0.002009 -0.007745 0.000000 -0.000020 865
0.319975 -223.397888 -223.500948 -0.770700 0.000022 -0.002009 -0.007745 0.000000 -0.000020 866
0.324299 -229.347613 -229.616682 -0.770700 0.000022 -0.002009 -0.007745 0.000000 -0.000020 867
0.328741 -235.667061 -236.107811 -0.770700 0.000022 -0.002009 -0.007745 0.000000 -0.000020 868
0.333310 -242.398845 -243.020253 -0.770700 0.000022 -0.002009 -0.007745 0.000000 -0.000020 869
0.338014 -249.589868 -250.406426 -0.770700 0.000022 -0.002009 -0.007745 0.000000 -0.000020 870
0.342862 -257.292742 -258.323811 -0.770700 0.000022 -0.002009 -0.007745 0.000000 -0.000020 871
0.347865 -265.571044 -266.835453 -0.770700 0.000022 -0.002009 -0.007745 0.000000 -0.000020 872
0.353034 -274.508650 -276.017284 -0.770700 0.000022 -0.002009 -0.007745 0.000000 -0.000020 873
0.358385 -284.216258 -285.973236 -0.770700 0.000022 -0.002009 -0.007745 0.000000 -0.000020 874
0.363931 -294.823700 -296.843834 -0.770700 0.000022 -0.002009 -0.007745 0.000000 -0.000020 875
0.369692 -306.470459 -308.789617 -0.770700 0.000022 -0.002009 -0.007745 0.000000 -0.000020 876
0.375689 -319.343827 -321.993206 -0.770700 0.000022 -0.002009 -0.007745 0.000000 -0.000020 877
0.381948 -333.715265 -336.737097 -0.770700 0.000022 -0.002009 -0.007745 0.000000 -0.000020 878
0.388501 -349.879603 -353.366392 -0.770700 0.000022 -0.002009 -0.007745 0.000000 -0.000020 879
0.395388 -368.285422 -372.352244 -0.770700 0.000022 -0.002009 -0.007745 0.000000 -0.000020 880
0.402657 -389.486721 -394.321981 -0.770700 0.000022 -0.002009 -0.007745 0.000000 -0.000020 881
0.410375 -414.317659 -420.182372 -0.770700 0.000022 -0.002009 -0.007745 0.000000 -0.000020 882
0.418627 -444.010906 -451.249490 -0.770700 0.000022 -0.002009 -0.007745 0.000000 -0.000020 883
0.427531 -480.561252 -489.627451 -0.770700 0.000022 -0.002009 -0.007745 0.000000 -0.000020 884
0.437257 -527.286315 -539.003037 -0.770700 0.000022 -0.002009 -0.007745 0.000000 -0.000020 885
0.448071 -590.032309 -606.170925 -0.770700 0.000022 -0.002009 -0.007745 0.000000 -0.000020 886
0.460445 -681.026654 -705.436877 -0.770700 0.000022 -0.002009 -0.007745 0.000000 -0.000020 887
0.475342 -830.653535 -874.972771 -0.770700 0.000022 -0.002009 -0.007745 0.000000 -0.000020 888
0.495499 -1142.384308 -1261.759919 -0.770700 0.000022 -0.002009 -0.007745 0.000000 -0.000020 889
0.537371 -2288.495966 -3196.215482 -0.770700 0.000022 -0.002009 -0.007745 0.000000 -0.000020 890
2.833338 -40536.595849 -460442.490014 -0.770700 0.000022 -0.002009 -0.007745 0.000000 -0.000020 891
2831910598.821529 -57211001743110839241539584.000000 -2062045049858751387174103416832.000000 -0.770700 0.000022 -0.002009 -0.007745 0.000000 -0.000020 892
