0.000000 0.000000 -0.000814 -1.323504 0.000058 -0.003286 -0.013301 0.000000 -0.000033 0
-0.000000 -0.001391 -0.001655 -1.324259 0.000066 -0.003286 -0.013308 0.000000 -0.000033 1
0.000000 -0.002795 -0.002509 -1.324259 0.000066 -0.003286 -0.013308 0.000000 -0.000033 2
0.000000 -0.004210 -0.003375 -1.324259 0.000066 -0.003286 -0.013308 0.000000 -0.000033 3
0.000000 -0.005638 -0.004254 -1.324259 0.000066 -0.003286 -0.013308 0.000000 -0.000033 4
0.000000 -0.007078 -0.005146 -1.324259 0.000066 -0.003286 -0.013308 0.000000 -0.000033 5
0.000001 -0.008531 -0.006051 -1.324259 0.000066 -0.003286 -0.013308 0.000000 -0.000033 6
0.000001 -0.009996 -0.006969 -1.324259 0.000066 -0.003286 -0.013308 0.000000 -0.000033 7
0.000001 -0.011474 -0.007901 -1.324259 0.000066 -0.003286 -0.013308 0.000000 -0.000033 8
0.000001 -0.012965 -0.008847 -1.324259 0.000066 -0.003286 -0.013308 0.000000 -0.000033 9
0.000002 -0.014470 -0.009806 -1.324259 0.000066 -0.003286 -0.013308 0.000000 -0.000033 10
0.000002 -0.015987 -0.010780 -1.324259 0.000066 -0.003286 -0.013308 0.000000 -0.000033 11
0.000003 -0.017519 -0.011767 -1.324259 0.000066 -0.003286 -0.013308 0.000000 -0.000033 12
0.000003 -0.019064 -0.012770 -1.324259 0.000066 -0.003286 -0.013308 0.000000 -0.000033 13
0.000004 -0.020624 -0.013787 -1.324259 0.000066 -0.003286 -0.013308 0.000000 -0.000033 14
0.000005 -0.022197 -0.014818 -1.324259 0.000066 -0.003286 -0.013308 0.000000 -0.000033 15
0.000005 -0.023785 -0.015865 -1.324259 0.000066 -0.003286 -0.013308 0.000000 -0.000033 16
0.000006 -0.025388 -0.016927 -1.324259 0.000066 -0.003286 -0.013308 0.000000 -0.000033 17
0.000007 -0.027006 -0.018004 -1.324259 0.000066 -0.003286 -0.013308 0.000000 -0.000033 18
0.000008 -0.028639 -0.019097 -1.324259 0.000066 -0.003286 -0.013308 0.000000 -0.000033 19
0.000008 -0.030287 -0.020206 -1.324259 0.000066 -0.003286 -0.013308 0.000000 -0.000033 20
0.000009 -0.031950 -0.021331 -1.324259 0.000066 -0.003286 -0.013308 0.000000 -0.000033 21
0.000010 -0.033630 -0.022472 -1.324259 0.000066 -0.003286 -0.013308 0.000000 -0.000033 22
0.000011 -0.035325 -0.023629 -1.324259 0.000066 -0.003286 -0.013308 0.000000 -0.000033 23
0.000013 -0.037037 -0.024803 -1.324259 0.000066 -0.003286 -0.013308 0.000000 -0.000033 24
0.000014 -0.038765 -0.025995 -1.324259 0.000066 -0.003286 -0.013308 0.000000 -0.000033 25
0.000015 -0.040510 -0.027203 -1.324259 0.000066 -0.003286 -0.013308 0.000000 -0.000033 26
0.000016 -0.042271 -0.028429 -1.324259 0.000066 -0.003286 -0.013308 0.000000 -0.000033 27
0.000017 -0.044050 -0.029672 -1.324259 0.000066 -0.003286 -0.013308 0.000000 -0.000033 28
0.000019 -0.045847 -0.030933 -1.324259 0.000066 -0.003286 -0.013308 0.000000 -0.000033 29
0.000020 -0.047661 -0.032212 -1.324259 0.000066 -0.003286 -0.013308 0.000000 -0.000033 30
0.000022 -0.049493 -0.033510 -1.324259 0.000066 -0.003286 -0.013308 0.000000 -0.000033 31
0.000023 -0.051343 -0.034826 -1.324259 0.000066 -0.003286 -0.013308 0.000000 -0.000033 32
0.000025 -0.053211 -0.036160 -1.324259 0.000066 -0.003286 -0.013308 0.000000 -0.000033 33
0.000027 -0.055099 -0.037514 -1.324259 0.000066 -0.003286 -0.013308 0.000000 -0.000033 34
0.000028 -0.057005 -0.038888 -1.324259 0.000066 -0.003286 -0.013308 0.000000 -0.000033 35
0.000030 -0.058930 -0.040280 -1.324259 0.000066 -0.003286 -0.013308 0.000000 -0.000033 36
0.000032 -0.060876 -0.041693 -1.324259 0.000066 -0.003286 -0.013308 0.000000 -0.000033 37
0.000034 -0.062840 -0.043126 -1.324259 0.000066 -0.003286 -0.013308 0.000000 -0.000033 38
0.000036 -0.064825 -0.044579 -1.324259 0.000066 -0.003286 -0.013308 0.000000 -0.000033 39
0.000038 -0.066831 -0.046052 -1.324259 0.000066 -0.003286 -0.013308 0.000000 -0.000033 40
0.000040 -0.068857 -0.047547 -1.324259 0.000066 -0.003286 -0.013308 0.000000 -0.000033 41
0.000042 -0.070904 -0.049063 -1.324259 0.000066 -0.003286 -0.013308 0.000000 -0.000033 42
0.000044 -0.072972 -0.050600 -1.324259 0.000066 -0.003286 -0.013308 0.000000 -0.000033 43
0.000047 -0.075062 -0.052159 -1.324259 0.000066 -0.003286 -0.013308 0.000000 -0.000033 44
0.000049 -0.077173 -0.053740 -1.324259 0.000066 -0.003286 -0.013308 0.000000 -0.000033 45
0.000051 -0.079307 -0.055344 -1.324259 0.000066 -0.003286 -0.013308 0.000000 -0.000033 46
0.000054 -0.081463 -0.056970 -1.324259 0.000066 -0.003286 -0.013308 0.000000 -0.000033 47
0.000057 -0.083642 -0.058619 -1.324259 0.000066 -0.003286 -0.013308 0.000000 -0.000033 48
0.000059 -0.085845 -0.060291 -1.324259 0.000066 -0.003286 -0.013308 0.000000 -0.000033 49
0.000062 -0.088070 -0.061987 -1.324259 0.000066 -0.003286 -0.013308 0.000000 -0.000033 50
0.000065 -0.090320 -0.063707 -1.324259 0.000066 -0.003286 -0.013308 0.000000 -0.000033 51
0.000067 -0.092593 -0.065451 -1.324259 0.000066 -0.003286 -0.013308 0.000000 -0.000033 52
0.000070 -0.094891 -0.067220 -1.324259 0.000066 -0.003286 -0.013308 0.000000 -0.000033 53
0.000073 -0.097214 -0.069013 -1.324259 0.000066 -0.003286 -0.013308 0.000000 -0.000033 54
0.000076 -0.099562 -0.070832 -1.324259 0.000066 -0.003286 -0.013308 0.000000 -0.000033 55
0.000080 -0.101935 -0.072676 -1.324259 0.000066 -0.003286 -0.013308 0.000000 -0.000033 56
0.000083 -0.104335 -0.074546 -1.324259 0.000066 -0.003286 -0.013308 0.000000 -0.000033 57
0.000086 -0.106760 -0.076442 -1.324259 0.000066 -0.003286 -0.013308 0.000000 -0.000033 58
0.000089 -0.109212 -0.078365 -1.324259 0.000066 -0.003286 -0.013308 0.000000 -0.000033 59
0.000093 -0.111692 -0.080315 -1.324259 0.000066 -0.003286 -0.013308 0.000000 -0.000033 60
0.000096 -0.114198 -0.082292 -1.324259 0.000066 -0.003286 -0.013308 0.000000 -0.000033 61
0.000100 -0.116732 -0.084296 -1.324259 0.000066 -0.003286 -0.013308 0.000000 -0.000033 62
0.000104 -0.119295 -0.086329 -1.324259 0.000066 -0.003286 -0.013308 0.000000 -0.000033 63
0.000107 -0.121885 -0.088390 -1.324259 0.000066 -0.003286 -0.013308 0.000000 -0.000033 64
0.000111 -0.124505 -0.090480 -1.324259 0.000066 -0.003286 -0.013308 0.000000 -0.000033 65
0.000115 -0.127154 -0.092599 -1.324259 0.000066 -0.003286 -0.013308 0.000000 -0.000033 66
0.000119 -0.129833 -0.094748 -1.324259 0.000066 -0.003286 -0.013308 0.000000 -0.000033 67
0.000123 -0.132542 -0.096926 -1.324259 0.000066 -0.003286 -0.013308 0.000000 -0.000033 68
0.000128 -0.135281 -0.099135 -1.324259 0.000066 -0.003286 -0.013308 0.000000 -0.000033 69
0.000132 -0.138052 -0.101375 -1.324259 0.000066 -0.003286 -0.013308 0.000000 -0.000033 70
0.000136 -0.140854 -0.103646 -1.324259 0.000066 -0.003286 -0.013308 0.000000 -0.000033 71
0.000141 -0.143688 -0.105948 -1.324259 0.000066 -0.003286 -0.013308 0.000000 -0.000033 72
0.000145 -0.146554 -0.108283 -1.324259 0.000066 -0.003286 -0.013308 0.000000 -0.000033 73
0.000150 -0.149452 -0.110650 -1.324259 0.000066 -0.003286 -0.013308 0.000000 -0.000033 74
0.000155 -0.152384 -0.113050 -1.324259 0.000066 -0.003286 -0.013308 0.000000 -0.000033 75
0.000159 -0.155350 -0.115483 -1.324259 0.000066 -0.003286 -0.013308 0.000000 -0.000033 76
0.000164 -0.158350 -0.117950 -1.324259 0.000066 -0.003286 -0.013308 0.000000 -0.000033 77
0.000169 -0.161384 -0.120451 -1.324259 0.000066 -0.003286 -0.013308 0.000000 -0.000033 78
0.000174 -0.164454 -0.122987 -1.324259 0.000066 -0.003286 -0.013308 0.000000 -0.000033 79
0.000180 -0.167559 -0.125558 -1.324259 0.000066 -0.003286 -0.013308 0.000000 -0.000033 80
0.000185 -0.170700 -0.128165 -1.324259 0.000066 -0.003286 -0.013308 0.000000 -0.000033 81
0.000190 -0.173878 -0.130808 -1.324259 0.000066 -0.003286 -0.013308 0.000000 -0.000033 82
0.000196 -0.177093 -0.133487 -1.324259 0.000066 -0.003286 -0.013308 0.000000 -0.000033 83
0.000201 -0.180345 -0.136204 -1.324259 0.000066 -0.003286 -0.013308 0.000000 -0.000033 84
0.000207 -0.183636 -0.138958 -1.324259 0.000066 -0.003286 -0.013308 0.000000 -0.000033 85
0.000213 -0.186965 -0.141750 -1.324259 0.000066 -0.003286 -0.013308 0.000000 -0.000033 86
0.000219 -0.190334 -0.144581 -1.324259 0.000066 -0.003286 -0.013308 0.000000 -0.000033 87
0.000225 -0.193742 -0.147451 -1.324259 0.000066 -0.003286 -0.013308 0.000000 -0.000033 88
0.000231 -0.197190 -0.150360 -1.324259 0.000066 -0.003286 -0.013308 0.000000 -0.000033 89
0.000237 -0.200680 -0.153310 -1.324259 0.000066 -0.003286 -0.013308 0.000000 -0.000033 90
0.000244 -0.204210 -0.156301 -1.324259 0.000066 -0.003286 -0.013308 0.000000 -0.000033 91
0.000250 -0.207783 -0.159333 -1.324259 0.000066 -0.003286 -0.013308 0.000000 -0.000033 92
0.000257 -0.211398 -0.162406 -1.324259 0.000066 -0.003286 -0.013308 0.000000 -0.000033 93
0.000263 -0.215056 -0.165522 -1.324259 0.000066 -0.003286 -0.013308 0.000000 -0.000033 94
0.000270 -0.218759 -0.168682 -1.324259 0.000066 -0.003286 -0.013308 0.000000 -0.000033 95
0.000277 -0.222505 -0.171884 -1.324259 0.000066 -0.003286 -0.013308 0.000000 -0.000033 96
0.000284 -0.226297 -0.175131 -1.324259 0.000066 -0.003286 -0.013308 0.000000 -0.000033 97
0.000291 -0.230134 -0.178422 -1.324259 0.000066 -0.003286 -0.013308 0.000000 -0.000033 98
0.000299 -0.234017 -0.181759 -1.324259 0.000066 -0.003286 -0.013308 0.000000 -0.000033 99
0.000306 -0.237947 -0.185142 -1.324259 0.000066 -0.003286 -0.013308 0.000000 -0.000033 100
0.000314 -0.241924 -0.188572 -1.324259 0.000066 -0.003286 -0.013308 0.000000 -0.000033 101
0.000321 -0.245950 -0.192048 -1.324259 0.000066 -0.003286 -0.013308 0.000000 -0.000033 102
0.000329 -0.250025 -0.195573 -1.324259 0.000066 -0.003286 -0.013308 0.000000 -0.000033 103
0.000337 -0.254149 -0.199145 -1.324259 0.000066 -0.003286 -0.013308 0.000000 -0.000033 104
0.000345 -0.258323 -0.202767 -1.324259 0.000066 -0.003286 -0.013308 0.000000 -0.000033 105
0.000353 -0.262548 -0.206439 -1.324259 0.000066 -0.003286 -0.013308 0.000000 -0.000033 106
0.000361 -0.266825 -0.210162 -1.324259 0.000066 -0.003286 -0.013308 0.000000 -0.000033 107
0.000370 -0.271154 -0.213935 -1.324259 0.000066 -0.003286 -0.013308 0.000000 -0.000033 108
0.000379 -0.275535 -0.217760 -1.324259 0.000066 -0.003286 -0.013308 0.000000 -0.000033 109
0.000387 -0.279971 -0.221638 -1.324259 0.000066 -0.003286 -0.013308 0.000000 -0.000033 110
0.000396 -0.284461 -0.225569 -1.324259 0.000066 -0.003286 -0.013308 0.000000 -0.000033 111
0.000405 -0.289007 -0.229554 -1.324259 0.000066 -0.003286 -0.013308 0.000000 -0.000033 112
0.000414 -0.293608 -0.233594 -1.324259 0.000066 -0.003286 -0.013308 0.000000 -0.000033 113
0.000424 -0.298266 -0.237689 -1.324259 0.000066 -0.003286 -0.013308 0.000000 -0.000033 114
0.000433 -0.302982 -0.241841 -1.324259 0.000066 -0.003286 -0.013308 0.000000 -0.000033 115
0.000443 -0.307755 -0.246049 -1.324259 0.000066 -0.003286 -0.013308 0.000000 -0.000033 116
0.000452 -0.312588 -0.250315 -1.324259 0.000066 -0.003286 -0.013308 0.000000 -0.000033 117
0.000462 -0.317481 -0.254640 -1.324259 0.000066 -0.003286 -0.013308 0.000000 -0.000033 118
0.000472 -0.322435 -0.259024 -1.324259 0.000066 -0.003286 -0.013308 0.000000 -0.000033 119
0.000483 -0.327451 -0.263468 -1.324259 0.000066 -0.003286 -0.013308 0.000000 -0.000033 120
0.000493 -0.332528 -0.267972 -1.324259 0.000066 -0.003286 -0.013308 0.000000 -0.000033 121
0.000504 -0.337669 -0.272539 -1.324259 0.000066 -0.003286 -0.013308 0.000000 -0.000033 122
0.000514 -0.342875 -0.277168 -1.324259 0.000066 -0.003286 -0.013308 0.000000 -0.000033 123
0.000525 -0.348145 -0.281861 -1.324259 0.000066 -0.003286 -0.013308 0.000000 -0.000033 124
0.000536 -0.353481 -0.286617 -1.324259 0.000066 -0.003286 -0.013308 0.000000 -0.000033 125
0.000548 -0.358884 -0.291439 -1.324259 0.000066 -0.003286 -0.013308 0.000000 -0.000033 126
0.000559 -0.364355 -0.296327 -1.324259 0.000066 -0.003286 -0.013308 0.000000 -0.000033 127
0.000570 -0.369895 -0.301282 -1.324259 0.000066 -0.003286 -0.013308 0.000000 -0.000033 128
0.000582 -0.375504 -0.306305 -1.324259 0.000066 -0.003286 -0.013308 0.000000 -0.000033 129
0.000594 -0.381184 -0.311396 -1.324259 0.000066 -0.003286 -0.013308 0.000000 -0.000033 130
0.000606 -0.386936 -0.316557 -1.324259 0.000066 -0.003286 -0.013308 0.000000 -0.000033 131
0.000618 -0.392760 -0.321789 -1.324259 0.000066 -0.003286 -0.013308 0.000000 -0.000033 132
0.000631 -0.398657 -0.327092 -1.324259 0.000066 -0.003286 -0.013308 0.000000 -0.000033 133
0.000644 -0.404629 -0.332468 -1.324259 0.000066 -0.003286 -0.013308 0.000000 -0.000033 134
0.000656 -0.410677 -0.337917 -1.324259 0.000066 -0.003286 -0.013308 0.000000 -0.000033 135
0.000670 -0.416801 -0.343441 -1.324259 0.000066 -0.003286 -0.013308 0.000000 -0.000033 136
0.000683 -0.423003 -0.349041 -1.324259 0.000066 -0.003286 -0.013308 0.000000 -0.000033 137
0.000696 -0.429284 -0.354717 -1.324259 0.000066 -0.003286 -0.013308 0.000000 -0.000033 138
0.000710 -0.435645 -0.360470 -1.324259 0.000066 -0.003286 -0.013308 0.000000 -0.000033 139
0.000724 -0.442086 -0.366302 -1.324259 0.000066 -0.003286 -0.013308 0.000000 -0.000033 140
0.000738 -0.448610 -0.372214 -1.324259 0.000066 -0.003286 -0.013308 0.000000 -0.000033 141
0.000752 -0.455217 -0.378206 -1.324259 0.000066 -0.003286 -0.013308 0.000000 -0.000033 142
0.000766 -0.461908 -0.384281 -1.324259 0.000066 -0.003286 -0.013308 0.000000 -0.000033 143
0.000781 -0.468684 -0.390438 -1.324259 0.000066 -0.003286 -0.013308 0.000000 -0.000033 144
0.000796 -0.475548 -0.396680 -1.324259 0.000066 -0.003286 -0.013308 0.000000 -0.000033 145
0.000811 -0.482499 -0.403007 -1.324259 0.000066 -0.003286 -0.013308 0.000000 -0.000033 146
0.000826 -0.489539 -0.409420 -1.324259 0.000066 -0.003286 -0.013308 0.000000 -0.000033 147
0.000842 -0.496669 -0.415921 -1.324259 0.000066 -0.003286 -0.013308 0.000000 -0.000033 148
0.000858 -0.503891 -0.422511 -1.324259 0.000066 -0.003286 -0.013308 0.000000 -0.000033 149
0.000874 -0.511205 -0.429190 -1.324259 0.000066 -0.003286 -0.013308 0.000000 -0.000033 150
0.000890 -0.518614 -0.435961 -1.324259 0.000066 -0.003286 -0.013308 0.000000 -0.000033 151
0.000906 -0.526118 -0.442824 -1.324259 0.000066 -0.003286 -0.013308 0.000000 -0.000033 152
0.000923 -0.533718 -0.449781 -1.324259 0.000066 -0.003286 -0.013308 0.000000 -0.000033 153
0.000940 -0.541416 -0.456833 -1.324259 0.000066 -0.003286 -0.013308 0.000000 -0.000033 154
0.000957 -0.549214 -0.463981 -1.324259 0.000066 -0.003286 -0.013308 0.000000 -0.000033 155
0.000975 -0.557112 -0.471227 -1.324259 0.000066 -0.003286 -0.013308 0.000000 -0.000033 156
0.000992 -0.565113 -0.478572 -1.324259 0.000066 -0.003286 -0.013308 0.000000 -0.000033 157
0.001010 -0.573217 -0.486017 -1.324259 0.000066 -0.003286 -0.013308 0.000000 -0.000033 158
0.001029 -0.581425 -0.493563 -1.324259 0.000066 -0.003286 -0.013308 0.000000 -0.000033 159
0.001047 -0.589740 -0.501213 -1.324259 0.000066 -0.003286 -0.013308 0.000000 -0.000033 160
0.001066 -0.598163 -0.508967 -1.324259 0.000066 -0.003286 -0.013308 0.000000 -0.000033 161
0.001085 -0.606695 -0.516826 -1.324259 0.000066 -0.003286 -0.013308 0.000000 -0.000033 162
0.001104 -0.615338 -0.524793 -1.324259 0.000066 -0.003286 -0.013308 0.000000 -0.000033 163
0.001124 -0.624092 -0.532869 -1.324259 0.000066 -0.003286 -0.013308 0.000000 -0.000033 164
0.001144 -0.632961 -0.541055 -1.324259 0.000066 -0.003286 -0.013308 0.000000 -0.000033 165
0.001164 -0.641945 -0.549353 -1.324259 0.000066 -0.003286 -0.013308 0.000000 -0.000033 166
0.001184 -0.651046 -0.557763 -1.324259 0.000066 -0.003286 -0.013308 0.000000 -0.000033 167
0.001205 -0.660266 -0.566289 -1.324259 0.000066 -0.003286 -0.013308 0.000000 -0.000033 168
0.001226 -0.669605 -0.574931 -1.324259 0.000066 -0.003286 -0.013308 0.000000 -0.000033 169
0.001247 -0.679067 -0.583691 -1.324259 0.000066 -0.003286 -0.013308 0.000000 -0.000033 170
0.001269 -0.688652 -0.592570 -1.324259 0.000066 -0.003286 -0.013308 0.000000 -0.000033 171
0.001290 -0.698362 -0.601571 -1.324259 0.000066 -0.003286 -0.013308 0.000000 -0.000033 172
0.001313 -0.708199 -0.610694 -1.324259 0.000066 -0.003286 -0.013308 0.000000 -0.000033 173
0.001335 -0.718165 -0.619942 -1.324259 0.000066 -0.003286 -0.013308 0.000000 -0.000033 174
0.001358 -0.728261 -0.629316 -1.324259 0.000066 -0.003286 -0.013308 0.000000 -0.000033 175
0.001381 -0.738489 -0.638818 -1.324259 0.000066 -0.003286 -0.013308 0.000000 -0.000033 176
0.001405 -0.748852 -0.648449 -1.324259 0.000066 -0.003286 -0.013308 0.000000 -0.000033 177
0.001428 -0.759350 -0.658212 -1.324259 0.000066 -0.003286 -0.013308 0.000000 -0.000033 178
0.001453 -0.769986 -0.668108 -1.324259 0.000066 -0.003286 -0.013308 0.000000 -0.000033 179
0.001477 -0.780762 -0.678139 -1.324259 0.000066 -0.003286 -0.013308 0.000000 -0.000033 180
0.001502 -0.791679 -0.688307 -1.324259 0.000066 -0.003286 -0.013308 0.000000 -0.000033 181
0.001527 -0.802740 -0.698614 -1.324259 0.000066 -0.003286 -0.013308 0.000000 -0.000033 182
0.001553 -0.813946 -0.709061 -1.324259 0.000066 -0.003286 -0.013308 0.000000 -0.000033 183
0.001578 -0.825300 -0.719651 -1.324259 0.000066 -0.003286 -0.013308 0.000000 -0.000033 184
0.001605 -0.836803 -0.730386 -1.324259 0.000066 -0.003286 -0.013308 0.000000 -0.000033 185
0.001631 -0.848457 -0.741267 -1.324259 0.000066 -0.003286 -0.013308 0.000000 -0.000033 186
0.001658 -0.860266 -0.752296 -1.324259 0.000066 -0.003286 -0.013308 0.000000 -0.000033 187
0.001686 -0.872230 -0.763476 -1.324259 0.000066 -0.003286 -0.013308 0.000000 -0.000033 188
0.001713 -0.884352 -0.774809 -1.324259 0.000066 -0.003286 -0.013308 0.000000 -0.000033 189
0.001742 -0.896634 -0.786296 -1.324259 0.000066 -0.003286 -0.013308 0.000000 -0.000033 190
0.001770 -0.909078 -0.797941 -1.324259 0.000066 -0.003286 -0.013308 0.000000 -0.000033 191
0.001799 -0.921687 -0.809744 -1.324259 0.000066 -0.003286 -0.013308 0.000000 -0.000033 192
0.001828 -0.934463 -0.821708 -1.324259 0.000066 -0.003286 -0.013308 0.000000 -0.000033 193
0.001858 -0.947407 -0.833835 -1.324259 0.000066 -0.003286 -0.013308 0.000000 -0.000033 194
0.001888 -0.960523 -0.846128 -1.324259 0.000066 -0.003286 -0.013308 0.000000 -0.000033 195
0.001919 -0.973813 -0.858589 -1.324259 0.000066 -0.003286 -0.013308 0.000000 -0.000033 196
0.001950 -0.987279 -0.871220 -1.324259 0.000066 -0.003286 -0.013308 0.000000 -0.000033 197
0.001981 -1.000924 -0.884024 -1.324259 0.000066 -0.003286 -0.013308 0.000000 -0.000033 198
0.002013 -1.014749 -0.897003 -1.324259 0.000066 -0.003286 -0.013308 0.000000 -0.000033 199
0.002045 -1.028759 -0.910158 -1.324259 0.000066 -0.003286 -0.013308 0.000000 -0.000033 200
0.002078 -1.042954 -0.923494 -1.324259 0.000066 -0.003286 -0.013308 0.000000 -0.000033 201
0.002111 -1.057338 -0.937011 -1.324259 0.000066 -0.003286 -0.013308 0.000000 -0.000033 202
0.002145 -1.071913 -0.950713 -1.324259 0.000066 -0.003286 -0.013308 0.000000 -0.000033 203
0.002179 -1.086682 -0.964603 -1.324259 0.000066 -0.003286 -0.013308 0.000000 -0.000033 204
0.002213 -1.101648 -0.978682 -1.324259 0.000066 -0.003286 -0.013308 0.000000 -0.000033 205
0.002248 -1.116812 -0.992954 -1.324259 0.000066 -0.003286 -0.013308 0.000000 -0.000033 206
0.002284 -1.132179 -1.007420 -1.324259 0.000066 -0.003286 -0.013308 0.000000 -0.000033 207
0.002320 -1.147751 -1.022085 -1.324259 0.000066 -0.003286 -0.013308 0.000000 -0.000033 208
0.002357 -1.163530 -1.036950 -1.324259 0.000066 -0.003286 -0.013308 0.000000 -0.000033 209
0.002394 -1.179520 -1.052018 -1.324259 0.000066 -0.003286 -0.013308 0.000000 -0.000033 210
0.002431 -1.195724 -1.067292 -1.324259 0.000066 -0.003286 -0.013308 0.000000 -0.000033 211
0.002469 -1.212143 -1.082775 -1.324259 0.000066 -0.003286 -0.013308 0.000000 -0.000033 212
0.002508 -1.228782 -1.098469 -1.324259 0.000066 -0.003286 -0.013308 0.000000 -0.000033 213
0.002547 -1.245644 -1.114378 -1.324259 0.000066 -0.003286 -0.013308 0.000000 -0.000033 214
0.002586 -1.262731 -1.130505 -1.324259 0.000066 -0.003286 -0.013308 0.000000 -0.000033 215
0.002627 -1.280047 -1.146853 -1.324259 0.000066 -0.003286 -0.013308 0.000000 -0.000033 216
0.002667 -1.297594 -1.163424 -1.324259 0.000066 -0.003286 -0.013308 0.000000 -0.000033 217
0.002709 -1.315376 -1.180222 -1.324259 0.000066 -0.003286 -0.013308 0.000000 -0.000033 218
0.002750 -1.333397 -1.197250 -1.324259 0.000066 -0.003286 -0.013308 0.000000 -0.000033 219
0.002793 -1.351659 -1.214511 -1.324259 0.000066 -0.003286 -0.013308 0.000000 -0.000033 220
0.002836 -1.370166 -1.232008 -1.324259 0.000066 -0.003286 -0.013308 0.000000 -0.000033 221
0.002879 -1.388921 -1.249744 -1.324259 0.000066 -0.003286 -0.013308 0.000000 -0.000033 222
0.002924 -1.407928 -1.267724 -1.324259 0.000066 -0.003286 -0.013308 0.000000 -0.000033 223
0.002968 -1.427191 -1.285950 -1.324259 0.000066 -0.003286 -0.013308 0.000000 -0.000033 224
0.003014 -1.446712 -1.304425 -1.324259 0.000066 -0.003286 -0.013308 0.000000 -0.000033 225
0.003060 -1.466495 -1.323154 -1.324259 0.000066 -0.003286 -0.013308 0.000000 -0.000033 226
0.003107 -1.486545 -1.342139 -1.324259 0.000066 -0.003286 -0.013308 0.000000 -0.000033 227
0.003154 -1.506864 -1.361385 -1.324259 0.000066 -0.003286 -0.013308 0.000000 -0.000033 228
0.003202 -1.527456 -1.380894 -1.324259 0.000066 -0.003286 -0.013308 0.000000 -0.000033 229
0.003250 -1.548326 -1.400670 -1.324259 0.000066 -0.003286 -0.013308 0.000000 -0.000033 230
0.003300 -1.569477 -1.420718 -1.324259 0.000066 -0.003286 -0.013308 0.000000 -0.000033 231
0.003350 -1.590913 -1.441041 -1.324259 0.000066 -0.003286 -0.013308 0.000000 -0.000033 232
0.003400 -1.612638 -1.461642 -1.324259 0.000066 -0.003286 -0.013308 0.000000 -0.000033 233
0.003452 -1.634656 -1.482526 -1.324259 0.000066 -0.003286 -0.013308 0.000000 -0.000033 234
0.003504 -1.656971 -1.503697 -1.324259 0.000066 -0.003286 -0.013308 0.000000 -0.000033 235
0.003556 -1.679587 -1.525158 -1.324259 0.000066 -0.003286 -0.013308 0.000000 -0.000033 236
0.003610 -1.702509 -1.546914 -1.324259 0.000066 -0.003286 -0.013308 0.000000 -0.000033 237
0.003664 -1.725741 -1.568968 -1.324259 0.000066 -0.003286 -0.013308 0.000000 -0.000033 238
0.003719 -1.749286 -1.591326 -1.324259 0.000066 -0.003286 -0.013308 0.000000 -0.000033 239
0.003775 -1.773150 -1.613990 -1.324259 0.000066 -0.003286 -0.013308 0.000000 -0.000033 240
0.003831 -1.797337 -1.636966 -1.324259 0.000066 -0.003286 -0.013308 0.000000 -0.000033 241
0.003888 -1.821851 -1.660257 -1.324259 0.000066 -0.003286 -0.013308 0.000000 -0.000033 242
0.003946 -1.846697 -1.683869 -1.324259 0.000066 -0.003286 -0.013308 0.000000 -0.000033 243
0.004005 -1.871880 -1.707805 -1.324259 0.000066 -0.003286 -0.013308 0.000000 -0.000033 244
0.004065 -1.897404 -1.732070 -1.324259 0.000066 -0.003286 -0.013308 0.000000 -0.000033 245
0.004125 -1.923274 -1.756669 -1.324259 0.000066 -0.003286 -0.013308 0.000000 -0.000033 246
0.004186 -1.949495 -1.781607 -1.324259 0.000066 -0.003286 -0.013308 0.000000 -0.000033 247
0.004248 -1.976072 -1.806887 -1.324259 0.000066 -0.003286 -0.013308 0.000000 -0.000033 248
0.004311 -2.003009 -1.832516 -1.324259 0.000066 -0.003286 -0.013308 0.000000 -0.000033 249
0.004375 -2.030313 -1.858497 -1.324259 0.000066 -0.003286 -0.013308 0.000000 -0.000033 250
0.004440 -2.057987 -1.884836 -1.324259 0.000066 -0.003286 -0.013308 0.000000 -0.000033 251
0.004505 -2.086038 -1.911538 -1.324259 0.000066 -0.003286 -0.013308 0.000000 -0.000033 252
0.004572 -2.114470 -1.938608 -1.324259 0.000066 -0.003286 -0.013308 0.000000 -0.000033 253
0.004639 -2.143289 -1.966051 -1.324259 0.000066 -0.003286 -0.013308 0.000000 -0.000033 254
0.004707 -2.172501 -1.993872 -1.324259 0.000066 -0.003286 -0.013308 0.000000 -0.000033 255
0.004776 -2.202110 -2.022077 -1.324259 0.000066 -0.003286 -0.013308 0.000000 -0.000033 256
0.004846 -2.232123 -2.050671 -1.324259 0.000066 -0.003286 -0.013308 0.000000 -0.000033 257
0.004917 -2.262545 -2.079659 -1.324259 0.000066 -0.003286 -0.013308 0.000000 -0.000033 258
0.004989 -2.293381 -2.109048 -1.324259 0.000066 -0.003286 -0.013308 0.000000 -0.000033 259
0.005062 -2.324639 -2.138842 -1.324259 0.000066 -0.003286 -0.013308 0.000000 -0.000033 260
0.005136 -2.356323 -2.169047 -1.324259 0.000066 -0.003286 -0.013308 0.000000 -0.000033 261
0.005211 -2.388440 -2.199670 -1.324259 0.000066 -0.003286 -0.013308 0.000000 -0.000033 262
0.005287 -2.420996 -2.230716 -1.324259 0.000066 -0.003286 -0.013308 0.000000 -0.000033 263
0.005364 -2.453996 -2.262191 -1.324259 0.000066 -0.003286 -0.013308 0.000000 -0.000033 264
0.005443 -2.487448 -2.294101 -1.324259 0.000066 -0.003286 -0.013308 0.000000 -0.000033 265
0.005522 -2.521358 -2.326453 -1.324259 0.000066 -0.003286 -0.013308 0.000000 -0.000033 266
0.005602 -2.555732 -2.359252 -1.324259 0.000066 -0.003286 -0.013308 0.000000 -0.000033 267
0.005683 -2.590576 -2.392505 -1.324259 0.000066 -0.003286 -0.013308 0.000000 -0.000033 268
0.005766 -2.625898 -2.426218 -1.324259 0.000066 -0.003286 -0.013308 0.000000 -0.000033 269
0.005849 -2.661704 -2.460399 -1.324259 0.000066 -0.003286 -0.013308 0.000000 -0.000033 270
0.005934 -2.698002 -2.495052 -1.324259 0.000066 -0.003286 -0.013308 0.000000 -0.000033 271
0.006020 -2.734797 -2.530187 -1.324259 0.000066 -0.003286 -0.013308 0.000000 -0.000033 272
0.006107 -2.772097 -2.565808 -1.324259 0.000066 -0.003286 -0.013308 0.000000 -0.000033 273
0.006195 -2.809910 -2.601923 -1.324259 0.000066 -0.003286 -0.013308 0.000000 -0.000033 274
0.006285 -2.848243 -2.638540 -1.324259 0.000066 -0.003286 -0.013308 0.000000 -0.000033 275
0.006376 -2.887102 -2.675664 -1.324259 0.000066 -0.003286 -0.013308 0.000000 -0.000033 276
0.006467 -2.926496 -2.713304 -1.324259 0.000066 -0.003286 -0.013308 0.000000 -0.000033 277
0.006561 -2.966432 -2.751467 -1.324259 0.000066 -0.003286 -0.013308 0.000000 -0.000033 278
0.006655 -3.006918 -2.790161 -1.324259 0.000066 -0.003286 -0.013308 0.000000 -0.000033 279
0.006751 -3.047962 -2.829392 -1.324259 0.000066 -0.003286 -0.013308 0.000000 -0.000033 280
0.006848 -3.089571 -2.869169 -1.324259 0.000066 -0.003286 -0.013308 0.000000 -0.000033 281
0.006946 -3.131755 -2.909499 -1.324259 0.000066 -0.003286 -0.013308 0.000000 -0.000033 282
0.007046 -3.174520 -2.950391 -1.324259 0.000066 -0.003286 -0.013308 0.000000 -0.000033 283
0.007147 -3.217876 -2.991852 -1.324259 0.000066 -0.003286 -0.013308 0.000000 -0.000033 284
0.007249 -3.261831 -3.033890 -1.324259 0.000066 -0.003286 -0.013308 0.000000 -0.000033 285
0.007353 -3.306393 -3.076515 -1.324259 0.000066 -0.003286 -0.013308 0.000000 -0.000033 286
0.007458 -3.351571 -3.119734 -1.324259 0.000066 -0.003286 -0.013308 0.000000 -0.000033 287
0.007565 -3.397375 -3.163556 -1.324259 0.000066 -0.003286 -0.013308 0.000000 -0.000033 288
0.007673 -3.443812 -3.207989 -1.324259 0.000066 -0.003286 -0.013308 0.000000 -0.000033 289
0.007783 -3.490893 -3.253043 -1.324259 0.000066 -0.003286 -0.013308 0.000000 -0.000033 290
0.007894 -3.538626 -3.298726 -1.324259 0.000066 -0.003286 -0.013308 0.000000 -0.000033 291
0.008007 -3.587021 -3.345048 -1.324259 0.000066 -0.003286 -0.013308 0.000000 -0.000033 292
0.008121 -3.636087 -3.392018 -1.324259 0.000066 -0.003286 -0.013308 0.000000 -0.000033 293
0.008237 -3.685835 -3.439644 -1.324259 0.000066 -0.003286 -0.013308 0.000000 -0.000033 294
0.008354 -3.736274 -3.487938 -1.324259 0.000066 -0.003286 -0.013308 0.000000 -0.000033 295
0.008473 -3.787414 -3.536907 -1.324259 0.000066 -0.003286 -0.013308 0.000000 -0.000033 296
0.008594 -3.839265 -3.586563 -1.324259 0.000066 -0.003286 -0.013308 0.000000 -0.000033 297
0.008716 -3.891837 -3.636915 -1.324259 0.000066 -0.003286 -0.013308 0.000000 -0.000033 298
0.008840 -3.945142 -3.687973 -1.324259 0.000066 -0.003286 -0.013308 0.000000 -0.000033 299
0.008965 -3.999189 -3.739748 -1.324259 0.000066 -0.003286 -0.013308 0.000000 -0.000033 300
0.009093 -4.053990 -3.792250 -1.324259 0.000066 -0.003286 -0.013308 0.000000 -0.000033 301
0.009222 -4.109555 -3.845489 -1.324259 0.000066 -0.003286 -0.013308 0.000000 -0.000033 302
0.009352 -4.165896 -3.899477 -1.324259 0.000066 -0.003286 -0.013308 0.000000 -0.000033 303
0.009485 -4.223024 -3.954225 -1.324259 0.000066 -0.003286 -0.013308 0.000000 -0.000033 304
0.009620 -4.280950 -4.009743 -1.324259 0.000066 -0.003286 -0.013308 0.000000 -0.000033 305
0.009756 -4.339686 -4.066043 -1.324259 0.000066 -0.003286 -0.013308 0.000000 -0.000033 306
0.009894 -4.399245 -4.123136 -1.324259 0.000066 -0.003286 -0.013308 0.000000 -0.000033 307
0.010034 -4.459637 -4.181034 -1.324259 0.000066 -0.003286 -0.013308 0.000000 -0.000033 308
0.010176 -4.520876 -4.239749 -1.324259 0.000066 -0.003286 -0.013308 0.000000 -0.000033 309
0.010320 -4.582974 -4.299293 -1.324259 0.000066 -0.003286 -0.013308 0.000000 -0.000033 310
0.010466 -4.645943 -4.359678 -1.324259 0.000066 -0.003286 -0.013308 0.000000 -0.000033 311
0.010614 -4.709796 -4.420917 -1.324259 0.000066 -0.003286 -0.013308 0.000000 -0.000033 312
0.010764 -4.774547 -4.483022 -1.324259 0.000066 -0.003286 -0.013308 0.000000 -0.000033 313
0.010916 -4.840209 -4.546006 -1.324259 0.000066 -0.003286 -0.013308 0.000000 -0.000033 314
0.011070 -4.906794 -4.609882 -1.324259 0.000066 -0.003286 -0.013308 0.000000 -0.000033 315
0.011226 -4.974317 -4.674663 -1.324259 0.000066 -0.003286 -0.013308 0.000000 -0.000033 316
0.011384 -5.042792 -4.740364 -1.324259 0.000066 -0.003286 -0.013308 0.000000 -0.000033 317
0.011545 -5.112232 -4.806997 -1.324259 0.000066 -0.003286 -0.013308 0.000000 -0.000033 318
0.011707 -5.182653 -4.874576 -1.324259 0.000066 -0.003286 -0.013308 0.000000 -0.000033 319
0.011872 -5.254069 -4.943116 -1.324259 0.000066 -0.003286 -0.013308 0.000000 -0.000033 320
0.012040 -5.326494 -5.012631 -1.324259 0.000066 -0.003286 -0.013308 0.000000 -0.000033 321
0.012209 -5.399944 -5.083136 -1.324259 0.000066 -0.003286 -0.013308 0.000000 -0.000033 322
0.012381 -5.474433 -5.154645 -1.324259 0.000066 -0.003286 -0.013308 0.000000 -0.000033 323
0.012555 -5.549979 -5.227174 -1.324259 0.000066 -0.003286 -0.013308 0.000000 -0.000033 324
0.012732 -5.626595 -5.300737 -1.324259 0.000066 -0.003286 -0.013308 0.000000 -0.000033 325
0.012911 -5.704300 -5.375351 -1.324259 0.000066 -0.003286 -0.013308 0.000000 -0.000033 326
0.013093 -5.783108 -5.451032 -1.324259 0.000066 -0.003286 -0.013308 0.000000 -0.000033 327
0.013277 -5.863036 -5.527795 -1.324259 0.000066 -0.003286 -0.013308 0.000000 -0.000033 328
0.013463 -5.944102 -5.605657 -1.324259 0.000066 -0.003286 -0.013308 0.000000 -0.000033 329
0.013653 -6.026322 -5.684634 -1.324259 0.000066 -0.003286 -0.013308 0.000000 -0.000033 330
0.013844 -6.109714 -5.764744 -1.324259 0.000066 -0.003286 -0.013308 0.000000 -0.000033 331
0.014039 -6.194297 -5.846004 -1.324259 0.000066 -0.003286 -0.013308 0.000000 -0.000033 332
0.014236 -6.280086 -5.928431 -1.324259 0.000066 -0.003286 -0.013308 0.000000 -0.000033 333
0.014436 -6.367102 -6.012043 -1.324259 0.000066 -0.003286 -0.013308 0.000000 -0.000033 334
0.014638 -6.455363 -6.096858 -1.324259 0.000066 -0.003286 -0.013308 0.000000 -0.000033 335
0.014844 -6.544888 -6.182895 -1.324259 0.000066 -0.003286 -0.013308 0.000000 -0.000033 336
0.015052 -6.635696 -6.270172 -1.324259 0.000066 -0.003286 -0.013308 0.000000 -0.000033 337
0.015263 -6.727806 -6.358709 -1.324259 0.000066 -0.003286 -0.013308 0.000000 -0.000033 338
0.015478 -6.821240 -6.448525 -1.324259 0.000066 -0.003286 -0.013308 0.000000 -0.000033 339
0.015695 -6.916016 -6.539640 -1.324259 0.000066 -0.003286 -0.013308 0.000000 -0.000033 340
0.015915 -7.012156 -6.632073 -1.324259 0.000066 -0.003286 -0.013308 0.000000 -0.000033 341
0.016138 -7.109681 -6.725845 -1.324259 0.000066 -0.003286 -0.013308 0.000000 -0.000033 342
0.016364 -7.208612 -6.820978 -1.324259 0.000066 -0.003286 -0.013308 0.000000 -0.000033 343
0.016594 -7.308970 -6.917491 -1.324259 0.000066 -0.003286 -0.013308 0.000000 -0.000033 344
0.016826 -7.410779 -7.015407 -1.324259 0.000066 -0.003286 -0.013308 0.000000 -0.000033 345
0.017062 -7.514060 -7.114748 -1.324259 0.000066 -0.003286 -0.013308 0.000000 -0.000033 346
0.017301 -7.618836 -7.215535 -1.324259 0.000066 -0.003286 -0.013308 0.000000 -0.000033 347
0.017544 -7.725131 -7.317792 -1.324259 0.000066 -0.003286 -0.013308 0.000000 -0.000033 348
0.017789 -7.832969 -7.421542 -1.324259 0.000066 -0.003286 -0.013308 0.000000 -0.000033 349
0.018039 -7.942373 -7.526808 -1.324259 0.000066 -0.003286 -0.013308 0.000000 -0.000033 350
0.018291 -8.053368 -7.633613 -1.324259 0.000066 -0.003286 -0.013308 0.000000 -0.000033 351
0.018548 -8.165979 -7.741983 -1.324259 0.000066 -0.003286 -0.013308 0.000000 -0.000033 352
0.018807 -8.280231 -7.851942 -1.324259 0.000066 -0.003286 -0.013308 0.000000 -0.000033 353
0.019071 -8.396151 -7.963516 -1.324259 0.000066 -0.003286 -0.013308 0.000000 -0.000033 354
0.019338 -8.513765 -8.076729 -1.324259 0.000066 -0.003286 -0.013308 0.000000 -0.000033 355
0.019609 -8.633099 -8.191609 -1.324259 0.000066 -0.003286 -0.013308 0.000000 -0.000033 356
0.019884 -8.754182 -8.308182 -1.324259 0.000066 -0.003286 -0.013308 0.000000 -0.000033 357
0.020162 -8.877039 -8.426475 -1.324259 0.000066 -0.003286 -0.013308 0.000000 -0.000033 358
0.020445 -9.001701 -8.546515 -1.324259 0.000066 -0.003286 -0.013308 0.000000 -0.000033 359
0.020731 -9.128196 -8.668331 -1.324259 0.000066 -0.003286 -0.013308 0.000000 -0.000033 360
0.021021 -9.256553 -8.791952 -1.324259 0.000066 -0.003286 -0.013308 0.000000 -0.000033 361
0.021316 -9.386802 -8.917406 -1.324259 0.000066 -0.003286 -0.013308 0.000000 -0.000033 362
0.021615 -9.518974 -9.044723 -1.324259 0.000066 -0.003286 -0.013308 0.000000 -0.000033 363
0.021917 -9.653099 -9.173935 -1.324259 0.000066 -0.003286 -0.013308 0.000000 -0.000033 364
0.022224 -9.789210 -9.305071 -1.324259 0.000066 -0.003286 -0.013308 0.000000 -0.000033 365
0.022536 -9.927337 -9.438163 -1.324259 0.000066 -0.003286 -0.013308 0.000000 -0.000033 366
0.022852 -10.067515 -9.573243 -1.324259 0.000066 -0.003286 -0.013308 0.000000 -0.000033 367
0.023172 -10.209777 -9.710343 -1.324259 0.000066 -0.003286 -0.013308 0.000000 -0.000033 368
0.023497 -10.354156 -9.849498 -1.324259 0.000066 -0.003286 -0.013308 0.000000 -0.000033 369
0.023826 -10.500688 -9.990741 -1.324259 0.000066 -0.003286 -0.013308 0.000000 -0.000033 370
0.024160 -10.649407 -10.134107 -1.324259 0.000066 -0.003286 -0.013308 0.000000 -0.000033 371
0.024499 -10.800350 -10.279630 -1.324259 0.000066 -0.003286 -0.013308 0.000000 -0.000033 372
0.024842 -10.953553 -10.427347 -1.324259 0.000066 -0.003286 -0.013308 0.000000 -0.000033 373
0.025191 -11.109054 -10.577295 -1.324259 0.000066 -0.003286 -0.013308 0.000000 -0.000033 374
0.025544 -11.266891 -10.729511 -1.324259 0.000066 -0.003286 -0.013308 0.000000 -0.000033 375
0.025902 -11.427103 -10.884033 -1.324259 0.000066 -0.003286 -0.013308 0.000000 -0.000033 376
0.026266 -11.589729 -11.040899 -1.324259 0.000066 -0.003286 -0.013308 0.000000 -0.000033 377
0.026634 -11.754811 -11.200151 -1.324259 0.000066 -0.003286 -0.013308 0.000000 -0.000033 378
0.027008 -11.922388 -11.361827 -1.324259 0.000066 -0.003286 -0.013308 0.000000 -0.000033 379
0.027387 -12.092504 -11.525970 -1.324259 0.000066 -0.003286 -0.013308 0.000000 -0.000033 380
0.027772 -12.265201 -11.692621 -1.324259 0.000066 -0.003286 -0.013308 0.000000 -0.000033 381
0.028162 -12.440523 -11.861824 -1.324259 0.000066 -0.003286 -0.013308 0.000000 -0.000033 382
0.028558 -12.618514 -12.033622 -1.324259 0.000066 -0.003286 -0.013308 0.000000 -0.000033 383
0.028959 -12.799221 -12.208060 -1.324259 0.000066 -0.003286 -0.013308 0.000000 -0.000033 384
0.029366 -12.982688 -12.385184 -1.324259 0.000066 -0.003286 -0.013308 0.000000 -0.000033 385
0.029779 -13.168965 -12.565041 -1.324259 0.000066 -0.003286 -0.013308 0.000000 -0.000033 386
0.030197 -13.358099 -12.747677 -1.324259 0.000066 -0.003286 -0.013308 0.000000 -0.000033 387
0.030622 -13.550140 -12.933142 -1.324259 0.000066 -0.003286 -0.013308 0.000000 -0.000033 388
0.031053 -13.745137 -13.121485 -1.324259 0.000066 -0.003286 -0.013308 0.000000 -0.000033 389
0.031490 -13.943143 -13.312757 -1.324259 0.000066 -0.003286 -0.013308 0.000000 -0.000033 390
0.031933 -14.144210 -13.507010 -1.324259 0.000066 -0.003286 -0.013308 0.000000 -0.000033 391
0.032383 -14.348392 -13.704297 -1.324259 0.000066 -0.003286 -0.013308 0.000000 -0.000033 392
0.032839 -14.555742 -13.904671 -1.324259 0.000066 -0.003286 -0.013308 0.000000 -0.000033 393
0.033302 -14.766318 -14.108188 -1.324259 0.000066 -0.003286 -0.013308 0.000000 -0.000033 394
0.033771 -14.980177 -14.314905 -1.324259 0.000066 -0.003286 -0.013308 0.000000 -0.000033 395
0.034247 -15.197376 -14.524878 -1.324259 0.000066 -0.003286 -0.013308 0.000000 -0.000033 396
0.034730 -15.417975 -14.738167 -1.324259 0.000066 -0.003286 -0.013308 0.000000 -0.000033 397
0.035220 -15.642036 -14.954832 -1.324259 0.000066 -0.003286 -0.013308 0.000000 -0.000033 398
0.035718 -15.869619 -15.174935 -1.324259 0.000066 -0.003286 -0.013308 0.000000 -0.000033 399
0.036222 -16.100790 -15.398539 -1.324259 0.000066 -0.003286 -0.013308 0.000000 -0.000033 400
0.036734 -16.335613 -15.625707 -1.324259 0.000066 -0.003286 -0.013308 0.000000 -0.000033 401
0.037253 -16.574154 -15.856506 -1.324259 0.000066 -0.003286 -0.013308 0.000000 -0.000033 402
0.037780 -16.816481 -16.091003 -1.324259 0.000066 -0.003286 -0.013308 0.000000 -0.000033 403
0.038314 -17.062664 -16.329268 -1.324259 0.000066 -0.003286 -0.013308 0.000000 -0.000033 404
0.038856 -17.312774 -16.571369 -1.324259 0.000066 -0.003286 -0.013308 0.000000 -0.000033 405
0.039406 -17.566883 -16.817381 -1.324259 0.000066 -0.003286 -0.013308 0.000000 -0.000033 406
0.039965 -17.825065 -17.067376 -1.324259 0.000066 -0.003286 -0.013308 0.000000 -0.000033 407
0.040531 -18.087397 -17.321430 -1.324259 0.000066 -0.003286 -0.013308 0.000000 -0.000033 408
0.041106 -18.353957 -17.579621 -1.324259 0.000066 -0.003286 -0.013308 0.000000 -0.000033 409
0.041689 -18.624823 -17.842027 -1.324259 0.000066 -0.003286 -0.013308 0.000000 -0.000033 410
0.042281 -18.900078 -18.108730 -1.324259 0.000066 -0.003286 -0.013308 0.000000 -0.000033 411
0.042881 -19.179804 -18.379813 -1.324259 0.000066 -0.003286 -0.013308 0.000000 -0.000033 412
0.043490 -19.464088 -18.655361 -1.324259 0.000066 -0.003286 -0.013308 0.000000 -0.000033 413
0.044109 -19.753015 -18.935461 -1.324259 0.000066 -0.003286 -0.013308 0.000000 -0.000033 414
0.044736 -20.046677 -19.220203 -1.324259 0.000066 -0.003286 -0.013308 0.000000 -0.000033 415
0.045373 -20.345164 -19.509678 -1.324259 0.000066 -0.003286 -0.013308 0.000000 -0.000033 416
0.046019 -20.648570 -19.803981 -1.324259 0.000066 -0.003286 -0.013308 0.000000 -0.000033 417
0.046675 -20.956992 -20.103207 -1.324259 0.000066 -0.003286 -0.013308 0.000000 -0.000033 418
0.047341 -21.270528 -20.407455 -1.324259 0.000066 -0.003286 -0.013308 0.000000 -0.000033 419
0.048016 -21.589279 -20.716826 -1.324259 0.000066 -0.003286 -0.013308 0.000000 -0.000033 420
0.048702 -21.913348 -21.031425 -1.324259 0.000066 -0.003286 -0.013308 0.000000 -0.000033 421
0.049398 -22.242843 -21.351357 -1.324259 0.000066 -0.003286 -0.013308 0.000000 -0.000033 422
0.050104 -22.577870 -21.676733 -1.324259 0.000066 -0.003286 -0.013308 0.000000 -0.000033 423
0.050821 -22.918543 -22.007665 -1.324259 0.000066 -0.003286 -0.013308 0.000000 -0.000033 424
0.051549 -23.264976 -22.344267 -1.324259 0.000066 -0.003286 -0.013308 0.000000 -0.000033 425
0.052287 -23.617286 -22.686659 -1.324259 0.000066 -0.003286 -0.013308 0.000000 -0.000033 426
0.053037 -23.975593 -23.034961 -1.324259 0.000066 -0.003286 -0.013308 0.000000 -0.000033 427
0.053798 -24.340022 -23.389299 -1.324259 0.000066 -0.003286 -0.013308 0.000000 -0.000033 428
0.054571 -24.710699 -23.749802 -1.324259 0.000066 -0.003286 -0.013308 0.000000 -0.000033 429
0.055356 -25.087755 -24.116599 -1.324259 0.000066 -0.003286 -0.013308 0.000000 -0.000033 430
0.056152 -25.471324 -24.489829 -1.324259 0.000066 -0.003286 -0.013308 0.000000 -0.000033 431
0.056960 -25.861544 -24.869628 -1.324259 0.000066 -0.003286 -0.013308 0.000000 -0.000033 432
0.057781 -26.258555 -25.256142 -1.324259 0.000066 -0.003286 -0.013308 0.000000 -0.000033 433
0.058615 -26.662503 -25.649518 -1.324259 0.000066 -0.003286 -0.013308 0.000000 -0.000033 434
0.059461 -27.073537 -26.049906 -1.324259 0.000066 -0.003286 -0.013308 0.000000 -0.000033 435
0.060320 -27.491811 -26.457464 -1.324259 0.000066 -0.003286 -0.013308 0.000000 -0.000033 436
0.061193 -27.917483 -26.872352 -1.324259 0.000066 -0.003286 -0.013308 0.000000 -0.000033 437
0.062079 -28.350714 -27.294735 -1.324259 0.000066 -0.003286 -0.013308 0.000000 -0.000033 438
0.062978 -28.791673 -27.724784 -1.324259 0.000066 -0.003286 -0.013308 0.000000 -0.000033 439
0.063892 -29.240530 -28.162674 -1.324259 0.000066 -0.003286 -0.013308 0.000000 -0.000033 440
0.064819 -29.697463 -28.608586 -1.324259 0.000066 -0.003286 -0.013308 0.000000 -0.000033 441
0.065762 -30.162653 -29.062707 -1.324259 0.000066 -0.003286 -0.013308 0.000000 -0.000033 442
0.066719 -30.636289 -29.525228 -1.324259 0.000066 -0.003286 -0.013308 0.000000 -0.000033 443
0.067691 -31.118563 -29.996349 -1.324259 0.000066 -0.003286 -0.013308 0.000000 -0.000033 444
0.068678 -31.609675 -30.476272 -1.324259 0.000066 -0.003286 -0.013308 0.000000 -0.000033 445
0.069680 -32.109829 -30.965210 -1.324259 0.000066 -0.003286 -0.013308 0.000000 -0.000033 446
0.070699 -32.619237 -31.463380 -1.324259 0.000066 -0.003286 -0.013308 0.000000 -0.000033 447
0.071733 -33.138117 -31.971007 -1.324259 0.000066 -0.003286 -0.013308 0.000000 -0.000033 448
0.072784 -33.666693 -32.488322 -1.324259 0.000066 -0.003286 -0.013308 0.000000 -0.000033 449
0.073852 -34.205199 -33.015566 -1.324259 0.000066 -0.003286 -0.013308 0.000000 -0.000033 450
0.074937 -34.753873 -33.552987 -1.324259 0.000066 -0.003286 -0.013308 0.000000 -0.000033 451
0.076039 -35.312963 -34.100841 -1.324259 0.000066 -0.003286 -0.013308 0.000000 -0.000033 452
0.077159 -35.882724 -34.659392 -1.324259 0.000066 -0.003286 -0.013308 0.000000 -0.000033 453
0.078296 -36.463419 -35.228916 -1.324259 0.000066 -0.003286 -0.013308 0.000000 -0.000033 454
0.079453 -37.055321 -35.809694 -1.324259 0.000066 -0.003286 -0.013308 0.000000 -0.000033 455
0.080627 -37.658712 -36.402021 -1.324259 0.000066 -0.003286 -0.013308 0.000000 -0.000033 456
0.081821 -38.273884 -37.006201 -1.324259 0.000066 -0.003286 -0.013308 0.000000 -0.000033 457
0.083035 -38.901137 -37.622548 -1.324259 0.000066 -0.003286 -0.013308 0.000000 -0.000033 458
0.084268 -39.540783 -38.251389 -1.324259 0.000066 -0.003286 -0.013308 0.000000 -0.000033 459
0.085521 -40.193146 -38.893062 -1.324259 0.000066 -0.003286 -0.013308 0.000000 -0.000033 460
0.086795 -40.858558 -39.547917 -1.324259 0.000066 -0.003286 -0.013308 0.000000 -0.000033 461
0.088090 -41.537368 -40.216318 -1.324259 0.000066 -0.003286 -0.013308 0.000000 -0.000033 462
0.089407 -42.229932 -40.898642 -1.324259 0.000066 -0.003286 -0.013308 0.000000 -0.000033 463
0.090745 -42.936625 -41.595282 -1.324259 0.000066 -0.003286 -0.013308 0.000000 -0.000033 464
0.092106 -43.657830 -42.306644 -1.324259 0.000066 -0.003286 -0.013308 0.000000 -0.000033 465
0.093489 -44.393948 -43.033150 -1.324259 0.000066 -0.003286 -0.013308 0.000000 -0.000033 466
0.094896 -45.145396 -43.775241 -1.324259 0.000066 -0.003286 -0.013308 0.000000 -0.000033 467
0.096327 -45.912605 -44.533373 -1.324259 0.000066 -0.003286 -0.013308 0.000000 -0.000033 468
0.097781 -46.696022 -45.308021 -1.324259 0.000066 -0.003286 -0.013308 0.000000 -0.000033 469
0.099261 -47.496115 -46.099681 -1.324259 0.000066 -0.003286 -0.013308 0.000000 -0.000033 470
0.100766 -48.313367 -46.908866 -1.324259 0.000066 -0.003286 -0.013308 0.000000 -0.000033 471
0.102297 -49.148283 -47.736114 -1.324259 0.000066 -0.003286 -0.013308 0.000000 -0.000033 472
0.103854 -50.001388 -48.581983 -1.324259 0.000066 -0.003286 -0.013308 0.000000 -0.000033 473
0.105438 -50.873230 -49.447057 -1.324259 0.000066 -0.003286 -0.013308 0.000000 -0.000033 474
0.107049 -51.764377 -50.331943 -1.324259 0.000066 -0.003286 -0.013308 0.000000 -0.000033 475
0.108689 -52.675424 -51.237276 -1.324259 0.000066 -0.003286 -0.013308 0.000000 -0.000033 476
0.110358 -53.606991 -52.163717 -1.324259 0.000066 -0.003286 -0.013308 0.000000 -0.000033 477
0.112056 -54.559726 -53.111959 -1.324259 0.000066 -0.003286 -0.013308 0.000000 -0.000033 478
0.113784 -55.534304 -54.082725 -1.324259 0.000066 -0.003286 -0.013308 0.000000 -0.000033 479
0.115544 -56.531433 -55.076771 -1.324259 0.000066 -0.003286 -0.013308 0.000000 -0.000033 480
0.117334 -57.551851 -56.094888 -1.324259 0.000066 -0.003286 -0.013308 0.000000 -0.000033 481
0.119158 -58.596332 -57.137903 -1.324259 0.000066 -0.003286 -0.013308 0.000000 -0.000033 482
0.121014 -59.665688 -58.206683 -1.324259 0.000066 -0.003286 -0.013308 0.000000 -0.000033 483
0.122904 -60.760768 -59.302138 -1.324259 0.000066 -0.003286 -0.013308 0.000000 -0.000033 484
0.124828 -61.882464 -60.425219 -1.324259 0.000066 -0.003286 -0.013308 0.000000 -0.000033 485
0.126789 -63.031712 -61.576926 -1.324259 0.000066 -0.003286 -0.013308 0.000000 -0.000033 486
0.128786 -64.209496 -62.758308 -1.324259 0.000066 -0.003286 -0.013308 0.000000 -0.000033 487
0.130820 -65.416852 -63.970467 -1.324259 0.000066 -0.003286 -0.013308 0.000000 -0.000033 488
0.132892 -66.654869 -65.214560 -1.324259 0.000066 -0.003286 -0.013308 0.000000 -0.000033 489
0.135004 -67.924696 -66.491806 -1.324259 0.000066 -0.003286 -0.013308 0.000000 -0.000033 490
0.137156 -69.227544 -67.803486 -1.324259 0.000066 -0.003286 -0.013308 0.000000 -0.000033 491
0.139350 -70.564695 -69.150952 -1.324259 0.000066 -0.003286 -0.013308 0.000000 -0.000033 492
0.141586 -71.937502 -70.535626 -1.324259 0.000066 -0.003286 -0.013308 0.000000 -0.000033 493
0.143865 -73.347398 -71.959011 -1.324259 0.000066 -0.003286 -0.013308 0.000000 -0.000033 494
0.146190 -74.795902 -73.422692 -1.324259 0.000066 -0.003286 -0.013308 0.000000 -0.000033 495
0.148560 -76.284627 -74.928347 -1.324259 0.000066 -0.003286 -0.013308 0.000000 -0.000033 496
0.150978 -77.815287 -76.477749 -1.324259 0.000066 -0.003286 -0.013308 0.000000 -0.000033 497
0.153445 -79.389707 -78.072780 -1.324259 0.000066 -0.003286 -0.013308 0.000000 -0.000033 498
0.155962 -81.009832 -79.715432 -1.324259 0.000066 -0.003286 -0.013308 0.000000 -0.000033 499
0.158531 -82.677738 -81.407825 -1.324259 0.000066 -0.003286 -0.013308 0.000000 -0.000033 500
0.161153 -84.395646 -83.152213 -1.324259 0.000066 -0.003286 -0.013308 0.000000 -0.000033 501
0.163830 -86.165935 -84.950999 -1.324259 0.000066 -0.003286 -0.013308 0.000000 -0.000033 502
0.166563 -87.991157 -86.806751 -1.324259 0.000066 -0.003286 -0.013308 0.000000 -0.000033 503
0.169355 -89.874056 -88.722215 -1.324259 0.000066 -0.003286 -0.013308 0.000000 -0.000033 504
0.172206 -91.817586 -90.700339 -1.324259 0.000066 -0.003286 -0.013308 0.000000 -0.000033 505
0.175121 -93.824933 -92.744292 -1.324259 0.000066 -0.003286 -0.013308 0.000000 -0.000033 506
0.178099 -95.899539 -94.857495 -1.324259 0.000066 -0.003286 -0.013308 0.000000 -0.000033 507
0.181144 -98.045128 -97.043647 -1.324259 0.000066 -0.003286 -0.013308 0.000000 -0.000033 508
0.184258 -100.265738 -99.306764 -1.324259 0.000066 -0.003286 -0.013308 0.000000 -0.000033 509
0.187442 -102.565753 -101.651222 -1.324259 0.000066 -0.003286 -0.013308 0.000000 -0.000033 510
0.190701 -104.949937 -104.081800 -1.324259 0.000066 -0.003286 -0.013308 0.000000 -0.000033 511
0.194036 -107.423476 -106.603743 -1.324259 0.000066 -0.003286 -0.013308 0.000000 -0.000033 512
0.197451 -109.992018 -109.222820 -1.324259 0.000066 -0.003286 -0.013308 0.000000 -0.000033 513
0.200948 -112.661723 -111.945399 -1.324259 0.000066 -0.003286 -0.013308 0.000000 -0.000033 514
0.204532 -115.439309 -114.778525 -1.324259 0.000066 -0.003286 -0.013308 0.000000 -0.000033 515
0.208204 -118.332106 -117.730009 -1.324259 0.000066 -0.003286 -0.013308 0.000000 -0.000033 516
0.211970 -121.348114 -120.808514 -1.324259 0.000066 -0.003286 -0.013308 0.000000 -0.000033 517
0.215833 -124.496065 -124.023653 -1.324259 0.000066 -0.003286 -0.013308 0.000000 -0.000033 518
0.219797 -127.785490 -127.386071 -1.324259 0.000066 -0.003286 -0.013308 0.000000 -0.000033 519
0.223868 -131.226809 -130.907524 -1.324259 0.000066 -0.003286 -0.013308 0.000000 -0.000033 520
0.228050 -134.831431 -134.600941 -1.324259 0.000066 -0.003286 -0.013308 0.000000 -0.000033 521
0.232349 -138.611909 -138.480470 -1.324259 0.000066 -0.003286 -0.013308 0.000000 -0.000033 522
0.236771 -142.582162 -142.561518 -1.324259 0.000066 -0.003286 -0.013308 0.000000 -0.000033 523
0.241321 -146.757808 -146.860822 -1.324259 0.000066 -0.003286 -0.013308 0.000000 -0.000033 524
0.246008 -151.156670 -151.396620 -1.324259 0.000066 -0.003286 -0.013308 0.000000 -0.000033 525
0.250839 -155.799508 -156.189036 -1.324259 0.000066 -0.003286 -0.013308 0.000000 -0.000033 526
0.255822 -160.710988 -161.260848 -1.324259 0.000066 -0.003286 -0.013308 0.000000 -0.000033 527
0.260967 -165.920831 -166.638805 -1.324259 0.000066 -0.003286 -0.013308 0.000000 -0.000033 528
0.266282 -171.464894 -172.355517 -1.324259 0.000066 -0.003286 -0.013308 0.000000 -0.000033 529
0.271780 -177.385738 -178.451637 -1.324259 0.000066 -0.003286 -0.013308 0.000000 -0.000033 530
0.277473 -183.732240 -184.977479 -1.324259 0.000066 -0.003286 -0.013308 0.000000 -0.000033 531
0.283374 -190.558511 -191.992808 -1.324259 0.000066 -0.003286 -0.013308 0.000000 -0.000033 532
0.289501 -197.924388 -199.564467 -1.324259 0.000066 -0.003286 -0.013308 0.000000 -0.000033 533
0.295871 -205.902221 -207.765602 -1.324259 0.000066 -0.003286 -0.013308 0.000000 -0.000033 534
0.302506 -214.591305 -216.686034 -1.324259 0.000066 -0.003286 -0.013308 0.000000 -0.000033 535
0.309428 -224.124952 -226.455940 -1.324259 0.000066 -0.003286 -0.013308 0.000000 -0.000033 536
0.316666 -234.650995 -237.249898 -1.324259 0.000066 -0.003286 -0.013308 0.000000 -0.000033 537
0.324255 -246.336494 -249.254766 -1.324259 0.000066 -0.003286 -0.013308 0.000000 -0.000033 538
0.332234 -259.442796 -262.731713 -1.324259 0.000066 -0.003286 -0.013308 0.000000 -0.000033 539
0.340653 -274.271695 -278.041346 -1.324259 0.000066 -0.003286 -0.013308 0.000000 -0.000033 540
0.349575 -291.256144 -295.631474 -1.324259 0.000066 -0.003286 -0.013308 0.000000 -0.000033 541
0.359078 -310.977400 -316.123249 -1.324259 0.000066 -0.003286 -0.013308 0.000000 -0.000033 542
0.369263 -334.345867 -340.443627 -1.324259 0.000066 -0.003286 -0.013308 0.000000 -0.000033 543
0.380266 -362.789496 -370.088879 -1.324259 0.000066 -0.003286 -0.013308 0.000000 -0.000033 544
0.392278 -398.534318 -407.562765 -1.324259 0.000066 -0.003286 -0.013308 0.000000 -0.000033 545
0.405587 -445.355206 -457.103500 -1.324259 0.000066 -0.003286 -0.013308 0.000000 -0.000033 546
0.420665 -510.932084 -527.574675 -1.324259 0.000066 -0.003286 -0.013308 0.000000 -0.000033 547
0.438398 -612.356570 -639.952273 -1.324259 0.000066 -0.003286 -0.013308 0.000000 -0.000033 548
0.460877 -799.671191 -860.683535 -1.324259 0.000066 -0.003286 -0.013308 0.000000 -0.000033 549
0.495909 -1305.867528 -1571.418797 -1.324259 0.000066 -0.003286 -0.013308 0.000000 -0.000033 550
0.674558 -5727.841863 -16214.882459 -1.324259 0.000066 -0.003286 -0.013308 0.000000 -0.000033 551
9923.155750 -162520899.085433 -1613956957731.076904 -1.324259 0.000066 -0.003286 -0.013308 0.000000 -0.000033 552
187199609429472716069718060529876992.000000 -1918983348782039553778607548953114447927931292341340493710360576.000000 34084439672738583792113889793806967199956159391679197558603776.000000 -1.324259 0.000066 -0.003286 -0.013308 0.000000 -0.000033 553
-205161464410045725659531998638083904326675235632522519504589283729330839806869760634578084617000682578993447654442139648.000000 -nan -nan -1.324259 0.000066 -0.003286 -0.013308 0.000000 -0.000033 554
-nan -nan -nan -1.324259 0.000066 -0.003286 -0.013308 0.000000 -0.000033 555
-nan -nan -nan -1.324259 0.000066 -0.003286 -0.013308 0.000000 -0.000033 556
-nan -nan -nan -1.324259 0.000066 -0.003286 -0.013308 0.000000 -0.000033 557
-nan -nan -nan -1.324259 0.000066 -0.003286 -0.013308 0.000000 -0.000033 558
-nan -nan -nan -1.324259 0.000066 -0.003286 -0.013308 0.000000 -0.000033 559
-nan -nan -nan -1.324259 0.000066 -0.003286 -0.013308 0.000000 -0.000033 560
-nan -nan -nan -1.324259 0.000066 -0.003286 -0.013308 0.000000 -0.000033 561
-nan -nan -nan -1.324259 0.000066 -0.003286 -0.013308 0.000000 -0.000033 562
-nan -nan -nan -1.324259 0.000066 -0.003286 -0.013308 0.000000 -0.000033 563
-nan -nan -nan -1.324259 0.000066 -0.003286 -0.013308 0.000000 -0.000033 564
-nan -nan -nan -1.324259 0.000066 -0.003286 -0.013308 0.000000 -0.000033 565
-nan -nan -nan -1.324259 0.000066 -0.003286 -0.013308 0.000000 -0.000033 566
-nan -nan -nan -1.324259 0.000066 -0.003286 -0.013308 0.000000 -0.000033 567
-nan -nan -nan -1.324259 0.000066 -0.003286 -0.013308 0.000000 -0.000033 568
-nan -nan -nan -1.324259 0.000066 -0.003286 -0.013308 0.000000 -0.000033 569
-nan -nan -nan -1.324259 0.000066 -0.003286 -0.013308 0.000000 -0.000033 570
-nan -nan -nan -1.324259 0.000066 -0.003286 -0.013308 0.000000 -0.000033 571
-nan -nan -nan -1.324259 0.000066 -0.003286 -0.013308 0.000000 -0.000033 572
-nan -nan -nan -1.324259 0.000066 -0.003286 -0.013308 0.000000 -0.000033 573
-nan -nan -nan -1.324259 0.000066 -0.003286 -0.013308 0.000000 -0.000033 574
-nan -nan -nan -1.324259 0.000066 -0.003286 -0.013308 0.000000 -0.000033 575
-nan -nan -nan -1.324259 0.000066 -0.003286 -0.013308 0.000000 -0.000033 576
-nan -nan -nan -1.324259 0.000066 -0.003286 -0.013308 0.000000 -0.000033 577
-nan -nan -nan -1.324259 0.000066 -0.003286 -0.013308 0.000000 -0.000033 578
-nan -nan -nan -1.324259 0.000066 -0.003286 -0.013308 0.000000 -0.000033 579
-nan -nan -nan -1.324259 0.000066 -0.003286 -0.013308 0.000000 -0.000033 580
-nan -nan -nan -1.324259 0.000066 -0.003286 -0.013308 0.000000 -0.000033 581
-nan -nan -nan -1.324259 0.000066 -0.003286 -0.013308 0.000000 -0.000033 582
-nan -nan -nan -1.324259 0.000066 -0.003286 -0.013308 0.000000 -0.000033 583
-nan -nan -nan -1.324259 0.000066 -0.003286 -0.013308 0.000000 -0.000033 584
-nan -nan -nan -1.324259 0.000066 -0.003286 -0.013308 0.000000 -0.000033 585
-nan -nan -nan -1.324259 0.000066 -0.003286 -0.013308 0.000000 -0.000033 586
-nan -nan -nan -1.324259 0.000066 -0.003286 -0.013308 0.000000 -0.000033 587
-nan -nan -nan -1.324259 0.000066 -0.003286 -0.013308 0.000000 -0.000033 588
-nan -nan -nan -1.324259 0.000066 -0.003286 -0.013308 0.000000 -0.000033 589
-nan -nan -nan -1.324259 0.000066 -0.003286 -0.013308 0.000000 -0.000033 590
-nan -nan -nan -1.324259 0.000066 -0.003286 -0.013308 0.000000 -0.000033 591
-nan -nan -nan -1.324259 0.000066 -0.003286 -0.013308 0.000000 -0.000033 592
-nan -nan -nan -1.324259 0.000066 -0.003286 -0.013308 0.000000 -0.000033 593
-nan -nan -nan -1.324259 0.000066 -0.003286 -0.013308 0.000000 -0.000033 594
-nan -nan -nan -1.324259 0.000066 -0.003286 -0.013308 0.000000 -0.000033 595
-nan -nan -nan -1.324259 0.000066 -0.003286 -0.013308 0.000000 -0.000033 596
-nan -nan -nan -1.324259 0.000066 -0.003286 -0.013308 0.000000 -0.000033 597
-nan -nan -nan -1.324259 0.000066 -0.003286 -0.013308 0.000000 -0.000033 598
-nan -nan -nan -1.324259 0.000066 -0.003286 -0.013308 0.000000 -0.000033 599
-nan -nan -nan -1.324259 0.000066 -0.003286 -0.013308 0.000000 -0.000033 600
-nan -nan -nan -1.324259 0.000066 -0.003286 -0.013308 0.000000 -0.000033 601
-nan -nan -nan -1.324259 0.000066 -0.003286 -0.013308 0.000000 -0.000033 602
-nan -nan -nan -1.324259 0.000066 -0.003286 -0.013308 0.000000 -0.000033 603
-nan -nan -nan -1.324259 0.000066 -0.003286 -0.013308 0.000000 -0.000033 604
-nan -nan -nan -1.324259 0.000066 -0.003286 -0.013308 0.000000 -0.000033 605
-nan -nan -nan -1.324259 0.000066 -0.003286 -0.013308 0.000000 -0.000033 606
-nan -nan -nan -1.324259 0.000066 -0.003286 -0.013308 0.000000 -0.000033 607
-nan -nan -nan -1.324259 0.000066 -0.003286 -0.013308 0.000000 -0.000033 608
-nan -nan -nan -1.324259 0.000066 -0.003286 -0.013308 0.000000 -0.000033 609
-nan -nan -nan -1.324259 0.000066 -0.003286 -0.013308 0.000000 -0.000033 610
-nan -nan -nan -1.324259 0.000066 -0.003286 -0.013308 0.000000 -0.000033 611
-nan -nan -nan -1.324259 0.000066 -0.003286 -0.013308 0.000000 -0.000033 612
-nan -nan -nan -1.324259 0.000066 -0.003286 -0.013308 0.000000 -0.000033 613
-nan -nan -nan -1.324259 0.000066 -0.003286 -0.013308 0.000000 -0.000033 614
-nan -nan -nan -1.324259 0.000066 -0.003286 -0.013308 0.000000 -0.000033 615
-nan -nan -nan -1.324259 0.000066 -0.003286 -0.013308 0.000000 -0.000033 616
-nan -nan -nan -1.324259 0.000066 -0.003286 -0.013308 0.000000 -0.000033 617
-nan -nan -nan -1.324259 0.000066 -0.003286 -0.013308 0.000000 -0.000033 618
-nan -nan -nan -1.324259 0.000066 -0.003286 -0.013308 0.000000 -0.000033 619
-nan -nan -nan -1.324259 0.000066 -0.003286 -0.013308 0.000000 -0.000033 620
-nan -nan -nan -1.324259 0.000066 -0.003286 -0.013308 0.000000 -0.000033 621
-nan -nan -nan -1.324259 0.000066 -0.003286 -0.013308 0.000000 -0.000033 622
-nan -nan -nan -1.324259 0.000066 -0.003286 -0.013308 0.000000 -0.000033 623
-nan -nan -nan -1.324259 0.000066 -0.003286 -0.013308 0.000000 -0.000033 624
-nan -nan -nan -1.324259 0.000066 -0.003286 -0.013308 0.000000 -0.000033 625
-nan -nan -nan -1.324259 0.000066 -0.003286 -0.013308 0.000000 -0.000033 626
-nan -nan -nan -1.324259 0.000066 -0.003286 -0.013308 0.000000 -0.000033 627
-nan -nan -nan -1.324259 0.000066 -0.003286 -0.013308 0.000000 -0.000033 628
-nan -nan -nan -1.324259 0.000066 -0.003286 -0.013308 0.000000 -0.000033 629
-nan -nan -nan -1.324259 0.000066 -0.003286 -0.013308 0.000000 -0.000033 630
-nan -nan -nan -1.324259 0.000066 -0.003286 -0.013308 0.000000 -0.000033 631
-nan -nan -nan -1.324259 0.000066 -0.003286 -0.013308 0.000000 -0.000033 632
-nan -nan -nan -1.324259 0.000066 -0.003286 -0.013308 0.000000 -0.000033 633
-nan -nan -nan -1.324259 0.000066 -0.003286 -0.013308 0.000000 -0.000033 634
-nan -nan -nan -1.324259 0.000066 -0.003286 -0.013308 0.000000 -0.000033 635
-nan -nan -nan -1.324259 0.000066 -0.003286 -0.013308 0.000000 -0.000033 636
-nan -nan -nan -1.324259 0.000066 -0.003286 -0.013308 0.000000 -0.000033 637
-nan -nan -nan -1.324259 0.000066 -0.003286 -0.013308 0.000000 -0.000033 638
-nan -nan -nan -1.324259 0.000066 -0.003286 -0.013308 0.000000 -0.000033 639
-nan -nan -nan -1.324259 0.000066 -0.003286 -0.013308 0.000000 -0.000033 640
-nan -nan -nan -1.324259 0.000066 -0.003286 -0.013308 0.000000 -0.000033 641
-nan -nan -nan -1.324259 0.000066 -0.003286 -0.013308 0.000000 -0.000033 642
-nan -nan -nan -1.324259 0.000066 -0.003286 -0.013308 0.000000 -0.000033 643
-nan -nan -nan -1.324259 0.000066 -0.003286 -0.013308 0.000000 -0.000033 644
-nan -nan -nan -1.324259 0.000066 -0.003286 -0.013308 0.000000 -0.000033 645
-nan -nan -nan -1.324259 0.000066 -0.003286 -0.013308 0.000000 -0.000033 646
-nan -nan -nan -1.324259 0.000066 -0.003286 -0.013308 0.000000 -0.000033 647
-nan -nan -nan -1.324259 0.000066 -0.003286 -0.013308 0.000000 -0.000033 648
-nan -nan -nan -1.324259 0.000066 -0.003286 -0.013308 0.000000 -0.000033 649
-nan -nan -nan -1.324259 0.000066 -0.003286 -0.013308 0.000000 -0.000033 650
-nan -nan -nan -1.324259 0.000066 -0.003286 -0.013308 0.000000 -0.000033 651
-nan -nan -nan -1.324259 0.000066 -0.003286 -0.013308 0.000000 -0.000033 652
-nan -nan -nan -1.324259 0.000066 -0.003286 -0.013308 0.000000 -0.000033 653
-nan -nan -nan -1.324259 0.000066 -0.003286 -0.013308 0.000000 -0.000033 654
-nan -nan -nan -1.324259 0.000066 -0.003286 -0.013308 0.000000 -0.000033 655
-nan -nan -nan -1.324259 0.000066 -0.003286 -0.013308 0.000000 -0.000033 656
-nan -nan -nan -1.324259 0.000066 -0.003286 -0.013308 0.000000 -0.000033 657
-nan -nan -nan -1.324259 0.000066 -0.003286 -0.013308 0.000000 -0.000033 658
-nan -nan -nan -1.324259 0.000066 -0.003286 -0.013308 0.000000 -0.000033 659
-nan -nan -nan -1.324259 0.000066 -0.003286 -0.013308 0.000000 -0.000033 660
-nan -nan -nan -1.324259 0.000066 -0.003286 -0.013308 0.000000 -0.000033 661
-nan -nan -nan -1.324259 0.000066 -0.003286 -0.013308 0.000000 -0.000033 662
-nan -nan -nan -1.324259 0.000066 -0.003286 -0.013308 0.000000 -0.000033 663
-nan -nan -nan -1.324259 0.000066 -0.003286 -0.013308 0.000000 -0.000033 664
-nan -nan -nan -1.324259 0.000066 -0.003286 -0.013308 0.000000 -0.000033 665
-nan -nan -nan -1.324259 0.000066 -0.003286 -0.013308 0.000000 -0.000033 666
-nan -nan -nan -1.324259 0.000066 -0.003286 -0.013308 0.000000 -0.000033 667
-nan -nan -nan -1.324259 0.000066 -0.003286 -0.013308 0.000000 -0.000033 668
-nan -nan -nan -1.324259 0.000066 -0.003286 -0.013308 0.000000 -0.000033 669
-nan -nan -nan -1.324259 0.000066 -0.003286 -0.013308 0.000000 -0.000033 670
-nan -nan -nan -1.324259 0.000066 -0.003286 -0.013308 0.000000 -0.000033 671
-nan -nan -nan -1.324259 0.000066 -0.003286 -0.013308 0.000000 -0.000033 672
-nan -nan -nan -1.324259 0.000066 -0.003286 -0.013308 0.000000 -0.000033 673
-nan -nan -nan -1.324259 0.000066 -0.003286 -0.013308 0.000000 -0.000033 674
-nan -nan -nan -1.324259 0.000066 -0.003286 -0.013308 0.000000 -0.000033 675
-nan -nan -nan -1.324259 0.000066 -0.003286 -0.013308 0.000000 -0.000033 676
-nan -nan -nan -1.324259 0.000066 -0.003286 -0.013308 0.000000 -0.000033 677
-nan -nan -nan -1.324259 0.000066 -0.003286 -0.013308 0.000000 -0.000033 678
-nan -nan -nan -1.324259 0.000066 -0.003286 -0.013308 0.000000 -0.000033 679
-nan -nan -nan -1.324259 0.000066 -0.003286 -0.013308 0.000000 -0.000033 680
-nan -nan -nan -1.324259 0.000066 -0.003286 -0.013308 0.000000 -0.000033 681
-nan -nan -nan -1.324259 0.000066 -0.003286 -0.013308 0.000000 -0.000033 682
-nan -nan -nan -1.324259 0.000066 -0.003286 -0.013308 0.000000 -0.000033 683
-nan -nan -nan -1.324259 0.000066 -0.003286 -0.013308 0.000000 -0.000033 684
-nan -nan -nan -1.324259 0.000066 -0.003286 -0.013308 0.000000 -0.000033 685
-nan -nan -nan -1.324259 0.000066 -0.003286 -0.013308 0.000000 -0.000033 686
-nan -nan -nan -1.324259 0.000066 -0.003286 -0.013308 0.000000 -0.000033 687
-nan -nan -nan -1.324259 0.000066 -0.003286 -0.013308 0.000000 -0.000033 688
-nan -nan -nan -1.324259 0.000066 -0.003286 -0.013308 0.000000 -0.000033 689
-nan -nan -nan -1.324259 0.000066 -0.003286 -0.013308 0.000000 -0.000033 690
-nan -nan -nan -1.324259 0.000066 -0.003286 -0.013308 0.000000 -0.000033 691
-nan -nan -nan -1.324259 0.000066 -0.003286 -0.013308 0.000000 -0.000033 692
-nan -nan -nan -1.324259 0.000066 -0.003286 -0.013308 0.000000 -0.000033 693
-nan -nan -nan -1.324259 0.000066 -0.003286 -0.013308 0.000000 -0.000033 694
-nan -nan -nan -1.324259 0.000066 -0.003286 -0.013308 0.000000 -0.000033 695
-nan -nan -nan -1.324259 0.000066 -0.003286 -0.013308 0.000000 -0.000033 696
-nan -nan -nan -1.324259 0.000066 -0.003286 -0.013308 0.000000 -0.000033 697
-nan -nan -nan -1.324259 0.000066 -0.003286 -0.013308 0.000000 -0.000033 698
-nan -nan -nan -1.324259 0.000066 -0.003286 -0.013308 0.000000 -0.000033 699
-nan -nan -nan -1.324259 0.000066 -0.003286 -0.013308 0.000000 -0.000033 700
-nan -nan -nan -1.324259 0.000066 -0.003286 -0.013308 0.000000 -0.000033 701
-nan -nan -nan -1.324259 0.000066 -0.003286 -0.013308 0.000000 -0.000033 702
-nan -nan -nan -1.324259 0.000066 -0.003286 -0.013308 0.000000 -0.000033 703
-nan -nan -nan -1.324259 0.000066 -0.003286 -0.013308 0.000000 -0.000033 704
-nan -nan -nan -1.324259 0.000066 -0.003286 -0.013308 0.000000 -0.000033 705
-nan -nan -nan -1.324259 0.000066 -0.003286 -0.013308 0.000000 -0.000033 706
-nan -nan -nan -1.324259 0.000066 -0.003286 -0.013308 0.000000 -0.000033 707
-nan -nan -nan -1.324259 0.000066 -0.003286 -0.013308 0.000000 -0.000033 708
-nan -nan -nan -1.324259 0.000066 -0.003286 -0.013308 0.000000 -0.000033 709
-nan -nan -nan -1.324259 0.000066 -0.003286 -0.013308 0.000000 -0.000033 710
-nan -nan -nan -1.324259 0.000066 -0.003286 -0.013308 0.000000 -0.000033 711
-nan -nan -nan -1.324259 0.000066 -0.003286 -0.013308 0.000000 -0.000033 712
-nan -nan -nan -1.324259 0.000066 -0.003286 -0.013308 0.000000 -0.000033 713
-nan -nan -nan -1.324259 0.000066 -0.003286 -0.013308 0.000000 -0.000033 714
-nan -nan -nan -1.324259 0.000066 -0.003286 -0.013308 0.000000 -0.000033 715
-nan -nan -nan -1.324259 0.000066 -0.003286 -0.013308 0.000000 -0.000033 716
-nan -nan -nan -1.324259 0.000066 -0.003286 -0.013308 0.000000 -0.000033 717
-nan -nan -nan -1.324259 0.000066 -0.003286 -0.013308 0.000000 -0.000033 718
-nan -nan -nan -1.324259 0.000066 -0.003286 -0.013308 0.000000 -0.000033 719
-nan -nan -nan -1.324259 0.000066 -0.003286 -0.013308 0.000000 -0.000033 720
-nan -nan -nan -1.324259 0.000066 -0.003286 -0.013308 0.000000 -0.000033 721
-nan -nan -nan -1.324259 0.000066 -0.003286 -0.013308 0.000000 -0.000033 722
-nan -nan -nan -1.324259 0.000066 -0.003286 -0.013308 0.000000 -0.000033 723
-nan -nan -nan -1.324259 0.000066 -0.003286 -0.013308 0.000000 -0.000033 724
-nan -nan -nan -1.324259 0.000066 -0.003286 -0.013308 0.000000 -0.000033 725
-nan -nan -nan -1.324259 0.000066 -0.003286 -0.013308 0.000000 -0.000033 726
-nan -nan -nan -1.324259 0.000066 -0.003286 -0.013308 0.000000 -0.000033 727
-nan -nan -nan -1.324259 0.000066 -0.003286 -0.013308 0.000000 -0.000033 728
-nan -nan -nan -1.324259 0.000066 -0.003286 -0.013308 0.000000 -0.000033 729
-nan -nan -nan -1.324259 0.000066 -0.003286 -0.013308 0.000000 -0.000033 730
-nan -nan -nan -1.324259 0.000066 -0.003286 -0.013308 0.000000 -0.000033 731
-nan -nan -nan -1.324259 0.000066 -0.003286 -0.013308 0.000000 -0.000033 732
-nan -nan -nan -1.324259 0.000066 -0.003286 -0.013308 0.000000 -0.000033 733
-nan -nan -nan -1.324259 0.000066 -0.003286 -0.013308 0.000000 -0.000033 734
-nan -nan -nan -1.324259 0.000066 -0.003286 -0.013308 0.000000 -0.000033 735
-nan -nan -nan -1.324259 0.000066 -0.003286 -0.013308 0.000000 -0.000033 736
-nan -nan -nan -1.324259 0.000066 -0.003286 -0.013308 0.000000 -0.000033 737
-nan -nan -nan -1.324259 0.000066 -0.003286 -0.013308 0.000000 -0.000033 738
-nan -nan -nan -1.324259 0.000066 -0.003286 -0.013308 0.000000 -0.000033 739
-nan -nan -nan -1.324259 0.000066 -0.003286 -0.013308 0.000000 -0.000033 740
-nan -nan -nan -1.324259 0.000066 -0.003286 -0.013308 0.000000 -0.000033 741
-nan -nan -nan -1.324259 0.000066 -0.003286 -0.013308 0.000000 -0.000033 742
-nan -nan -nan -1.324259 0.000066 -0.003286 -0.013308 0.000000 -0.000033 743
-nan -nan -nan -1.324259 0.000066 -0.003286 -0.013308 0.000000 -0.000033 744
-nan -nan -nan -1.324259 0.000066 -0.003286 -0.013308 0.000000 -0.000033 745
-nan -nan -nan -1.324259 0.000066 -0.003286 -0.013308 0.000000 -0.000033 746
-nan -nan -nan -1.324259 0.000066 -0.003286 -0.013308 0.000000 -0.000033 747
-nan -nan -nan -1.324259 0.000066 -0.003286 -0.013308 0.000000 -0.000033 748
-nan -nan -nan -1.324259 0.000066 -0.003286 -0.013308 0.000000 -0.000033 749
-nan -nan -nan -1.324259 0.000066 -0.003286 -0.013308 0.000000 -0.000033 750
-nan -nan -nan -1.324259 0.000066 -0.003286 -0.013308 0.000000 -0.000033 751
-nan -nan -nan -1.324259 0.000066 -0.003286 -0.013308 0.000000 -0.000033 752
-nan -nan -nan -1.324259 0.000066 -0.003286 -0.013308 0.000000 -0.000033 753
-nan -nan -nan -1.324259 0.000066 -0.003286 -0.013308 0.000000 -0.000033 754
-nan -nan -nan -1.324259 0.000066 -0.003286 -0.013308 0.000000 -0.000033 755
-nan -nan -nan -1.324259 0.000066 -0.003286 -0.013308 0.000000 -0.000033 756
-nan -nan -nan -1.324259 0.000066 -0.003286 -0.013308 0.000000 -0.000033 757
-nan -nan -nan -1.324259 0.000066 -0.003286 -0.013308 0.000000 -0.000033 758
-nan -nan -nan -1.324259 0.000066 -0.003286 -0.013308 0.000000 -0.000033 759
-nan -nan -nan -1.324259 0.000066 -0.003286 -0.013308 0.000000 -0.000033 760
-nan -nan -nan -1.324259 0.000066 -0.003286 -0.013308 0.000000 -0.000033 761
-nan -nan -nan -1.324259 0.000066 -0.003286 -0.013308 0.000000 -0.000033 762
-nan -nan -nan -1.324259 0.000066 -0.003286 -0.013308 0.000000 -0.000033 763
-nan -nan -nan -1.324259 0.000066 -0.003286 -0.013308 0.000000 -0.000033 764
-nan -nan -nan -1.324259 0.000066 -0.003286 -0.013308 0.000000 -0.000033 765
-nan -nan -nan -1.324259 0.000066 -0.003286 -0.013308 0.000000 -0.000033 766
-nan -nan -nan -1.324259 0.000066 -0.003286 -0.013308 0.000000 -0.000033 767
-nan -nan -nan -1.324259 0.000066 -0.003286 -0.013308 0.000000 -0.000033 768
-nan -nan -nan -1.324259 0.000066 -0.003286 -0.013308 0.000000 -0.000033 769
-nan -nan -nan -1.324259 0.000066 -0.003286 -0.013308 0.000000 -0.000033 770
-nan -nan -nan -1.324259 0.000066 -0.003286 -0.013308 0.000000 -0.000033 771
-nan -nan -nan -1.324259 0.000066 -0.003286 -0.013308 0.000000 -0.000033 772
-nan -nan -nan -1.324259 0.000066 -0.003286 -0.013308 0.000000 -0.000033 773
-nan -nan -nan -1.324259 0.000066 -0.003286 -0.013308 0.000000 -0.000033 774
-nan -nan -nan -1.324259 0.000066 -0.003286 -0.013308 0.000000 -0.000033 775
-nan -nan -nan -1.324259 0.000066 -0.003286 -0.013308 0.000000 -0.000033 776
-nan -nan -nan -1.324259 0.000066 -0.003286 -0.013308 0.000000 -0.000033 777
-nan -nan -nan -1.324259 0.000066 -0.003286 -0.013308 0.000000 -0.000033 778
-nan -nan -nan -1.324259 0.000066 -0.003286 -0.013308 0.000000 -0.000033 779
-nan -nan -nan -1.324259 0.000066 -0.003286 -0.013308 0.000000 -0.000033 780
-nan -nan -nan -1.324259 0.000066 -0.003286 -0.013308 0.000000 -0.000033 781
-nan -nan -nan -1.324259 0.000066 -0.003286 -0.013308 0.000000 -0.000033 782
-nan -nan -nan -1.324259 0.000066 -0.003286 -0.013308 0.000000 -0.000033 783
-nan -nan -nan -1.324259 0.000066 -0.003286 -0.013308 0.000000 -0.000033 784
-nan -nan -nan -1.324259 0.000066 -0.003286 -0.013308 0.000000 -0.000033 785
-nan -nan -nan -1.324259 0.000066 -0.003286 -0.013308 0.000000 -0.000033 786
-nan -nan -nan -1.324259 0.000066 -0.003286 -0.013308 0.000000 -0.000033 787
-nan -nan -nan -1.324259 0.000066 -0.003286 -0.013308 0.000000 -0.000033 788
-nan -nan -nan -1.324259 0.000066 -0.003286 -0.013308 0.000000 -0.000033 789
-nan -nan -nan -1.324259 0.000066 -0.003286 -0.013308 0.000000 -0.000033 790
-nan -nan -nan -1.324259 0.000066 -0.003286 -0.013308 0.000000 -0.000033 791
-nan -nan -nan -1.324259 0.000066 -0.003286 -0.013308 0.000000 -0.000033 792
-nan -nan -nan -1.324259 0.000066 -0.003286 -0.013308 0.000000 -0.000033 793
-nan -nan -nan -1.324259 0.000066 -0.003286 -0.013308 0.000000 -0.000033 794
-nan -nan -nan -1.324259 0.000066 -0.003286 -0.013308 0.000000 -0.000033 795
-nan -nan -nan -1.324259 0.000066 -0.003286 -0.013308 0.000000 -0.000033 796
-nan -nan -nan -1.324259 0.000066 -0.003286 -0.013308 0.000000 -0.000033 797
-nan -nan -nan -1.324259 0.000066 -0.003286 -0.013308 0.000000 -0.000033 798
-nan -nan -nan -1.324259 0.000066 -0.003286 -0.013308 0.000000 -0.000033 799
-nan -nan -nan -1.324259 0.000066 -0.003286 -0.013308 0.000000 -0.000033 800
-nan -nan -nan -1.324259 0.000066 -0.003286 -0.013308 0.000000 -0.000033 801
-nan -nan -nan -1.324259 0.000066 -0.003286 -0.013308 0.000000 -0.000033 802
-nan -nan -nan -1.324259 0.000066 -0.003286 -0.013308 0.000000 -0.000033 803
-nan -nan -nan -1.324259 0.000066 -0.003286 -0.013308 0.000000 -0.000033 804
-nan -nan -nan -1.324259 0.000066 -0.003286 -0.013308 0.000000 -0.000033 805
-nan -nan -nan -1.324259 0.000066 -0.003286 -0.013308 0.000000 -0.000033 806
-nan -nan -nan -1.324259 0.000066 -0.003286 -0.013308 0.000000 -0.000033 807
-nan -nan -nan -1.324259 0.000066 -0.003286 -0.013308 0.000000 -0.000033 808
-nan -nan -nan -1.324259 0.000066 -0.003286 -0.013308 0.000000 -0.000033 809
-nan -nan -nan -1.324259 0.000066 -0.003286 -0.013308 0.000000 -0.000033 810
-nan -nan -nan -1.324259 0.000066 -0.003286 -0.013308 0.000000 -0.000033 811
-nan -nan -nan -1.324259 0.000066 -0.003286 -0.013308 0.000000 -0.000033 812
-nan -nan -nan -1.324259 0.000066 -0.003286 -0.013308 0.000000 -0.000033 813
-nan -nan -nan -1.324259 0.000066 -0.003286 -0.013308 0.000000 -0.000033 814
-nan -nan -nan -1.324259 0.000066 -0.003286 -0.013308 0.000000 -0.000033 815
-nan -nan -nan -1.324259 0.000066 -0.003286 -0.013308 0.000000 -0.000033 816
-nan -nan -nan -1.324259 0.000066 -0.003286 -0.013308 0.000000 -0.000033 817
-nan -nan -nan -1.324259 0.000066 -0.003286 -0.013308 0.000000 -0.000033 818
-nan -nan -nan -1.324259 0.000066 -0.003286 -0.013308 0.000000 -0.000033 819
-nan -nan -nan -1.324259 0.000066 -0.003286 -0.013308 0.000000 -0.000033 820
-nan -nan -nan -1.324259 0.000066 -0.003286 -0.013308 0.000000 -0.000033 821
-nan -nan -nan -1.324259 0.000066 -0.003286 -0.013308 0.000000 -0.000033 822
-nan -nan -nan -1.324259 0.000066 -0.003286 -0.013308 0.000000 -0.000033 823
-nan -nan -nan -1.324259 0.000066 -0.003286 -0.013308 0.000000 -0.000033 824
-nan -nan -nan -1.324259 0.000066 -0.003286 -0.013308 0.000000 -0.000033 825
-nan -nan -nan -1.324259 0.000066 -0.003286 -0.013308 0.000000 -0.000033 826
-nan -nan -nan -1.324259 0.000066 -0.003286 -0.013308 0.000000 -0.000033 827
-nan -nan -nan -1.324259 0.000066 -0.003286 -0.013308 0.000000 -0.000033 828
-nan -nan -nan -1.324259 0.000066 -0.003286 -0.013308 0.000000 -0.000033 829
-nan -nan -nan -1.324259 0.000066 -0.003286 -0.013308 0.000000 -0.000033 830
-nan -nan -nan -1.324259 0.000066 -0.003286 -0.013308 0.000000 -0.000033 831
-nan -nan -nan -1.324259 0.000066 -0.003286 -0.013308 0.000000 -0.000033 832
-nan -nan -nan -1.324259 0.000066 -0.003286 -0.013308 0.000000 -0.000033 833
-nan -nan -nan -1.324259 0.000066 -0.003286 -0.013308 0.000000 -0.000033 834
-nan -nan -nan -1.324259 0.000066 -0.003286 -0.013308 0.000000 -0.000033 835
-nan -nan -nan -1.324259 0.000066 -0.003286 -0.013308 0.000000 -0.000033 836
-nan -nan -nan -1.324259 0.000066 -0.003286 -0.013308 0.000000 -0.000033 837
-nan -nan -nan -1.324259 0.000066 -0.003286 -0.013308 0.000000 -0.000033 838
-nan -nan -nan -1.324259 0.000066 -0.003286 -0.013308 0.000000 -0.000033 839
-nan -nan -nan -1.324259 0.000066 -0.003286 -0.013308 0.000000 -0.000033 840
-nan -nan -nan -1.324259 0.000066 -0.003286 -0.013308 0.000000 -0.000033 841
-nan -nan -nan -1.324259 0.000066 -0.003286 -0.013308 0.000000 -0.000033 842
-nan -nan -nan -1.324259 0.000066 -0.003286 -0.013308 0.000000 -0.000033 843
-nan -nan -nan -1.324259 0.000066 -0.003286 -0.013308 0.000000 -0.000033 844
-nan -nan -nan -1.324259 0.000066 -0.003286 -0.013308 0.000000 -0.000033 845
-nan -nan -nan -1.324259 0.000066 -0.003286 -0.013308 0.000000 -0.000033 846
-nan -nan -nan -1.324259 0.000066 -0.003286 -0.013308 0.000000 -0.000033 847
-nan -nan -nan -1.324259 0.000066 -0.003286 -0.013308 0.000000 -0.000033 848
-nan -nan -nan -1.324259 0.000066 -0.003286 -0.013308 0.000000 -0.000033 849
-nan -nan -nan -1.324259 0.000066 -0.003286 -0.013308 0.000000 -0.000033 850
-nan -nan -nan -1.324259 0.000066 -0.003286 -0.013308 0.000000 -0.000033 851
-nan -nan -nan -1.324259 0.000066 -0.003286 -0.013308 0.000000 -0.000033 852
-nan -nan -nan -1.324259 0.000066 -0.003286 -0.013308 0.000000 -0.000033 853
-nan -nan -nan -1.324259 0.000066 -0.003286 -0.013308 0.000000 -0.000033 854
-nan -nan -nan -1.324259 0.000066 -0.003286 -0.013308 0.000000 -0.000033 855
-nan -nan -nan -1.324259 0.000066 -0.003286 -0.013308 0.000000 -0.000033 856
-nan -nan -nan -1.324259 0.000066 -0.003286 -0.013308 0.000000 -0.000033 857
-nan -nan -nan -1.324259 0.000066 -0.003286 -0.013308 0.000000 -0.000033 858
-nan -nan -nan -1.324259 0.000066 -0.003286 -0.013308 0.000000 -0.000033 859
-nan -nan -nan -1.324259 0.000066 -0.003286 -0.013308 0.000000 -0.000033 860
-nan -nan -nan -1.324259 0.000066 -0.003286 -0.013308 0.000000 -0.000033 861
-nan -nan -nan -1.324259 0.000066 -0.003286 -0.013308 0.000000 -0.000033 862
-nan -nan -nan -1.324259 0.000066 -0.003286 -0.013308 0.000000 -0.000033 863
-nan -nan -nan -1.324259 0.000066 -0.003286 -0.013308 0.000000 -0.000033 864
-nan -nan -nan -1.324259 0.000066 -0.003286 -0.013308 0.000000 -0.000033 865
-nan -nan -nan -1.324259 0.000066 -0.003286 -0.013308 0.000000 -0.000033 866
-nan -nan -nan -1.324259 0.000066 -0.003286 -0.013308 0.000000 -0.000033 867
-nan -nan -nan -1.324259 0.000066 -0.003286 -0.013308 0.000000 -0.000033 868
-nan -nan -nan -1.324259 0.000066 -0.003286 -0.013308 0.000000 -0.000033 869
-nan -nan -nan -1.324259 0.000066 -0.003286 -0.013308 0.000000 -0.000033 870
-nan -nan -nan -1.324259 0.000066 -0.003286 -0.013308 0.000000 -0.000033 871
-nan -nan -nan -1.324259 0.000066 -0.003286 -0.013308 0.000000 -0.000033 872
-nan -nan -nan -1.324259 0.000066 -0.003286 -0.013308 0.000000 -0.000033 873
-nan -nan -nan -1.324259 0.000066 -0.003286 -0.013308 0.000000 -0.000033 874
-nan -nan -nan -1.324259 0.000066 -0.003286 -0.013308 0.000000 -0.000033 875
-nan -nan -nan -1.324259 0.000066 -0.003286 -0.013308 0.000000 -0.000033 876
-nan -nan -nan -1.324259 0.000066 -0.003286 -0.013308 0.000000 -0.000033 877
-nan -nan -nan -1.324259 0.000066 -0.003286 -0.013308 0.000000 -0.000033 878
-nan -nan -nan -1.324259 0.000066 -0.003286 -0.013308 0.000000 -0.000033 879
-nan -nan -nan -1.324259 0.000066 -0.003286 -0.013308 0.000000 -0.000033 880
-nan -nan -nan -1.324259 0.000066 -0.003286 -0.013308 0.000000 -0.000033 881
-nan -nan -nan -1.324259 0.000066 -0.003286 -0.013308 0.000000 -0.000033 882
-nan -nan -nan -1.324259 0.000066 -0.003286 -0.013308 0.000000 -0.000033 883
-nan -nan -nan -1.324259 0.000066 -0.003286 -0.013308 0.000000 -0.000033 884
-nan -nan -nan -1.324259 0.000066 -0.003286 -0.013308 0.000000 -0.000033 885
-nan -nan -nan -1.324259 0.000066 -0.003286 -0.013308 0.000000 -0.000033 886
-nan -nan -nan -1.324259 0.000066 -0.003286 -0.013308 0.000000 -0.000033 887
-nan -nan -nan -1.324259 0.000066 -0.003286 -0.013308 0.000000 -0.000033 888
-nan -nan -nan -1.324259 0.000066 -0.003286 -0.013308 0.000000 -0.000033 889
-nan -nan -nan -1.324259 0.000066 -0.003286 -0.013308 0.000000 -0.000033 890
-nan -nan -nan -1.324259 0.000066 -0.003286 -0.013308 0.000000 -0.000033 891
-nan -nan -nan -1.324259 0.000066 -0.003286 -0.013308 0.000000 -0.000033 892
-nan -nan -nan -1.324259 0.000066 -0.003286 -0.013308 0.000000 -0.000033 893
-nan -nan -nan -1.324259 0.000066 -0.003286 -0.013308 0.000000 -0.000033 894
-nan -nan -nan -1.324259 0.000066 -0.003286 -0.013308 0.000000 -0.000033 895
-nan -nan -nan -1.324259 0.000066 -0.003286 -0.013308 0.000000 -0.000033 896
-nan -nan -nan -1.324259 0.000066 -0.003286 -0.013308 0.000000 -0.000033 897
-nan -nan -nan -1.324259 0.000066 -0.003286 -0.013308 0.000000 -0.000033 898
-nan -nan -nan -1.324259 0.000066 -0.003286 -0.013308 0.000000 -0.000033 899
-nan -nan -nan -1.324259 0.000066 -0.003286 -0.013308 0.000000 -0.000033 900
-nan -nan -nan -1.324259 0.000066 -0.003286 -0.013308 0.000000 -0.000033 901
-nan -nan -nan -1.324259 0.000066 -0.003286 -0.013308 0.000000 -0.000033 902
-nan -nan -nan -1.324259 0.000066 -0.003286 -0.013308 0.000000 -0.000033 903
-nan -nan -nan -1.324259 0.000066 -0.003286 -0.013308 0.000000 -0.000033 904
-nan -nan -nan -1.324259 0.000066 -0.003286 -0.013308 0.000000 -0.000033 905
-nan -nan -nan -1.324259 0.000066 -0.003286 -0.013308 0.000000 -0.000033 906
-nan -nan -nan -1.324259 0.000066 -0.003286 -0.013308 0.000000 -0.000033 907
-nan -nan -nan -1.324259 0.000066 -0.003286 -0.013308 0.000000 -0.000033 908
-nan -nan -nan -1.324259 0.000066 -0.003286 -0.013308 0.000000 -0.000033 909
-nan -nan -nan -1.324259 0.000066 -0.003286 -0.013308 0.000000 -0.000033 910
-nan -nan -nan -1.324259 0.000066 -0.003286 -0.013308 0.000000 -0.000033 911
-nan -nan -nan -1.324259 0.000066 -0.003286 -0.013308 0.000000 -0.000033 912
-nan -nan -nan -1.324259 0.000066 -0.003286 -0.013308 0.000000 -0.000033 913
-nan -nan -nan -1.324259 0.000066 -0.003286 -0.013308 0.000000 -0.000033 914
-nan -nan -nan -1.324259 0.000066 -0.003286 -0.013308 0.000000 -0.000033 915
-nan -nan -nan -1.324259 0.000066 -0.003286 -0.013308 0.000000 -0.000033 916
-nan -nan -nan -1.324259 0.000066 -0.003286 -0.013308 0.000000 -0.000033 917
-nan -nan -nan -1.324259 0.000066 -0.003286 -0.013308 0.000000 -0.000033 918
-nan -nan -nan -1.324259 0.000066 -0.003286 -0.013308 0.000000 -0.000033 919
-nan -nan -nan -1.324259 0.000066 -0.003286 -0.013308 0.000000 -0.000033 920
-nan -nan -nan -1.324259 0.000066 -0.003286 -0.013308 0.000000 -0.000033 921
-nan -nan -nan -1.324259 0.000066 -0.003286 -0.013308 0.000000 -0.000033 922
-nan -nan -nan -1.324259 0.000066 -0.003286 -0.013308 0.000000 -0.000033 923
-nan -nan -nan -1.324259 0.000066 -0.003286 -0.013308 0.000000 -0.000033 924
-nan -nan -nan -1.324259 0.000066 -0.003286 -0.013308 0.000000 -0.000033 925
-nan -nan -nan -1.324259 0.000066 -0.003286 -0.013308 0.000000 -0.000033 926
-nan -nan -nan -1.324259 0.000066 -0.003286 -0.013308 0.000000 -0.000033 927
-nan -nan -nan -1.324259 0.000066 -0.003286 -0.013308 0.000000 -0.000033 928
-nan -nan -nan -1.324259 0.000066 -0.003286 -0.013308 0.000000 -0.000033 929
-nan -nan -nan -1.324259 0.000066 -0.003286 -0.013308 0.000000 -0.000033 930
-nan -nan -nan -1.324259 0.000066 -0.003286 -0.013308 0.000000 -0.000033 931
-nan -nan -nan -1.324259 0.000066 -0.003286 -0.013308 0.000000 -0.000033 932
-nan -nan -nan -1.324259 0.000066 -0.003286 -0.013308 0.000000 -0.000033 933
-nan -nan -nan -1.324259 0.000066 -0.003286 -0.013308 0.000000 -0.000033 934
-nan -nan -nan -1.324259 0.000066 -0.003286 -0.013308 0.000000 -0.000033 935
-nan -nan -nan -1.324259 0.000066 -0.003286 -0.013308 0.000000 -0.000033 936
-nan -nan -nan -1.324259 0.000066 -0.003286 -0.013308 0.000000 -0.000033 937
-nan -nan -nan -1.324259 0.000066 -0.003286 -0.013308 0.000000 -0.000033 938
-nan -nan -nan -1.324259 0.000066 -0.003286 -0.013308 0.000000 -0.000033 939
-nan -nan -nan -1.324259 0.000066 -0.003286 -0.013308 0.000000 -0.000033 940
-nan -nan -nan -1.324259 0.000066 -0.003286 -0.013308 0.000000 -0.000033 941
-nan -nan -nan -1.324259 0.000066 -0.003286 -0.013308 0.000000 -0.000033 942
-nan -nan -nan -1.324259 0.000066 -0.003286 -0.013308 0.000000 -0.000033 943
-nan -nan -nan -1.324259 0.000066 -0.003286 -0.013308 0.000000 -0.000033 944
-nan -nan -nan -1.324259 0.000066 -0.003286 -0.013308 0.000000 -0.000033 945
-nan -nan -nan -1.324259 0.000066 -0.003286 -0.013308 0.000000 -0.000033 946
-nan -nan -nan -1.324259 0.000066 -0.003286 -0.013308 0.000000 -0.000033 947
-nan -nan -nan -1.324259 0.000066 -0.003286 -0.013308 0.000000 -0.000033 948
-nan -nan -nan -1.324259 0.000066 -0.003286 -0.013308 0.000000 -0.000033 949
-nan -nan -nan -1.324259 0.000066 -0.003286 -0.013308 0.000000 -0.000033 950
-nan -nan -nan -1.324259 0.000066 -0.003286 -0.013308 0.000000 -0.000033 951
-nan -nan -nan -1.324259 0.000066 -0.003286 -0.013308 0.000000 -0.000033 952
-nan -nan -nan -1.324259 0.000066 -0.003286 -0.013308 0.000000 -0.000033 953
-nan -nan -nan -1.324259 0.000066 -0.003286 -0.013308 0.000000 -0.000033 954
-nan -nan -nan -1.324259 0.000066 -0.003286 -0.013308 0.000000 -0.000033 955
-nan -nan -nan -1.324259 0.000066 -0.003286 -0.013308 0.000000 -0.000033 956
-nan -nan -nan -1.324259 0.000066 -0.003286 -0.013308 0.000000 -0.000033 957
-nan -nan -nan -1.324259 0.000066 -0.003286 -0.013308 0.000000 -0.000033 958
-nan -nan -nan -1.324259 0.000066 -0.003286 -0.013308 0.000000 -0.000033 959
-nan -nan -nan -1.324259 0.000066 -0.003286 -0.013308 0.000000 -0.000033 960
-nan -nan -nan -1.324259 0.000066 -0.003286 -0.013308 0.000000 -0.000033 961
-nan -nan -nan -1.324259 0.000066 -0.003286 -0.013308 0.000000 -0.000033 962
-nan -nan -nan -1.324259 0.000066 -0.003286 -0.013308 0.000000 -0.000033 963
-nan -nan -nan -1.324259 0.000066 -0.003286 -0.013308 0.000000 -0.000033 964
-nan -nan -nan -1.324259 0.000066 -0.003286 -0.013308 0.000000 -0.000033 965
-nan -nan -nan -1.324259 0.000066 -0.003286 -0.013308 0.000000 -0.000033 966
-nan -nan -nan -1.324259 0.000066 -0.003286 -0.013308 0.000000 -0.000033 967
-nan -nan -nan -1.324259 0.000066 -0.003286 -0.013308 0.000000 -0.000033 968
-nan -nan -nan -1.324259 0.000066 -0.003286 -0.013308 0.000000 -0.000033 969
-nan -nan -nan -1.324259 0.000066 -0.003286 -0.013308 0.000000 -0.000033 970
-nan -nan -nan -1.324259 0.000066 -0.003286 -0.013308 0.000000 -0.000033 971
-nan -nan -nan -1.324259 0.000066 -0.003286 -0.013308 0.000000 -0.000033 972
-nan -nan -nan -1.324259 0.000066 -0.003286 -0.013308 0.000000 -0.000033 973
-nan -nan -nan -1.324259 0.000066 -0.003286 -0.013308 0.000000 -0.000033 974
-nan -nan -nan -1.324259 0.000066 -0.003286 -0.013308 0.000000 -0.000033 975
-nan -nan -nan -1.324259 0.000066 -0.003286 -0.013308 0.000000 -0.000033 976
-nan -nan -nan -1.324259 0.000066 -0.003286 -0.013308 0.000000 -0.000033 977
-nan -nan -nan -1.324259 0.000066 -0.003286 -0.013308 0.000000 -0.000033 978
-nan -nan -nan -1.324259 0.000066 -0.003286 -0.013308 0.000000 -0.000033 979
-nan -nan -nan -1.324259 0.000066 -0.003286 -0.013308 0.000000 -0.000033 980
-nan -nan -nan -1.324259 0.000066 -0.003286 -0.013308 0.000000 -0.000033 981
-nan -nan -nan -1.324259 0.000066 -0.003286 -0.013308 0.000000 -0.000033 982
-nan -nan -nan -1.324259 0.000066 -0.003286 -0.013308 0.000000 -0.000033 983
-nan -nan -nan -1.324259 0.000066 -0.003286 -0.013308 0.000000 -0.000033 984
-nan -nan -nan -1.324259 0.000066 -0.003286 -0.013308 0.000000 -0.000033 985
-nan -nan -nan -1.324259 0.000066 -0.003286 -0.013308 0.000000 -0.000033 986
-nan -nan -nan -1.324259 0.000066 -0.003286 -0.013308 0.000000 -0.000033 987
-nan -nan -nan -1.324259 0.000066 -0.003286 -0.013308 0.000000 -0.000033 988
-nan -nan -nan -1.324259 0.000066 -0.003286 -0.013308 0.000000 -0.000033 989
-nan -nan -nan -1.324259 0.000066 -0.003286 -0.013308 0.000000 -0.000033 990
-nan -nan -nan -1.324259 0.000066 -0.003286 -0.013308 0.000000 -0.000033 991
-nan -nan -nan -1.324259 0.000066 -0.003286 -0.013308 0.000000 -0.000033 992
-nan -nan -nan -1.324259 0.000066 -0.003286 -0.013308 0.000000 -0.000033 993
-nan -nan -nan -1.324259 0.000066 -0.003286 -0.013308 0.000000 -0.000033 994
-nan -nan -nan -1.324259 0.000066 -0.003286 -0.013308 0.000000 -0.000033 995
-nan -nan -nan -1.324259 0.000066 -0.003286 -0.013308 0.000000 -0.000033 996
-nan -nan -nan -1.324259 0.000066 -0.003286 -0.013308 0.000000 -0.000033 997
-nan -nan -nan -1.324259 0.000066 -0.003286 -0.013308 0.000000 -0.000033 998
-nan -nan -nan -1.324259 0.000066 -0.003286 -0.013308 0.000000 -0.000033 999
-nan -nan -nan -1.324259 0.000066 -0.003286 -0.013308 0.000000 -0.000033 1000
