0.000000 0.000000 0.098833 0.000000 0.000000 0.000000 0.000000 0.000000 0.000000 0
-0.000000 0.000000 0.197618 0.000000 0.000000 0.000000 0.000000 0.000000 0.000000 1
-0.000000 0.000000 0.296353 0.000000 0.000000 0.000000 0.000000 0.000000 0.000000 2
-0.000000 0.000000 0.395041 0.000000 0.000000 0.000000 0.000000 0.000000 0.000000 3
-0.000000 0.000000 0.493679 0.000000 0.000000 0.000000 0.000000 0.000000 0.000000 4
-0.000000 0.000000 0.592270 0.000000 0.000000 0.000000 0.000000 0.000000 0.000000 5
-0.000000 0.000000 0.690812 0.000000 0.000000 0.000000 0.000000 0.000000 0.000000 6
-0.000000 0.000000 0.789305 0.000000 0.000000 0.000000 0.000000 0.000000 0.000000 7
-0.000000 0.000000 0.887751 0.000000 0.000000 0.000000 0.000000 0.000000 0.000000 8
-0.000000 0.000000 0.986148 0.000000 0.000000 0.000000 0.000000 0.000000 0.000000 9
-0.000000 0.000000 1.084497 0.000000 0.000000 0.000000 0.000000 0.000000 0.000000 10
-0.000000 0.000000 1.182797 0.000000 0.000000 0.000000 0.000000 0.000000 0.000000 11
-0.000000 0.000000 1.281050 0.000000 0.000000 0.000000 0.000000 0.000000 0.000000 12
-0.000000 0.000000 1.379255 0.000000 0.000000 0.000000 0.000000 0.000000 0.000000 13
-0.000000 0.000000 1.477412 0.000000 0.000000 0.000000 0.000000 0.000000 0.000000 14
-0.000000 0.000000 1.575521 0.000000 0.000000 0.000000 0.000000 0.000000 0.000000 15
-0.000000 0.000000 1.673582 0.000000 0.000000 0.000000 0.000000 0.000000 0.000000 16
-0.000000 0.000000 1.771595 0.000000 0.000000 0.000000 0.000000 0.000000 0.000000 17
-0.000000 0.000000 1.869560 0.000000 0.000000 0.000000 0.000000 0.000000 0.000000 18
-0.000000 0.000000 1.967478 0.000000 0.000000 0.000000 0.000000 0.000000 0.000000 19
-0.000000 0.000000 2.065349 0.000000 0.000000 0.000000 0.000000 0.000000 0.000000 20
-0.000000 0.000000 2.163171 0.000000 0.000000 0.000000 0.000000 0.000000 0.000000 21
-0.000000 0.000000 2.260946 0.000000 0.000000 0.000000 0.000000 0.000000 0.000000 22
-0.000000 0.000000 2.358674 0.000000 0.000000 0.000000 0.000000 0.000000 0.000000 23
-0.000000 0.000000 2.456354 0.000000 0.000000 0.000000 0.000000 0.000000 0.000000 24
-0.000000 0.000000 2.553987 0.000000 0.000000 0.000000 0.000000 0.000000 0.000000 25
-0.000000 0.000000 2.651573 0.000000 0.000000 0.000000 0.000000 0.000000 0.000000 26
-0.000000 0.000000 2.749111 0.000000 0.000000 0.000000 0.000000 0.000000 0.000000 27
-0.000000 0.000000 2.846603 0.000000 0.000000 0.000000 0.000000 0.000000 0.000000 28
-0.000000 0.000000 2.944047 0.000000 0.000000 0.000000 0.000000 0.000000 0.000000 29
-0.000000 0.000000 3.041444 0.000000 0.000000 0.000000 0.000000 0.000000 0.000000 30
-0.000000 0.000000 3.138793 0.000000 0.000000 0.000000 0.000000 0.000000 0.000000 31
-0.000000 0.000000 3.236096 0.000000 0.000000 0.000000 0.000000 0.000000 0.000000 32
-0.000000 0.000000 3.333352 0.000000 0.000000 0.000000 0.000000 0.000000 0.000000 33
-0.000000 0.000000 3.430562 0.000000 0.000000 0.000000 0.000000 0.000000 0.000000 34
-0.000000 0.000000 3.527724 0.000000 0.000000 0.000000 0.000000 0.000000 0.000000 35
-0.000000 0.000000 3.624839 0.000000 0.000000 0.000000 0.000000 0.000000 0.000000 36
-0.000000 0.000000 3.721908 0.000000 0.000000 0.000000 0.000000 0.000000 0.000000 37
-0.000000 0.000000 3.818930 0.000000 0.000000 0.000000 0.000000 0.000000 0.000000 38
-0.000000 0.000000 3.915906 0.000000 0.000000 0.000000 0.000000 0.000000 0.000000 39
-0.000000 0.000000 4.012835 0.000000 0.000000 0.000000 0.000000 0.000000 0.000000 40
-0.000000 0.000000 4.109717 0.000000 0.000000 0.000000 0.000000 0.000000 0.000000 41
-0.000000 0.000000 4.206553 0.000000 0.000000 0.000000 0.000000 0.000000 0.000000 42
-0.000000 0.000000 4.303343 0.000000 0.000000 0.000000 0.000000 0.000000 0.000000 43
-0.000000 0.000000 4.400086 0.000000 0.000000 0.000000 0.000000 0.000000 0.000000 44
-0.000000 0.000000 4.496783 0.000000 0.000000 0.000000 0.000000 0.000000 0.000000 45
-0.000000 0.000000 4.593434 0.000000 0.000000 0.000000 0.000000 0.000000 0.000000 46
-0.000000 0.000000 4.690038 0.000000 0.000000 0.000000 0.000000 0.000000 0.000000 47
-0.000000 0.000000 4.786597 0.000000 0.000000 0.000000 0.000000 0.000000 0.000000 48
-0.000000 0.000000 4.883109 0.000000 0.000000 0.000000 0.000000 0.000000 0.000000 49
-0.000000 0.000000 4.979575 0.000000 0.000000 0.000000 0.000000 0.000000 0.000000 50
-0.000000 0.000000 5.075996 0.000000 0.000000 0.000000 0.000000 0.000000 0.000000 51
-0.000000 0.000000 5.172370 0.000000 0.000000 0.000000 0.000000 0.000000 0.000000 52
-0.000000 0.000000 5.268698 0.000000 0.000000 0.000000 0.000000 0.000000 0.000000 53
-0.000000 0.000000 5.364981 0.000000 0.000000 0.000000 0.000000 0.000000 0.000000 54
-0.000000 0.000000 5.461218 0.000000 0.000000 0.000000 0.000000 0.000000 0.000000 55
-0.000000 0.000000 5.557409 0.000000 0.000000 0.000000 0.000000 0.000000 0.000000 56
-0.000000 0.000000 5.653554 0.000000 0.000000 0.000000 0.000000 0.000000 0.000000 57
-0.000000 0.000000 5.749654 0.000000 0.000000 0.000000 0.000000 0.000000 0.000000 58
-0.000000 0.000000 5.845708 0.000000 0.000000 0.000000 0.000000 0.000000 0.000000 59
-0.000000 0.000000 5.941716 0.000000 0.000000 0.000000 0.000000 0.000000 0.000000 60
-0.000000 0.000000 6.037679 0.000000 0.000000 0.000000 0.000000 0.000000 0.000000 61
-0.000000 0.000000 6.133597 0.000000 0.000000 0.000000 0.000000 0.000000 0.000000 62
-0.000000 0.000000 6.229469 0.000000 0.000000 0.000000 0.000000 0.000000 0.000000 63
-0.000000 0.000000 6.325296 0.000000 0.000000 0.000000 0.000000 0.000000 0.000000 64
-0.000000 0.000000 6.421078 0.000000 0.000000 0.000000 0.000000 0.000000 0.000000 65
-0.000000 0.000000 6.516814 0.000000 0.000000 0.000000 0.000000 0.000000 0.000000 66
-0.000000 0.000000 6.612506 0.000000 0.000000 0.000000 0.000000 0.000000 0.000000 67
-0.000000 0.000000 6.708152 0.000000 0.000000 0.000000 0.000000 0.000000 0.000000 68
-0.000000 0.000000 6.803753 0.000000 0.000000 0.000000 0.000000 0.000000 0.000000 69
-0.000000 0.000000 6.899309 0.000000 0.000000 0.000000 0.000000 0.000000 0.000000 70
-0.000000 0.000000 6.994820 0.000000 0.000000 0.000000 0.000000 0.000000 0.000000 71
-0.000000 0.000000 7.090286 0.000000 0.000000 0.000000 0.000000 0.000000 0.000000 72
-0.000000 0.000000 7.185707 0.000000 0.000000 0.000000 0.000000 0.000000 0.000000 73
-0.000000 0.000000 7.281083 0.000000 0.000000 0.000000 0.000000 0.000000 0.000000 74
-0.000000 0.000000 7.376415 0.000000 0.000000 0.000000 0.000000 0.000000 0.000000 75
-0.000000 0.000000 7.471702 0.000000 0.000000 0.000000 0.000000 0.000000 0.000000 76
-0.000000 0.000000 7.566944 0.000000 0.000000 0.000000 0.000000 0.000000 0.000000 77
-0.000000 0.000000 7.662141 0.000000 0.000000 0.000000 0.000000 0.000000 0.000000 78
-0.000000 0.000000 7.757294 0.000000 0.000000 0.000000 0.000000 0.000000 0.000000 79
-0.000000 0.000000 7.852403 0.000000 0.000000 0.000000 0.000000 0.000000 0.000000 80
-0.000000 0.000000 7.947466 0.000000 0.000000 0.000000 0.000000 0.000000 0.000000 81
-0.000000 0.000000 8.042486 0.000000 0.000000 0.000000 0.000000 0.000000 0.000000 82
-0.000000 0.000000 8.137461 0.000000 0.000000 0.000000 0.000000 0.000000 0.000000 83
-0.000000 0.000000 8.232391 0.000000 0.000000 0.000000 0.000000 0.000000 0.000000 84
-0.000000 0.000000 8.327278 0.000000 0.000000 0.000000 0.000000 0.000000 0.000000 85
-0.000000 0.000000 8.422120 0.000000 0.000000 0.000000 0.000000 0.000000 0.000000 86
-0.000000 0.000000 8.516918 0.000000 0.000000 0.000000 0.000000 0.000000 0.000000 87
-0.000000 0.000000 8.611671 0.000000 0.000000 0.000000 0.000000 0.000000 0.000000 88
-0.000000 0.000000 8.706381 0.000000 0.000000 0.000000 0.000000 0.000000 0.000000 89
-0.000000 0.000000 8.801047 0.000000 0.000000 0.000000 0.000000 0.000000 0.000000 90
-0.000000 0.000000 8.895668 0.000000 0.000000 0.000000 0.000000 0.000000 0.000000 91
-0.000000 0.000000 8.990246 0.000000 0.000000 0.000000 0.000000 0.000000 0.000000 92
-0.000000 0.000000 9.084779 0.000000 0.000000 0.000000 0.000000 0.000000 0.000000 93
-0.000000 0.000000 9.179269 0.000000 0.000000 0.000000 0.000000 0.000000 0.000000 94
-0.000000 0.000000 9.273715 0.000000 0.000000 0.000000 0.000000 0.000000 0.000000 95
-0.000000 0.000000 9.368117 0.000000 0.000000 0.000000 0.000000 0.000000 0.000000 96
-0.000000 0.000000 9.462476 0.000000 0.000000 0.000000 0.000000 0.000000 0.000000 97
-0.000000 0.000000 9.556791 0.000000 0.000000 0.000000 0.000000 0.000000 0.000000 98
-0.000000 0.000000 9.651062 0.000000 0.000000 0.000000 0.000000 0.000000 0.000000 99
-0.000000 0.000000 9.745289 0.000000 0.000000 0.000000 0.000000 0.000000 0.000000 100
