0.000000 0.000000 0.000000 0.000000 0.000000 0.000000 0.000000 0.000000 0.000000 0
0.000000 0.000000 -0.000814 -0.506946 0.000000 0.000000 -0.005095 0.000000 0.000000 1
-0.000000 -0.000531 -0.001636 -0.506987 0.000000 0.000000 -0.005095 0.000000 0.000000 2
-0.000000 -0.001066 -0.002461 -0.506987 0.000000 0.000000 -0.005095 0.000000 0.000000 3
-0.000000 -0.001605 -0.003291 -0.506987 0.000000 0.000000 -0.005095 0.000000 0.000000 4
-0.000000 -0.002149 -0.004124 -0.506987 0.000000 0.000000 -0.005095 0.000000 0.000000 5
-0.000000 -0.002698 -0.004962 -0.506987 0.000000 0.000000 -0.005095 0.000000 0.000000 6
-0.000000 -0.003250 -0.005803 -0.506987 0.000000 0.000000 -0.005095 0.000000 0.000000 7
-0.000000 -0.003808 -0.006649 -0.506987 0.000000 0.000000 -0.005095 0.000000 0.000000 8
-0.000000 -0.004370 -0.007498 -0.506987 0.000000 0.000000 -0.005095 0.000000 0.000000 9
-0.000000 -0.004936 -0.008352 -0.506987 0.000000 0.000000 -0.005095 0.000000 0.000000 10
-0.000000 -0.005507 -0.009210 -0.506987 0.000000 0.000000 -0.005095 0.000000 0.000000 11
-0.000000 -0.006083 -0.010072 -0.506987 0.000000 0.000000 -0.005095 0.000000 0.000000 12
-0.000000 -0.006663 -0.010938 -0.506987 0.000000 0.000000 -0.005095 0.000000 0.000000 13
-0.000000 -0.007248 -0.011808 -0.506987 0.000000 0.000000 -0.005095 0.000000 0.000000 14
-0.000000 -0.007837 -0.012682 -0.506987 0.000000 0.000000 -0.005095 0.000000 0.000000 15
-0.000000 -0.008431 -0.013561 -0.506987 0.000000 0.000000 -0.005095 0.000000 0.000000 16
-0.000000 -0.009030 -0.014444 -0.506987 0.000000 0.000000 -0.005095 0.000000 0.000000 17
-0.000000 -0.009633 -0.015331 -0.506987 0.000000 0.000000 -0.005095 0.000000 0.000000 18
-0.000000 -0.010242 -0.016222 -0.506987 0.000000 0.000000 -0.005095 0.000000 0.000000 19
-0.000000 -0.010855 -0.017118 -0.506987 0.000000 0.000000 -0.005095 0.000000 0.000000 20
-0.000000 -0.011473 -0.018018 -0.506987 0.000000 0.000000 -0.005095 0.000000 0.000000 21
-0.000000 -0.012095 -0.018922 -0.506987 0.000000 0.000000 -0.005095 0.000000 0.000000 22
-0.000000 -0.012723 -0.019831 -0.506987 0.000000 0.000000 -0.005095 0.000000 0.000000 23
-0.000000 -0.013355 -0.020744 -0.506987 0.000000 0.000000 -0.005095 0.000000 0.000000 24
-0.000000 -0.013992 -0.021661 -0.506987 0.000000 0.000000 -0.005095 0.000000 0.000000 25
-0.000000 -0.014634 -0.022583 -0.506987 0.000000 0.000000 -0.005095 0.000000 0.000000 26
-0.000000 -0.015281 -0.023510 -0.506987 0.000000 0.000000 -0.005095 0.000000 0.000000 27
-0.000000 -0.015933 -0.024441 -0.506987 0.000000 0.000000 -0.005095 0.000000 0.000000 28
-0.000000 -0.016590 -0.025376 -0.506987 0.000000 0.000000 -0.005095 0.000000 0.000000 29
-0.000000 -0.017252 -0.026316 -0.506987 0.000000 0.000000 -0.005095 0.000000 0.000000 30
-0.000000 -0.017919 -0.027261 -0.506987 0.000000 0.000000 -0.005095 0.000000 0.000000 31
-0.000000 -0.018591 -0.028210 -0.506987 0.000000 0.000000 -0.005095 0.000000 0.000000 32
-0.000000 -0.019268 -0.029163 -0.506987 0.000000 0.000000 -0.005095 0.000000 0.000000 33
-0.000000 -0.019951 -0.030121 -0.506987 0.000000 0.000000 -0.005095 0.000000 0.000000 34
-0.000000 -0.020638 -0.031084 -0.506987 0.000000 0.000000 -0.005095 0.000000 0.000000 35
-0.000000 -0.021330 -0.032052 -0.506987 0.000000 0.000000 -0.005095 0.000000 0.000000 36
-0.000000 -0.022028 -0.033024 -0.506987 0.000000 0.000000 -0.005095 0.000000 0.000000 37
-0.000000 -0.022731 -0.034001 -0.506987 0.000000 0.000000 -0.005095 0.000000 0.000000 38
-0.000000 -0.023439 -0.034983 -0.506987 0.000000 0.000000 -0.005095 0.000000 0.000000 39
-0.000000 -0.024152 -0.035970 -0.506987 0.000000 0.000000 -0.005095 0.000000 0.000000 40
-0.000000 -0.024871 -0.036961 -0.506987 0.000000 0.000000 -0.005095 0.000000 0.000000 41
-0.000000 -0.025595 -0.037957 -0.506987 0.000000 0.000000 -0.005095 0.000000 0.000000 42
-0.000000 -0.026324 -0.038958 -0.506987 0.000000 0.000000 -0.005095 0.000000 0.000000 43
-0.000000 -0.027058 -0.039964 -0.506987 0.000000 0.000000 -0.005095 0.000000 0.000000 44
-0.000000 -0.027798 -0.040975 -0.506987 0.000000 0.000000 -0.005095 0.000000 0.000000 45
-0.000000 -0.028544 -0.041990 -0.506987 0.000000 0.000000 -0.005095 0.000000 0.000000 46
-0.000000 -0.029294 -0.043011 -0.506987 0.000000 0.000000 -0.005095 0.000000 0.000000 47
-0.000000 -0.030051 -0.044036 -0.506987 0.000000 0.000000 -0.005095 0.000000 0.000000 48
-0.000000 -0.030812 -0.045067 -0.506987 0.000000 0.000000 -0.005095 0.000000 0.000000 49
-0.000000 -0.031579 -0.046103 -0.506987 0.000000 0.000000 -0.005095 0.000000 0.000000 50
-0.000000 -0.032352 -0.047143 -0.506987 0.000000 0.000000 -0.005095 0.000000 0.000000 51
-0.000000 -0.033131 -0.048189 -0.506987 0.000000 0.000000 -0.005095 0.000000 0.000000 52
-0.000000 -0.033914 -0.049240 -0.506987 0.000000 0.000000 -0.005095 0.000000 0.000000 53
-0.000000 -0.034704 -0.050296 -0.506987 0.000000 0.000000 -0.005095 0.000000 0.000000 54
-0.000000 -0.035499 -0.051357 -0.506987 0.000000 0.000000 -0.005095 0.000000 0.000000 55
-0.000000 -0.036300 -0.052423 -0.506987 0.000000 0.000000 -0.005095 0.000000 0.000000 56
-0.000000 -0.037106 -0.053495 -0.506987 0.000000 0.000000 -0.005095 0.000000 0.000000 57
-0.000000 -0.037919 -0.054571 -0.506987 0.000000 0.000000 -0.005095 0.000000 0.000000 58
-0.000000 -0.038737 -0.055653 -0.506987 0.000000 0.000000 -0.005095 0.000000 0.000000 59
-0.000000 -0.039561 -0.056741 -0.506987 0.000000 0.000000 -0.005095 0.000000 0.000000 60
-0.000000 -0.040390 -0.057833 -0.506987 0.000000 0.000000 -0.005095 0.000000 0.000000 61
-0.000000 -0.041226 -0.058931 -0.506987 0.000000 0.000000 -0.005095 0.000000 0.000000 62
-0.000000 -0.042067 -0.060034 -0.506987 0.000000 0.000000 -0.005095 0.000000 0.000000 63
-0.000000 -0.042914 -0.061143 -0.506987 0.000000 0.000000 -0.005095 0.000000 0.000000 64
-0.000000 -0.043767 -0.062257 -0.506987 0.000000 0.000000 -0.005095 0.000000 0.000000 65
-0.000000 -0.044626 -0.063377 -0.506987 0.000000 0.000000 -0.005095 0.000000 0.000000 66
-0.000000 -0.045491 -0.064502 -0.506987 0.000000 0.000000 -0.005095 0.000000 0.000000 67
-0.000000 -0.046363 -0.065632 -0.506987 0.000000 0.000000 -0.005095 0.000000 0.000000 68
-0.000000 -0.047240 -0.066769 -0.506987 0.000000 0.000000 -0.005095 0.000000 0.000000 69
-0.000000 -0.048123 -0.067910 -0.506987 0.000000 0.000000 -0.005095 0.000000 0.000000 70
-0.000000 -0.049012 -0.069058 -0.506987 0.000000 0.000000 -0.005095 0.000000 0.000000 71
-0.000000 -0.049908 -0.070210 -0.506987 0.000000 0.000000 -0.005095 0.000000 0.000000 72
-0.000000 -0.050809 -0.071369 -0.506987 0.000000 0.000000 -0.005095 0.000000 0.000000 73
-0.000000 -0.051717 -0.072533 -0.506987 0.000000 0.000000 -0.005095 0.000000 0.000000 74
-0.000000 -0.052631 -0.073703 -0.506987 0.000000 0.000000 -0.005095 0.000000 0.000000 75
-0.000000 -0.053552 -0.074879 -0.506987 0.000000 0.000000 -0.005095 0.000000 0.000000 76
-0.000000 -0.054478 -0.076061 -0.506987 0.000000 0.000000 -0.005095 0.000000 0.000000 77
-0.000000 -0.055411 -0.077248 -0.506987 0.000000 0.000000 -0.005095 0.000000 0.000000 78
-0.000000 -0.056350 -0.078441 -0.506987 0.000000 0.000000 -0.005095 0.000000 0.000000 79
-0.000000 -0.057296 -0.079640 -0.506987 0.000000 0.000000 -0.005095 0.000000 0.000000 80
-0.000000 -0.058248 -0.080845 -0.506987 0.000000 0.000000 -0.005095 0.000000 0.000000 81
-0.000000 -0.059207 -0.082056 -0.506987 0.000000 0.000000 -0.005095 0.000000 0.000000 82
-0.000000 -0.060172 -0.083272 -0.506987 0.000000 0.000000 -0.005095 0.000000 0.000000 83
-0.000000 -0.061143 -0.084495 -0.506987 0.000000 0.000000 -0.005095 0.000000 0.000000 84
-0.000000 -0.062121 -0.085724 -0.506987 0.000000 0.000000 -0.005095 0.000000 0.000000 85
-0.000000 -0.063106 -0.086959 -0.506987 0.000000 0.000000 -0.005095 0.000000 0.000000 86
-0.000000 -0.064097 -0.088200 -0.506987 0.000000 0.000000 -0.005095 0.000000 0.000000 87
-0.000000 -0.065095 -0.089447 -0.506987 0.000000 0.000000 -0.005095 0.000000 0.000000 88
-0.000000 -0.066099 -0.090700 -0.506987 0.000000 0.000000 -0.005095 0.000000 0.000000 89
-0.000000 -0.067110 -0.091959 -0.506987 0.000000 0.000000 -0.005095 0.000000 0.000000 90
-0.000000 -0.068128 -0.093225 -0.506987 0.000000 0.000000 -0.005095 0.000000 0.000000 91
-0.000000 -0.069153 -0.094497 -0.506987 0.000000 0.000000 -0.005095 0.000000 0.000000 92
-0.000000 -0.070185 -0.095775 -0.506987 0.000000 0.000000 -0.005095 0.000000 0.000000 93
-0.000000 -0.071223 -0.097059 -0.506987 0.000000 0.000000 -0.005095 0.000000 0.000000 94
-0.000000 -0.072268 -0.098350 -0.506987 0.000000 0.000000 -0.005095 0.000000 0.000000 95
-0.000000 -0.073320 -0.099647 -0.506987 0.000000 0.000000 -0.005095 0.000000 0.000000 96
-0.000000 -0.074379 -0.100951 -0.506987 0.000000 0.000000 -0.005095 0.000000 0.000000 97
-0.000000 -0.075445 -0.102260 -0.506987 0.000000 0.000000 -0.005095 0.000000 0.000000 98
-0.000000 -0.076518 -0.103577 -0.506987 0.000000 0.000000 -0.005095 0.000000 0.000000 99
-0.000000 -0.077598 -0.104900 -0.506987 0.000000 0.000000 -0.005095 0.000000 0.000000 100
-0.000000 -0.078686 -0.106229 -0.506987 0.000000 0.000000 -0.005095 0.000000 0.000000 101
-0.000000 -0.079780 -0.107565 -0.506987 0.000000 0.000000 -0.005095 0.000000 0.000000 102
-0.000000 -0.080881 -0.108908 -0.506987 0.000000 0.000000 -0.005095 0.000000 0.000000 103
-0.000000 -0.081990 -0.110257 -0.506987 0.000000 0.000000 -0.005095 0.000000 0.000000 104
-0.000000 -0.083106 -0.111613 -0.506987 0.000000 0.000000 -0.005095 0.000000 0.000000 105
-0.000000 -0.084229 -0.112976 -0.506987 0.000000 0.000000 -0.005095 0.000000 0.000000 106
-0.000000 -0.085359 -0.114345 -0.506987 0.000000 0.000000 -0.005095 0.000000 0.000000 107
-0.000000 -0.086497 -0.115721 -0.506987 0.000000 0.000000 -0.005095 0.000000 0.000000 108
-0.000000 -0.087642 -0.117104 -0.506987 0.000000 0.000000 -0.005095 0.000000 0.000000 109
-0.000000 -0.088794 -0.118494 -0.506987 0.000000 0.000000 -0.005095 0.000000 0.000000 110
-0.000000 -0.089954 -0.119891 -0.506987 0.000000 0.000000 -0.005095 0.000000 0.000000 111
-0.000000 -0.091121 -0.121295 -0.506987 0.000000 0.000000 -0.005095 0.000000 0.000000 112
-0.000000 -0.092296 -0.122705 -0.506987 0.000000 0.000000 -0.005095 0.000000 0.000000 113
-0.000000 -0.093479 -0.124123 -0.506987 0.000000 0.000000 -0.005095 0.000000 0.000000 114
-0.000000 -0.094669 -0.125547 -0.506987 0.000000 0.000000 -0.005095 0.000000 0.000000 115
-0.000000 -0.095866 -0.126979 -0.506987 0.000000 0.000000 -0.005095 0.000000 0.000000 116
-0.000000 -0.097072 -0.128418 -0.506987 0.000000 0.000000 -0.005095 0.000000 0.000000 117
-0.000000 -0.098285 -0.129864 -0.506987 0.000000 0.000000 -0.005095 0.000000 0.000000 118
-0.000000 -0.099505 -0.131317 -0.506987 0.000000 0.000000 -0.005095 0.000000 0.000000 119
-0.000000 -0.100734 -0.132777 -0.506987 0.000000 0.000000 -0.005095 0.000000 0.000000 120
-0.000000 -0.101970 -0.134245 -0.506987 0.000000 0.000000 -0.005095 0.000000 0.000000 121
-0.000000 -0.103214 -0.135720 -0.506987 0.000000 0.000000 -0.005095 0.000000 0.000000 122
-0.000000 -0.104466 -0.137202 -0.506987 0.000000 0.000000 -0.005095 0.000000 0.000000 123
-0.000000 -0.105726 -0.138691 -0.506987 0.000000 0.000000 -0.005095 0.000000 0.000000 124
-0.000000 -0.106994 -0.140188 -0.506987 0.000000 0.000000 -0.005095 0.000000 0.000000 125
-0.000000 -0.108270 -0.141693 -0.506987 0.000000 0.000000 -0.005095 0.000000 0.000000 126
-0.000000 -0.109554 -0.143204 -0.506987 0.000000 0.000000 -0.005095 0.000000 0.000000 127
-0.000000 -0.110846 -0.144724 -0.506987 0.000000 0.000000 -0.005095 0.000000 0.000000 128
-0.000000 -0.112146 -0.146251 -0.506987 0.000000 0.000000 -0.005095 0.000000 0.000000 129
-0.000000 -0.113455 -0.147785 -0.506987 0.000000 0.000000 -0.005095 0.000000 0.000000 130
-0.000000 -0.114771 -0.149327 -0.506987 0.000000 0.000000 -0.005095 0.000000 0.000000 131
-0.000000 -0.116096 -0.150877 -0.506987 0.000000 0.000000 -0.005095 0.000000 0.000000 132
-0.000000 -0.117429 -0.152435 -0.506987 0.000000 0.000000 -0.005095 0.000000 0.000000 133
-0.000000 -0.118771 -0.154000 -0.506987 0.000000 0.000000 -0.005095 0.000000 0.000000 134
-0.000000 -0.120121 -0.155573 -0.506987 0.000000 0.000000 -0.005095 0.000000 0.000000 135
-0.000000 -0.121479 -0.157154 -0.506987 0.000000 0.000000 -0.005095 0.000000 0.000000 136
-0.000000 -0.122846 -0.158743 -0.506987 0.000000 0.000000 -0.005095 0.000000 0.000000 137
-0.000000 -0.124221 -0.160340 -0.506987 0.000000 0.000000 -0.005095 0.000000 0.000000 138
-0.000000 -0.125605 -0.161944 -0.506987 0.000000 0.000000 -0.005095 0.000000 0.000000 139
-0.000000 -0.126997 -0.163557 -0.506987 0.000000 0.000000 -0.005095 0.000000 0.000000 140
-0.000000 -0.128398 -0.165178 -0.506987 0.000000 0.000000 -0.005095 0.000000 0.000000 141
-0.000000 -0.129808 -0.166806 -0.506987 0.000000 0.000000 -0.005095 0.000000 0.000000 142
-0.000000 -0.131226 -0.168443 -0.506987 0.000000 0.000000 -0.005095 0.000000 0.000000 143
-0.000000 -0.132653 -0.170088 -0.506987 0.000000 0.000000 -0.005095 0.000000 0.000000 144
-0.000000 -0.134089 -0.171742 -0.506987 0.000000 0.000000 -0.005095 0.000000 0.000000 145
-0.000000 -0.135534 -0.173403 -0.506987 0.000000 0.000000 -0.005095 0.000000 0.000000 146
-0.000000 -0.136988 -0.175073 -0.506987 0.000000 0.000000 -0.005095 0.000000 0.000000 147
-0.000000 -0.138450 -0.176751 -0.506987 0.000000 0.000000 -0.005095 0.000000 0.000000 148
-0.000000 -0.139922 -0.178438 -0.506987 0.000000 0.000000 -0.005095 0.000000 0.000000 149
-0.000000 -0.141403 -0.180133 -0.506987 0.000000 0.000000 -0.005095 0.000000 0.000000 150
-0.000000 -0.142892 -0.181836 -0.506987 0.000000 0.000000 -0.005095 0.000000 0.000000 151
-0.000000 -0.144391 -0.183548 -0.506987 0.000000 0.000000 -0.005095 0.000000 0.000000 152
-0.000000 -0.145899 -0.185269 -0.506987 0.000000 0.000000 -0.005095 0.000000 0.000000 153
-0.000000 -0.147416 -0.186998 -0.506987 0.000000 0.000000 -0.005095 0.000000 0.000000 154
-0.000000 -0.148943 -0.188735 -0.506987 0.000000 0.000000 -0.005095 0.000000 0.000000 155
-0.000000 -0.150479 -0.190482 -0.506987 0.000000 0.000000 -0.005095 0.000000 0.000000 156
-0.000000 -0.152024 -0.192237 -0.506987 0.000000 0.000000 -0.005095 0.000000 0.000000 157
-0.000000 -0.153578 -0.194001 -0.506987 0.000000 0.000000 -0.005095 0.000000 0.000000 158
-0.000000 -0.155142 -0.195774 -0.506987 0.000000 0.000000 -0.005095 0.000000 0.000000 159
-0.000000 -0.156716 -0.197555 -0.506987 0.000000 0.000000 -0.005095 0.000000 0.000000 160
-0.000000 -0.158299 -0.199346 -0.506987 0.000000 0.000000 -0.005095 0.000000 0.000000 161
-0.000000 -0.159891 -0.201145 -0.506987 0.000000 0.000000 -0.005095 0.000000 0.000000 162
-0.000000 -0.161493 -0.202954 -0.506987 0.000000 0.000000 -0.005095 0.000000 0.000000 163
-0.000000 -0.163105 -0.204771 -0.506987 0.000000 0.000000 -0.005095 0.000000 0.000000 164
-0.000000 -0.164727 -0.206598 -0.506987 0.000000 0.000000 -0.005095 0.000000 0.000000 165
-0.000000 -0.166358 -0.208434 -0.506987 0.000000 0.000000 -0.005095 0.000000 0.000000 166
-0.000000 -0.168000 -0.210279 -0.506987 0.000000 0.000000 -0.005095 0.000000 0.000000 167
-0.000000 -0.169651 -0.212133 -0.506987 0.000000 0.000000 -0.005095 0.000000 0.000000 168
-0.000000 -0.171312 -0.213996 -0.506987 0.000000 0.000000 -0.005095 0.000000 0.000000 169
-0.000000 -0.172983 -0.215869 -0.506987 0.000000 0.000000 -0.005095 0.000000 0.000000 170
-0.000000 -0.174664 -0.217752 -0.506987 0.000000 0.000000 -0.005095 0.000000 0.000000 171
-0.000000 -0.176355 -0.219643 -0.506987 0.000000 0.000000 -0.005095 0.000000 0.000000 172
-0.000000 -0.178056 -0.221544 -0.506987 0.000000 0.000000 -0.005095 0.000000 0.000000 173
-0.000000 -0.179768 -0.223455 -0.506987 0.000000 0.000000 -0.005095 0.000000 0.000000 174
-0.000000 -0.181489 -0.225375 -0.506987 0.000000 0.000000 -0.005095 0.000000 0.000000 175
-0.000000 -0.183221 -0.227305 -0.506987 0.000000 0.000000 -0.005095 0.000000 0.000000 176
-0.000000 -0.184964 -0.229245 -0.506987 0.000000 0.000000 -0.005095 0.000000 0.000000 177
-0.000000 -0.186716 -0.231194 -0.506987 0.000000 0.000000 -0.005095 0.000000 0.000000 178
-0.000000 -0.188479 -0.233153 -0.506987 0.000000 0.000000 -0.005095 0.000000 0.000000 179
-0.000000 -0.190253 -0.235122 -0.506987 0.000000 0.000000 -0.005095 0.000000 0.000000 180
-0.000000 -0.192037 -0.237101 -0.506987 0.000000 0.000000 -0.005095 0.000000 0.000000 181
-0.000000 -0.193832 -0.239090 -0.506987 0.000000 0.000000 -0.005095 0.000000 0.000000 182
-0.000000 -0.195637 -0.241089 -0.506987 0.000000 0.000000 -0.005095 0.000000 0.000000 183
-0.000000 -0.197454 -0.243098 -0.506987 0.000000 0.000000 -0.005095 0.000000 0.000000 184
-0.000000 -0.199280 -0.245116 -0.506987 0.000000 0.000000 -0.005095 0.000000 0.000000 185
-0.000000 -0.201118 -0.247145 -0.506987 0.000000 0.000000 -0.005095 0.000000 0.000000 186
-0.000000 -0.202967 -0.249185 -0.506987 0.000000 0.000000 -0.005095 0.000000 0.000000 187
-0.000000 -0.204826 -0.251234 -0.506987 0.000000 0.000000 -0.005095 0.000000 0.000000 188
-0.000000 -0.206697 -0.253294 -0.506987 0.000000 0.000000 -0.005095 0.000000 0.000000 189
-0.000000 -0.208578 -0.255364 -0.506987 0.000000 0.000000 -0.005095 0.000000 0.000000 190
-0.000000 -0.210471 -0.257445 -0.506987 0.000000 0.000000 -0.005095 0.000000 0.000000 191
-0.000000 -0.212375 -0.259536 -0.506987 0.000000 0.000000 -0.005095 0.000000 0.000000 192
-0.000000 -0.214289 -0.261637 -0.506987 0.000000 0.000000 -0.005095 0.000000 0.000000 193
-0.000000 -0.216216 -0.263749 -0.506987 0.000000 0.000000 -0.005095 0.000000 0.000000 194
-0.000000 -0.218153 -0.265872 -0.506987 0.000000 0.000000 -0.005095 0.000000 0.000000 195
-0.000000 -0.220102 -0.268005 -0.506987 0.000000 0.000000 -0.005095 0.000000 0.000000 196
-0.000000 -0.222062 -0.270150 -0.506987 0.000000 0.000000 -0.005095 0.000000 0.000000 197
-0.000000 -0.224034 -0.272305 -0.506987 0.000000 0.000000 -0.005095 0.000000 0.000000 198
-0.000000 -0.226018 -0.274470 -0.506987 0.000000 0.000000 -0.005095 0.000000 0.000000 199
-0.000000 -0.228013 -0.276647 -0.506987 0.000000 0.000000 -0.005095 0.000000 0.000000 200
-0.000000 -0.230019 -0.278835 -0.506987 0.000000 0.000000 -0.005095 0.000000 0.000000 201
-0.000000 -0.232037 -0.281033 -0.506987 0.000000 0.000000 -0.005095 0.000000 0.000000 202
-0.000000 -0.234068 -0.283243 -0.506987 0.000000 0.000000 -0.005095 0.000000 0.000000 203
-0.000000 -0.236110 -0.285464 -0.506987 0.000000 0.000000 -0.005095 0.000000 0.000000 204
-0.000000 -0.238163 -0.287696 -0.506987 0.000000 0.000000 -0.005095 0.000000 0.000000 205
-0.000000 -0.240229 -0.289939 -0.506987 0.000000 0.000000 -0.005095 0.000000 0.000000 206
-0.000000 -0.242307 -0.292194 -0.506987 0.000000 0.000000 -0.005095 0.000000 0.000000 207
-0.000000 -0.244397 -0.294460 -0.506987 0.000000 0.000000 -0.005095 0.000000 0.000000 208
-0.000000 -0.246499 -0.296738 -0.506987 0.000000 0.000000 -0.005095 0.000000 0.000000 209
-0.000000 -0.248613 -0.299026 -0.506987 0.000000 0.000000 -0.005095 0.000000 0.000000 210
-0.000000 -0.250740 -0.301327 -0.506987 0.000000 0.000000 -0.005095 0.000000 0.000000 211
-0.000000 -0.252879 -0.303639 -0.506987 0.000000 0.000000 -0.005095 0.000000 0.000000 212
-0.000000 -0.255030 -0.305963 -0.506987 0.000000 0.000000 -0.005095 0.000000 0.000000 213
-0.000000 -0.257194 -0.308298 -0.506987 0.000000 0.000000 -0.005095 0.000000 0.000000 214
-0.000000 -0.259370 -0.310645 -0.506987 0.000000 0.000000 -0.005095 0.000000 0.000000 215
-0.000000 -0.261559 -0.313004 -0.506987 0.000000 0.000000 -0.005095 0.000000 0.000000 216
-0.000000 -0.263760 -0.315375 -0.506987 0.000000 0.000000 -0.005095 0.000000 0.000000 217
-0.000000 -0.265975 -0.317758 -0.506987 0.000000 0.000000 -0.005095 0.000000 0.000000 218
-0.000000 -0.268202 -0.320153 -0.506987 0.000000 0.000000 -0.005095 0.000000 0.000000 219
-0.000000 -0.270441 -0.322560 -0.506987 0.000000 0.000000 -0.005095 0.000000 0.000000 220
-0.000000 -0.272694 -0.324980 -0.506987 0.000000 0.000000 -0.005095 0.000000 0.000000 221
-0.000000 -0.274960 -0.327411 -0.506987 0.000000 0.000000 -0.005095 0.000000 0.000000 222
-0.000000 -0.277238 -0.329855 -0.506987 0.000000 0.000000 -0.005095 0.000000 0.000000 223
-0.000000 -0.279530 -0.332311 -0.506987 0.000000 0.000000 -0.005095 0.000000 0.000000 224
-0.000000 -0.281835 -0.334779 -0.506987 0.000000 0.000000 -0.005095 0.000000 0.000000 225
-0.000000 -0.284153 -0.337260 -0.506987 0.000000 0.000000 -0.005095 0.000000 0.000000 226
-0.000000 -0.286485 -0.339754 -0.506987 0.000000 0.000000 -0.005095 0.000000 0.000000 227
-0.000000 -0.288830 -0.342260 -0.506987 0.000000 0.000000 -0.005095 0.000000 0.000000 228
-0.000000 -0.291188 -0.344779 -0.506987 0.000000 0.000000 -0.005095 0.000000 0.000000 229
-0.000000 -0.293560 -0.347310 -0.506987 0.000000 0.000000 -0.005095 0.000000 0.000000 230
-0.000000 -0.295945 -0.349855 -0.506987 0.000000 0.000000 -0.005095 0.000000 0.000000 231
-0.000000 -0.298344 -0.352412 -0.506987 0.000000 0.000000 -0.005095 0.000000 0.000000 232
-0.000000 -0.300757 -0.354982 -0.506987 0.000000 0.000000 -0.005095 0.000000 0.000000 233
-0.000000 -0.303184 -0.357565 -0.506987 0.000000 0.000000 -0.005095 0.000000 0.000000 234
-0.000000 -0.305624 -0.360161 -0.506987 0.000000 0.000000 -0.005095 0.000000 0.000000 235
-0.000000 -0.308078 -0.362770 -0.506987 0.000000 0.000000 -0.005095 0.000000 0.000000 236
-0.000000 -0.310547 -0.365393 -0.506987 0.000000 0.000000 -0.005095 0.000000 0.000000 237
-0.000000 -0.313029 -0.368029 -0.506987 0.000000 0.000000 -0.005095 0.000000 0.000000 238
-0.000000 -0.315525 -0.370678 -0.506987 0.000000 0.000000 -0.005095 0.000000 0.000000 239
-0.000000 -0.318036 -0.373341 -0.506987 0.000000 0.000000 -0.005095 0.000000 0.000000 240
-0.000000 -0.320561 -0.376017 -0.506987 0.000000 0.000000 -0.005095 0.000000 0.000000 241
-0.000000 -0.323100 -0.378706 -0.506987 0.000000 0.000000 -0.005095 0.000000 0.000000 242
-0.000000 -0.325654 -0.381409 -0.506987 0.000000 0.000000 -0.005095 0.000000 0.000000 243
-0.000000 -0.328222 -0.384126 -0.506987 0.000000 0.000000 -0.005095 0.000000 0.000000 244
-0.000000 -0.330805 -0.386857 -0.506987 0.000000 0.000000 -0.005095 0.000000 0.000000 245
-0.000000 -0.333403 -0.389601 -0.506987 0.000000 0.000000 -0.005095 0.000000 0.000000 246
-0.000000 -0.336015 -0.392360 -0.506987 0.000000 0.000000 -0.005095 0.000000 0.000000 247
-0.000000 -0.338642 -0.395132 -0.506987 0.000000 0.000000 -0.005095 0.000000 0.000000 248
-0.000000 -0.341284 -0.397919 -0.506987 0.000000 0.000000 -0.005095 0.000000 0.000000 249
-0.000000 -0.343941 -0.400719 -0.506987 0.000000 0.000000 -0.005095 0.000000 0.000000 250
-0.000000 -0.346613 -0.403534 -0.506987 0.000000 0.000000 -0.005095 0.000000 0.000000 251
-0.000000 -0.349300 -0.406363 -0.506987 0.000000 0.000000 -0.005095 0.000000 0.000000 252
-0.000000 -0.352002 -0.409207 -0.506987 0.000000 0.000000 -0.005095 0.000000 0.000000 253
-0.000000 -0.354719 -0.412064 -0.506987 0.000000 0.000000 -0.005095 0.000000 0.000000 254
-0.000000 -0.357452 -0.414937 -0.506987 0.000000 0.000000 -0.005095 0.000000 0.000000 255
-0.000000 -0.360200 -0.417823 -0.506987 0.000000 0.000000 -0.005095 0.000000 0.000000 256
-0.000000 -0.362964 -0.420725 -0.506987 0.000000 0.000000 -0.005095 0.000000 0.000000 257
-0.000000 -0.365743 -0.423641 -0.506987 0.000000 0.000000 -0.005095 0.000000 0.000000 258
-0.000000 -0.368538 -0.426572 -0.506987 0.000000 0.000000 -0.005095 0.000000 0.000000 259
-0.000000 -0.371348 -0.429518 -0.506987 0.000000 0.000000 -0.005095 0.000000 0.000000 260
-0.000000 -0.374175 -0.432479 -0.506987 0.000000 0.000000 -0.005095 0.000000 0.000000 261
-0.000000 -0.377017 -0.435455 -0.506987 0.000000 0.000000 -0.005095 0.000000 0.000000 262
-0.000000 -0.379875 -0.438446 -0.506987 0.000000 0.000000 -0.005095 0.000000 0.000000 263
-0.000000 -0.382749 -0.441452 -0.506987 0.000000 0.000000 -0.005095 0.000000 0.000000 264
-0.000000 -0.385640 -0.444474 -0.506987 0.000000 0.000000 -0.005095 0.000000 0.000000 265
-0.000000 -0.388547 -0.447510 -0.506987 0.000000 0.000000 -0.005095 0.000000 0.000000 266
-0.000000 -0.391469 -0.450563 -0.506987 0.000000 0.000000 -0.005095 0.000000 0.000000 267
-0.000000 -0.394409 -0.453630 -0.506987 0.000000 0.000000 -0.005095 0.000000 0.000000 268
-0.000000 -0.397365 -0.456714 -0.506987 0.000000 0.000000 -0.005095 0.000000 0.000000 269
-0.000000 -0.400337 -0.459813 -0.506987 0.000000 0.000000 -0.005095 0.000000 0.000000 270
-0.000000 -0.403326 -0.462928 -0.506987 0.000000 0.000000 -0.005095 0.000000 0.000000 271
-0.000000 -0.406332 -0.466058 -0.506987 0.000000 0.000000 -0.005095 0.000000 0.000000 272
-0.000000 -0.409354 -0.469205 -0.506987 0.000000 0.000000 -0.005095 0.000000 0.000000 273
-0.000000 -0.412394 -0.472367 -0.506987 0.000000 0.000000 -0.005095 0.000000 0.000000 274
-0.000000 -0.415450 -0.475546 -0.506987 0.000000 0.000000 -0.005095 0.000000 0.000000 275
-0.000000 -0.418523 -0.478740 -0.506987 0.000000 0.000000 -0.005095 0.000000 0.000000 276
-0.000000 -0.421614 -0.481951 -0.506987 0.000000 0.000000 -0.005095 0.000000 0.000000 277
-0.000000 -0.424722 -0.485179 -0.506987 0.000000 0.000000 -0.005095 0.000000 0.000000 278
-0.000000 -0.427847 -0.488422 -0.506987 0.000000 0.000000 -0.005095 0.000000 0.000000 279
-0.000000 -0.430990 -0.491683 -0.506987 0.000000 0.000000 -0.005095 0.000000 0.000000 280
-0.000000 -0.434150 -0.494959 -0.506987 0.000000 0.000000 -0.005095 0.000000 0.000000 281
-0.000000 -0.437328 -0.498253 -0.506987 0.000000 0.000000 -0.005095 0.000000 0.000000 282
-0.000000 -0.440523 -0.501563 -0.506987 0.000000 0.000000 -0.005095 0.000000 0.000000 283
-0.000000 -0.443736 -0.504890 -0.506987 0.000000 0.000000 -0.005095 0.000000 0.000000 284
-0.000000 -0.446967 -0.508234 -0.506987 0.000000 0.000000 -0.005095 0.000000 0.000000 285
-0.000000 -0.450216 -0.511595 -0.506987 0.000000 0.000000 -0.005095 0.000000 0.000000 286
-0.000000 -0.453483 -0.514973 -0.506987 0.000000 0.000000 -0.005095 0.000000 0.000000 287
-0.000000 -0.456768 -0.518369 -0.506987 0.000000 0.000000 -0.005095 0.000000 0.000000 288
-0.000000 -0.460072 -0.521781 -0.506987 0.000000 0.000000 -0.005095 0.000000 0.000000 289
-0.000000 -0.463394 -0.525211 -0.506987 0.000000 0.000000 -0.005095 0.000000 0.000000 290
-0.000000 -0.466734 -0.528659 -0.506987 0.000000 0.000000 -0.005095 0.000000 0.000000 291
-0.000000 -0.470092 -0.532124 -0.506987 0.000000 0.000000 -0.005095 0.000000 0.000000 292
-0.000000 -0.473470 -0.535607 -0.506987 0.000000 0.000000 -0.005095 0.000000 0.000000 293
-0.000000 -0.476866 -0.539107 -0.506987 0.000000 0.000000 -0.005095 0.000000 0.000000 294
-0.000000 -0.480281 -0.542625 -0.506987 0.000000 0.000000 -0.005095 0.000000 0.000000 295
-0.000000 -0.483714 -0.546161 -0.506987 0.000000 0.000000 -0.005095 0.000000 0.000000 296
-0.000000 -0.487167 -0.549716 -0.506987 0.000000 0.000000 -0.005095 0.000000 0.000000 297
-0.000000 -0.490639 -0.553288 -0.506987 0.000000 0.000000 -0.005095 0.000000 0.000000 298
-0.000000 -0.494130 -0.556879 -0.506987 0.000000 0.000000 -0.005095 0.000000 0.000000 299
-0.000000 -0.497640 -0.560487 -0.506987 0.000000 0.000000 -0.005095 0.000000 0.000000 300
-0.000000 -0.501170 -0.564115 -0.506987 0.000000 0.000000 -0.005095 0.000000 0.000000 301
-0.000000 -0.504719 -0.567760 -0.506987 0.000000 0.000000 -0.005095 0.000000 0.000000 302
-0.000000 -0.508288 -0.571425 -0.506987 0.000000 0.000000 -0.005095 0.000000 0.000000 303
-0.000000 -0.511877 -0.575108 -0.506987 0.000000 0.000000 -0.005095 0.000000 0.000000 304
-0.000000 -0.515485 -0.578810 -0.506987 0.000000 0.000000 -0.005095 0.000000 0.000000 305
-0.000000 -0.519113 -0.582530 -0.506987 0.000000 0.000000 -0.005095 0.000000 0.000000 306
-0.000000 -0.522761 -0.586270 -0.506987 0.000000 0.000000 -0.005095 0.000000 0.000000 307
-0.000000 -0.526430 -0.590029 -0.506987 0.000000 0.000000 -0.005095 0.000000 0.000000 308
-0.000000 -0.530118 -0.593807 -0.506987 0.000000 0.000000 -0.005095 0.000000 0.000000 309
-0.000000 -0.533827 -0.597604 -0.506987 0.000000 0.000000 -0.005095 0.000000 0.000000 310
-0.000000 -0.537556 -0.601421 -0.506987 0.000000 0.000000 -0.005095 0.000000 0.000000 311
-0.000000 -0.541306 -0.605257 -0.506987 0.000000 0.000000 -0.005095 0.000000 0.000000 312
-0.000000 -0.545076 -0.609112 -0.506987 0.000000 0.000000 -0.005095 0.000000 0.000000 313
-0.000000 -0.548867 -0.612988 -0.506987 0.000000 0.000000 -0.005095 0.000000 0.000000 314
-0.000000 -0.552679 -0.616883 -0.506987 0.000000 0.000000 -0.005095 0.000000 0.000000 315
-0.000000 -0.556512 -0.620798 -0.506987 0.000000 0.000000 -0.005095 0.000000 0.000000 316
-0.000000 -0.560366 -0.624733 -0.506987 0.000000 0.000000 -0.005095 0.000000 0.000000 317
-0.000000 -0.564241 -0.628688 -0.506987 0.000000 0.000000 -0.005095 0.000000 0.000000 318
-0.000000 -0.568137 -0.632663 -0.506987 0.000000 0.000000 -0.005095 0.000000 0.000000 319
-0.000000 -0.572055 -0.636659 -0.506987 0.000000 0.000000 -0.005095 0.000000 0.000000 320
-0.000000 -0.575994 -0.640675 -0.506987 0.000000 0.000000 -0.005095 0.000000 0.000000 321
-0.000000 -0.579955 -0.644712 -0.506987 0.000000 0.000000 -0.005095 0.000000 0.000000 322
-0.000000 -0.583938 -0.648769 -0.506987 0.000000 0.000000 -0.005095 0.000000 0.000000 323
-0.000000 -0.587942 -0.652847 -0.506987 0.000000 0.000000 -0.005095 0.000000 0.000000 324
-0.000000 -0.591968 -0.656946 -0.506987 0.000000 0.000000 -0.005095 0.000000 0.000000 325
-0.000000 -0.596016 -0.661065 -0.506987 0.000000 0.000000 -0.005095 0.000000 0.000000 326
-0.000000 -0.600087 -0.665206 -0.506987 0.000000 0.000000 -0.005095 0.000000 0.000000 327
-0.000000 -0.604180 -0.669368 -0.506987 0.000000 0.000000 -0.005095 0.000000 0.000000 328
-0.000000 -0.608295 -0.673552 -0.506987 0.000000 0.000000 -0.005095 0.000000 0.000000 329
-0.000000 -0.612433 -0.677756 -0.506987 0.000000 0.000000 -0.005095 0.000000 0.000000 330
-0.000000 -0.616593 -0.681982 -0.506987 0.000000 0.000000 -0.005095 0.000000 0.000000 331
-0.000000 -0.620776 -0.686230 -0.506987 0.000000 0.000000 -0.005095 0.000000 0.000000 332
-0.000000 -0.624982 -0.690500 -0.506987 0.000000 0.000000 -0.005095 0.000000 0.000000 333
-0.000000 -0.629210 -0.694791 -0.506987 0.000000 0.000000 -0.005095 0.000000 0.000000 334
-0.000000 -0.633462 -0.699104 -0.506987 0.000000 0.000000 -0.005095 0.000000 0.000000 335
-0.000000 -0.637738 -0.703440 -0.506987 0.000000 0.000000 -0.005095 0.000000 0.000000 336
-0.000000 -0.642036 -0.707797 -0.506987 0.000000 0.000000 -0.005095 0.000000 0.000000 337
-0.000000 -0.646358 -0.712177 -0.506987 0.000000 0.000000 -0.005095 0.000000 0.000000 338
-0.000000 -0.650703 -0.716579 -0.506987 0.000000 0.000000 -0.005095 0.000000 0.000000 339
-0.000000 -0.655073 -0.721004 -0.506987 0.000000 0.000000 -0.005095 0.000000 0.000000 340
-0.000000 -0.659466 -0.725452 -0.506987 0.000000 0.000000 -0.005095 0.000000 0.000000 341
-0.000000 -0.663883 -0.729922 -0.506987 0.000000 0.000000 -0.005095 0.000000 0.000000 342
-0.000000 -0.668324 -0.734415 -0.506987 0.000000 0.000000 -0.005095 0.000000 0.000000 343
-0.000000 -0.672789 -0.738931 -0.506987 0.000000 0.000000 -0.005095 0.000000 0.000000 344
-0.000000 -0.677278 -0.743470 -0.506987 0.000000 0.000000 -0.005095 0.000000 0.000000 345
-0.000000 -0.681792 -0.748033 -0.506987 0.000000 0.000000 -0.005095 0.000000 0.000000 346
-0.000000 -0.686331 -0.752619 -0.506987 0.000000 0.000000 -0.005095 0.000000 0.000000 347
-0.000000 -0.690894 -0.757228 -0.506987 0.000000 0.000000 -0.005095 0.000000 0.000000 348
-0.000000 -0.695482 -0.761861 -0.506987 0.000000 0.000000 -0.005095 0.000000 0.000000 349
-0.000000 -0.700095 -0.766518 -0.506987 0.000000 0.000000 -0.005095 0.000000 0.000000 350
-0.000000 -0.704733 -0.771199 -0.506987 0.000000 0.000000 -0.005095 0.000000 0.000000 351
-0.000000 -0.709396 -0.775903 -0.506987 0.000000 0.000000 -0.005095 0.000000 0.000000 352
-0.000000 -0.714085 -0.780632 -0.506987 0.000000 0.000000 -0.005095 0.000000 0.000000 353
-0.000000 -0.718799 -0.785385 -0.506987 0.000000 0.000000 -0.005095 0.000000 0.000000 354
-0.000000 -0.723539 -0.790162 -0.506987 0.000000 0.000000 -0.005095 0.000000 0.000000 355
-0.000000 -0.728304 -0.794964 -0.506987 0.000000 0.000000 -0.005095 0.000000 0.000000 356
-0.000000 -0.733095 -0.799791 -0.506987 0.000000 0.000000 -0.005095 0.000000 0.000000 357
-0.000000 -0.737912 -0.804642 -0.506987 0.000000 0.000000 -0.005095 0.000000 0.000000 358
-0.000000 -0.742756 -0.809518 -0.506987 0.000000 0.000000 -0.005095 0.000000 0.000000 359
-0.000000 -0.747625 -0.814419 -0.506987 0.000000 0.000000 -0.005095 0.000000 0.000000 360
-0.000000 -0.752521 -0.819345 -0.506987 0.000000 0.000000 -0.005095 0.000000 0.000000 361
-0.000000 -0.757444 -0.824297 -0.506987 0.000000 0.000000 -0.005095 0.000000 0.000000 362
-0.000000 -0.762393 -0.829274 -0.506987 0.000000 0.000000 -0.005095 0.000000 0.000000 363
-0.000000 -0.767369 -0.834276 -0.506987 0.000000 0.000000 -0.005095 0.000000 0.000000 364
-0.000000 -0.772372 -0.839304 -0.506987 0.000000 0.000000 -0.005095 0.000000 0.000000 365
-0.000000 -0.777403 -0.844358 -0.506987 0.000000 0.000000 -0.005095 0.000000 0.000000 366
-0.000000 -0.782460 -0.849438 -0.506987 0.000000 0.000000 -0.005095 0.000000 0.000000 367
-0.000000 -0.787545 -0.854544 -0.506987 0.000000 0.000000 -0.005095 0.000000 0.000000 368
-0.000000 -0.792657 -0.859676 -0.506987 0.000000 0.000000 -0.005095 0.000000 0.000000 369
-0.000000 -0.797797 -0.864835 -0.506987 0.000000 0.000000 -0.005095 0.000000 0.000000 370
-0.000000 -0.802965 -0.870020 -0.506987 0.000000 0.000000 -0.005095 0.000000 0.000000 371
-0.000000 -0.808160 -0.875231 -0.506987 0.000000 0.000000 -0.005095 0.000000 0.000000 372
-0.000000 -0.813384 -0.880470 -0.506987 0.000000 0.000000 -0.005095 0.000000 0.000000 373
-0.000000 -0.818636 -0.885735 -0.506987 0.000000 0.000000 -0.005095 0.000000 0.000000 374
-0.000000 -0.823917 -0.891027 -0.506987 0.000000 0.000000 -0.005095 0.000000 0.000000 375
-0.000000 -0.829226 -0.896347 -0.506987 0.000000 0.000000 -0.005095 0.000000 0.000000 376
-0.000000 -0.834563 -0.901694 -0.506987 0.000000 0.000000 -0.005095 0.000000 0.000000 377
-0.000000 -0.839930 -0.907068 -0.506987 0.000000 0.000000 -0.005095 0.000000 0.000000 378
-0.000000 -0.845325 -0.912470 -0.506987 0.000000 0.000000 -0.005095 0.000000 0.000000 379
-0.000000 -0.850750 -0.917900 -0.506987 0.000000 0.000000 -0.005095 0.000000 0.000000 380
-0.000000 -0.856204 -0.923358 -0.506987 0.000000 0.000000 -0.005095 0.000000 0.000000 381
-0.000000 -0.861687 -0.928843 -0.506987 0.000000 0.000000 -0.005095 0.000000 0.000000 382
-0.000000 -0.867200 -0.934357 -0.506987 0.000000 0.000000 -0.005095 0.000000 0.000000 383
-0.000000 -0.872743 -0.939899 -0.506987 0.000000 0.000000 -0.005095 0.000000 0.000000 384
-0.000000 -0.878315 -0.945470 -0.506987 0.000000 0.000000 -0.005095 0.000000 0.000000 385
-0.000000 -0.883918 -0.951070 -0.506987 0.000000 0.000000 -0.005095 0.000000 0.000000 386
-0.000000 -0.889550 -0.956698 -0.506987 0.000000 0.000000 -0.005095 0.000000 0.000000 387
-0.000000 -0.895214 -0.962355 -0.506987 0.000000 0.000000 -0.005095 0.000000 0.000000 388
-0.000000 -0.900907 -0.968041 -0.506987 0.000000 0.000000 -0.005095 0.000000 0.000000 389
-0.000000 -0.906632 -0.973757 -0.506987 0.000000 0.000000 -0.005095 0.000000 0.000000 390
-0.000000 -0.912387 -0.979502 -0.506987 0.000000 0.000000 -0.005095 0.000000 0.000000 391
-0.000000 -0.918173 -0.985276 -0.506987 0.000000 0.000000 -0.005095 0.000000 0.000000 392
-0.000000 -0.923990 -0.991080 -0.506987 0.000000 0.000000 -0.005095 0.000000 0.000000 393
-0.000000 -0.929839 -0.996914 -0.506987 0.000000 0.000000 -0.005095 0.000000 0.000000 394
-0.000000 -0.935719 -1.002778 -0.506987 0.000000 0.000000 -0.005095 0.000000 0.000000 395
-0.000000 -0.941631 -1.008673 -0.506987 0.000000 0.000000 -0.005095 0.000000 0.000000 396
-0.000000 -0.947575 -1.014597 -0.506987 0.000000 0.000000 -0.005095 0.000000 0.000000 397
-0.000000 -0.953550 -1.020552 -0.506987 0.000000 0.000000 -0.005095 0.000000 0.000000 398
-0.000000 -0.959558 -1.026538 -0.506987 0.000000 0.000000 -0.005095 0.000000 0.000000 399
-0.000000 -0.965598 -1.032555 -0.506987 0.000000 0.000000 -0.005095 0.000000 0.000000 400
-0.000000 -0.971671 -1.038602 -0.506987 0.000000 0.000000 -0.005095 0.000000 0.000000 401
-0.000000 -0.977776 -1.044681 -0.506987 0.000000 0.000000 -0.005095 0.000000 0.000000 402
-0.000000 -0.983914 -1.050791 -0.506987 0.000000 0.000000 -0.005095 0.000000 0.000000 403
-0.000000 -0.990085 -1.056933 -0.506987 0.000000 0.000000 -0.005095 0.000000 0.000000 404
-0.000000 -0.996290 -1.063106 -0.506987 0.000000 0.000000 -0.005095 0.000000 0.000000 405
-0.000000 -1.002527 -1.069311 -0.506987 0.000000 0.000000 -0.005095 0.000000 0.000000 406
-0.000000 -1.008798 -1.075548 -0.506987 0.000000 0.000000 -0.005095 0.000000 0.000000 407
-0.000000 -1.015103 -1.081817 -0.506987 0.000000 0.000000 -0.005095 0.000000 0.000000 408
-0.000000 -1.021442 -1.088119 -0.506987 0.000000 0.000000 -0.005095 0.000000 0.000000 409
-0.000000 -1.027815 -1.094452 -0.506987 0.000000 0.000000 -0.005095 0.000000 0.000000 410
-0.000000 -1.034221 -1.100819 -0.506987 0.000000 0.000000 -0.005095 0.000000 0.000000 411
-0.000000 -1.040663 -1.107218 -0.506987 0.000000 0.000000 -0.005095 0.000000 0.000000 412
-0.000000 -1.047139 -1.113651 -0.506987 0.000000 0.000000 -0.005095 0.000000 0.000000 413
-0.000000 -1.053649 -1.120116 -0.506987 0.000000 0.000000 -0.005095 0.000000 0.000000 414
-0.000000 -1.060195 -1.126615 -0.506987 0.000000 0.000000 -0.005095 0.000000 0.000000 415
-0.000000 -1.066776 -1.133148 -0.506987 0.000000 0.000000 -0.005095 0.000000 0.000000 416
-0.000000 -1.073392 -1.139714 -0.506987 0.000000 0.000000 -0.005095 0.000000 0.000000 417
-0.000000 -1.080043 -1.146314 -0.506987 0.000000 0.000000 -0.005095 0.000000 0.000000 418
-0.000000 -1.086731 -1.152948 -0.506987 0.000000 0.000000 -0.005095 0.000000 0.000000 419
-0.000000 -1.093454 -1.159616 -0.506987 0.000000 0.000000 -0.005095 0.000000 0.000000 420
-0.000000 -1.100213 -1.166319 -0.506987 0.000000 0.000000 -0.005095 0.000000 0.000000 421
-0.000000 -1.107008 -1.173056 -0.506987 0.000000 0.000000 -0.005095 0.000000 0.000000 422
-0.000000 -1.113840 -1.179828 -0.506987 0.000000 0.000000 -0.005095 0.000000 0.000000 423
-0.000000 -1.120708 -1.186636 -0.506987 0.000000 0.000000 -0.005095 0.000000 0.000000 424
-0.000000 -1.127614 -1.193478 -0.506987 0.000000 0.000000 -0.005095 0.000000 0.000000 425
-0.000000 -1.134556 -1.200355 -0.506987 0.000000 0.000000 -0.005095 0.000000 0.000000 426
-0.000000 -1.141535 -1.207268 -0.506987 0.000000 0.000000 -0.005095 0.000000 0.000000 427
-0.000000 -1.148552 -1.214217 -0.506987 0.000000 0.000000 -0.005095 0.000000 0.000000 428
-0.000000 -1.155606 -1.221202 -0.506987 0.000000 0.000000 -0.005095 0.000000 0.000000 429
-0.000000 -1.162699 -1.228222 -0.506987 0.000000 0.000000 -0.005095 0.000000 0.000000 430
-0.000000 -1.169829 -1.235279 -0.506987 0.000000 0.000000 -0.005095 0.000000 0.000000 431
-0.000000 -1.176997 -1.242373 -0.506987 0.000000 0.000000 -0.005095 0.000000 0.000000 432
-0.000000 -1.184204 -1.249503 -0.506987 0.000000 0.000000 -0.005095 0.000000 0.000000 433
-0.000000 -1.191449 -1.256670 -0.506987 0.000000 0.000000 -0.005095 0.000000 0.000000 434
-0.000000 -1.198733 -1.263874 -0.506987 0.000000 0.000000 -0.005095 0.000000 0.000000 435
-0.000000 -1.206057 -1.271115 -0.506987 0.000000 0.000000 -0.005095 0.000000 0.000000 436
-0.000000 -1.213419 -1.278394 -0.506987 0.000000 0.000000 -0.005095 0.000000 0.000000 437
-0.000000 -1.220821 -1.285710 -0.506987 0.000000 0.000000 -0.005095 0.000000 0.000000 438
-0.000000 -1.228262 -1.293064 -0.506987 0.000000 0.000000 -0.005095 0.000000 0.000000 439
-0.000000 -1.235743 -1.300456 -0.506987 0.000000 0.000000 -0.005095 0.000000 0.000000 440
-0.000000 -1.243264 -1.307887 -0.506987 0.000000 0.000000 -0.005095 0.000000 0.000000 441
-0.000000 -1.250825 -1.315355 -0.506987 0.000000 0.000000 -0.005095 0.000000 0.000000 442
-0.000000 -1.258427 -1.322863 -0.506987 0.000000 0.000000 -0.005095 0.000000 0.000000 443
-0.000000 -1.266070 -1.330409 -0.506987 0.000000 0.000000 -0.005095 0.000000 0.000000 444
-0.000000 -1.273753 -1.337995 -0.506987 0.000000 0.000000 -0.005095 0.000000 0.000000 445
-0.000000 -1.281478 -1.345619 -0.506987 0.000000 0.000000 -0.005095 0.000000 0.000000 446
-0.000000 -1.289243 -1.353283 -0.506987 0.000000 0.000000 -0.005095 0.000000 0.000000 447
-0.000000 -1.297050 -1.360987 -0.506987 0.000000 0.000000 -0.005095 0.000000 0.000000 448
-0.000000 -1.304899 -1.368730 -0.506987 0.000000 0.000000 -0.005095 0.000000 0.000000 449
-0.000000 -1.312790 -1.376514 -0.506987 0.000000 0.000000 -0.005095 0.000000 0.000000 450
-0.000000 -1.320723 -1.384338 -0.506987 0.000000 0.000000 -0.005095 0.000000 0.000000 451
-0.000000 -1.328699 -1.392202 -0.506987 0.000000 0.000000 -0.005095 0.000000 0.000000 452
-0.000000 -1.336717 -1.400108 -0.506987 0.000000 0.000000 -0.005095 0.000000 0.000000 453
-0.000000 -1.344778 -1.408054 -0.506987 0.000000 0.000000 -0.005095 0.000000 0.000000 454
-0.000000 -1.352882 -1.416041 -0.506987 0.000000 0.000000 -0.005095 0.000000 0.000000 455
-0.000000 -1.361029 -1.424070 -0.506987 0.000000 0.000000 -0.005095 0.000000 0.000000 456
-0.000000 -1.369220 -1.432140 -0.506987 0.000000 0.000000 -0.005095 0.000000 0.000000 457
-0.000000 -1.377455 -1.440252 -0.506987 0.000000 0.000000 -0.005095 0.000000 0.000000 458
-0.000000 -1.385733 -1.448406 -0.506987 0.000000 0.000000 -0.005095 0.000000 0.000000 459
-0.000000 -1.394056 -1.456603 -0.506987 0.000000 0.000000 -0.005095 0.000000 0.000000 460
-0.000000 -1.402423 -1.464841 -0.506987 0.000000 0.000000 -0.005095 0.000000 0.000000 461
-0.000000 -1.410835 -1.473123 -0.506987 0.000000 0.000000 -0.005095 0.000000 0.000000 462
-0.000000 -1.419292 -1.481447 -0.506987 0.000000 0.000000 -0.005095 0.000000 0.000000 463
-0.000000 -1.427794 -1.489815 -0.506987 0.000000 0.000000 -0.005095 0.000000 0.000000 464
-0.000000 -1.436342 -1.498226 -0.506987 0.000000 0.000000 -0.005095 0.000000 0.000000 465
-0.000000 -1.444935 -1.506681 -0.506987 0.000000 0.000000 -0.005095 0.000000 0.000000 466
-0.000000 -1.453574 -1.515179 -0.506987 0.000000 0.000000 -0.005095 0.000000 0.000000 467
-0.000000 -1.462258 -1.523722 -0.506987 0.000000 0.000000 -0.005095 0.000000 0.000000 468
-0.000000 -1.470990 -1.532309 -0.506987 0.000000 0.000000 -0.005095 0.000000 0.000000 469
-0.000000 -1.479768 -1.540940 -0.506987 0.000000 0.000000 -0.005095 0.000000 0.000000 470
-0.000000 -1.488593 -1.549616 -0.506987 0.000000 0.000000 -0.005095 0.000000 0.000000 471
-0.000000 -1.497464 -1.558338 -0.506987 0.000000 0.000000 -0.005095 0.000000 0.000000 472
-0.000000 -1.506384 -1.567104 -0.506987 0.000000 0.000000 -0.005095 0.000000 0.000000 473
-0.000000 -1.515351 -1.575916 -0.506987 0.000000 0.000000 -0.005095 0.000000 0.000000 474
-0.000000 -1.524365 -1.584774 -0.506987 0.000000 0.000000 -0.005095 0.000000 0.000000 475
-0.000000 -1.533428 -1.593678 -0.506987 0.000000 0.000000 -0.005095 0.000000 0.000000 476
-0.000000 -1.542539 -1.602628 -0.506987 0.000000 0.000000 -0.005095 0.000000 0.000000 477
-0.000000 -1.551699 -1.611624 -0.506987 0.000000 0.000000 -0.005095 0.000000 0.000000 478
-0.000000 -1.560907 -1.620667 -0.506987 0.000000 0.000000 -0.005095 0.000000 0.000000 479
-0.000000 -1.570165 -1.629757 -0.506987 0.000000 0.000000 -0.005095 0.000000 0.000000 480
-0.000000 -1.579472 -1.638895 -0.506987 0.000000 0.000000 -0.005095 0.000000 0.000000 481
-0.000000 -1.588829 -1.648080 -0.506987 0.000000 0.000000 -0.005095 0.000000 0.000000 482
-0.000000 -1.598235 -1.657312 -0.506987 0.000000 0.000000 -0.005095 0.000000 0.000000 483
-0.000000 -1.607692 -1.666593 -0.506987 0.000000 0.000000 -0.005095 0.000000 0.000000 484
-0.000000 -1.617199 -1.675922 -0.506987 0.000000 0.000000 -0.005095 0.000000 0.000000 485
-0.000000 -1.626757 -1.685299 -0.506987 0.000000 0.000000 -0.005095 0.000000 0.000000 486
-0.000000 -1.636366 -1.694725 -0.506987 0.000000 0.000000 -0.005095 0.000000 0.000000 487
-0.000000 -1.646026 -1.704200 -0.506987 0.000000 0.000000 -0.005095 0.000000 0.000000 488
-0.000000 -1.655738 -1.713724 -0.506987 0.000000 0.000000 -0.005095 0.000000 0.000000 489
-0.000000 -1.665502 -1.723298 -0.506987 0.000000 0.000000 -0.005095 0.000000 0.000000 490
-0.000000 -1.675317 -1.732922 -0.506987 0.000000 0.000000 -0.005095 0.000000 0.000000 491
-0.000000 -1.685185 -1.742595 -0.506987 0.000000 0.000000 -0.005095 0.000000 0.000000 492
-0.000000 -1.695105 -1.752319 -0.506987 0.000000 0.000000 -0.005095 0.000000 0.000000 493
-0.000000 -1.705079 -1.762094 -0.506987 0.000000 0.000000 -0.005095 0.000000 0.000000 494
-0.000000 -1.715105 -1.771919 -0.506987 0.000000 0.000000 -0.005095 0.000000 0.000000 495
-0.000000 -1.725185 -1.781796 -0.506987 0.000000 0.000000 -0.005095 0.000000 0.000000 496
-0.000000 -1.735319 -1.791724 -0.506987 0.000000 0.000000 -0.005095 0.000000 0.000000 497
-0.000000 -1.745506 -1.801704 -0.506987 0.000000 0.000000 -0.005095 0.000000 0.000000 498
-0.000000 -1.755748 -1.811735 -0.506987 0.000000 0.000000 -0.005095 0.000000 0.000000 499
-0.000000 -1.766045 -1.821819 -0.506987 0.000000 0.000000 -0.005095 0.000000 0.000000 500
-0.000000 -1.776396 -1.831956 -0.506987 0.000000 0.000000 -0.005095 0.000000 0.000000 501
-0.000000 -1.786803 -1.842145 -0.506987 0.000000 0.000000 -0.005095 0.000000 0.000000 502
-0.000000 -1.797265 -1.852387 -0.506987 0.000000 0.000000 -0.005095 0.000000 0.000000 503
-0.000000 -1.807783 -1.862683 -0.506987 0.000000 0.000000 -0.005095 0.000000 0.000000 504
-0.000000 -1.818357 -1.873032 -0.506987 0.000000 0.000000 -0.005095 0.000000 0.000000 505
-0.000000 -1.828987 -1.883435 -0.506987 0.000000 0.000000 -0.005095 0.000000 0.000000 506
-0.000000 -1.839674 -1.893893 -0.506987 0.000000 0.000000 -0.005095 0.000000 0.000000 507
-0.000000 -1.850418 -1.904405 -0.506987 0.000000 0.000000 -0.005095 0.000000 0.000000 508
-0.000000 -1.861219 -1.914971 -0.506987 0.000000 0.000000 -0.005095 0.000000 0.000000 509
-0.000000 -1.872078 -1.925593 -0.506987 0.000000 0.000000 -0.005095 0.000000 0.000000 510
-0.000000 -1.882995 -1.936270 -0.506987 0.000000 0.000000 -0.005095 0.000000 0.000000 511
-0.000000 -1.893969 -1.947003 -0.506987 0.000000 0.000000 -0.005095 0.000000 0.000000 512
-0.000000 -1.905003 -1.957792 -0.506987 0.000000 0.000000 -0.005095 0.000000 0.000000 513
-0.000000 -1.916095 -1.968637 -0.506987 0.000000 0.000000 -0.005095 0.000000 0.000000 514
-0.000000 -1.927246 -1.979539 -0.506987 0.000000 0.000000 -0.005095 0.000000 0.000000 515
-0.000000 -1.938457 -1.990497 -0.506987 0.000000 0.000000 -0.005095 0.000000 0.000000 516
-0.000000 -1.949727 -2.001513 -0.506987 0.000000 0.000000 -0.005095 0.000000 0.000000 517
-0.000000 -1.961058 -2.012586 -0.506987 0.000000 0.000000 -0.005095 0.000000 0.000000 518
-0.000000 -1.972448 -2.023717 -0.506987 0.000000 0.000000 -0.005095 0.000000 0.000000 519
-0.000000 -1.983900 -2.034907 -0.506987 0.000000 0.000000 -0.005095 0.000000 0.000000 520
-0.000000 -1.995413 -2.046154 -0.506987 0.000000 0.000000 -0.005095 0.000000 0.000000 521
-0.000000 -2.006986 -2.057460 -0.506987 0.000000 0.000000 -0.005095 0.000000 0.000000 522
-0.000000 -2.018622 -2.068826 -0.506987 0.000000 0.000000 -0.005095 0.000000 0.000000 523
-0.000000 -2.030320 -2.080250 -0.506987 0.000000 0.000000 -0.005095 0.000000 0.000000 524
-0.000000 -2.042080 -2.091735 -0.506987 0.000000 0.000000 -0.005095 0.000000 0.000000 525
-0.000000 -2.053902 -2.103279 -0.506987 0.000000 0.000000 -0.005095 0.000000 0.000000 526
-0.000000 -2.065788 -2.114884 -0.506987 0.000000 0.000000 -0.005095 0.000000 0.000000 527
-0.000000 -2.077737 -2.126549 -0.506987 0.000000 0.000000 -0.005095 0.000000 0.000000 528
-0.000000 -2.089750 -2.138276 -0.506987 0.000000 0.000000 -0.005095 0.000000 0.000000 529
-0.000000 -2.101827 -2.150063 -0.506987 0.000000 0.000000 -0.005095 0.000000 0.000000 530
-0.000000 -2.113968 -2.161913 -0.506987 0.000000 0.000000 -0.005095 0.000000 0.000000 531
-0.000000 -2.126174 -2.173824 -0.506987 0.000000 0.000000 -0.005095 0.000000 0.000000 532
-0.000000 -2.138444 -2.185797 -0.506987 0.000000 0.000000 -0.005095 0.000000 0.000000 533
-0.000000 -2.150781 -2.197834 -0.506987 0.000000 0.000000 -0.005095 0.000000 0.000000 534
-0.000000 -2.163183 -2.209933 -0.506987 0.000000 0.000000 -0.005095 0.000000 0.000000 535
-0.000000 -2.175651 -2.222095 -0.506987 0.000000 0.000000 -0.005095 0.000000 0.000000 536
-0.000000 -2.188186 -2.234321 -0.506987 0.000000 0.000000 -0.005095 0.000000 0.000000 537
-0.000000 -2.200787 -2.246611 -0.506987 0.000000 0.000000 -0.005095 0.000000 0.000000 538
-0.000000 -2.213456 -2.258966 -0.506987 0.000000 0.000000 -0.005095 0.000000 0.000000 539
-0.000000 -2.226192 -2.271385 -0.506987 0.000000 0.000000 -0.005095 0.000000 0.000000 540
-0.000000 -2.238996 -2.283869 -0.506987 0.000000 0.000000 -0.005095 0.000000 0.000000 541
-0.000000 -2.251868 -2.296418 -0.506987 0.000000 0.000000 -0.005095 0.000000 0.000000 542
-0.000000 -2.264809 -2.309033 -0.506987 0.000000 0.000000 -0.005095 0.000000 0.000000 543
-0.000000 -2.277819 -2.321714 -0.506987 0.000000 0.000000 -0.005095 0.000000 0.000000 544
-0.000000 -2.290899 -2.334462 -0.506987 0.000000 0.000000 -0.005095 0.000000 0.000000 545
-0.000000 -2.304048 -2.347277 -0.506987 0.000000 0.000000 -0.005095 0.000000 0.000000 546
-0.000000 -2.317267 -2.360158 -0.506987 0.000000 0.000000 -0.005095 0.000000 0.000000 547
-0.000000 -2.330557 -2.373107 -0.506987 0.000000 0.000000 -0.005095 0.000000 0.000000 548
-0.000000 -2.343918 -2.386124 -0.506987 0.000000 0.000000 -0.005095 0.000000 0.000000 549
-0.000000 -2.357349 -2.399210 -0.506987 0.000000 0.000000 -0.005095 0.000000 0.000000 550
-0.000000 -2.370853 -2.412364 -0.506987 0.000000 0.000000 -0.005095 0.000000 0.000000 551
-0.000000 -2.384428 -2.425586 -0.506987 0.000000 0.000000 -0.005095 0.000000 0.000000 552
-0.000000 -2.398076 -2.438879 -0.506987 0.000000 0.000000 -0.005095 0.000000 0.000000 553
-0.000000 -2.411797 -2.452241 -0.506987 0.000000 0.000000 -0.005095 0.000000 0.000000 554
-0.000000 -2.425591 -2.465673 -0.506987 0.000000 0.000000 -0.005095 0.000000 0.000000 555
-0.000000 -2.439459 -2.479175 -0.506987 0.000000 0.000000 -0.005095 0.000000 0.000000 556
-0.000000 -2.453400 -2.492749 -0.506987 0.000000 0.000000 -0.005095 0.000000 0.000000 557
-0.000000 -2.467416 -2.506393 -0.506987 0.000000 0.000000 -0.005095 0.000000 0.000000 558
-0.000000 -2.481507 -2.520109 -0.506987 0.000000 0.000000 -0.005095 0.000000 0.000000 559
-0.000000 -2.495673 -2.533898 -0.506987 0.000000 0.000000 -0.005095 0.000000 0.000000 560
-0.000000 -2.509914 -2.547759 -0.506987 0.000000 0.000000 -0.005095 0.000000 0.000000 561
-0.000000 -2.524231 -2.561692 -0.506987 0.000000 0.000000 -0.005095 0.000000 0.000000 562
-0.000000 -2.538625 -2.575699 -0.506987 0.000000 0.000000 -0.005095 0.000000 0.000000 563
-0.000000 -2.553096 -2.589779 -0.506987 0.000000 0.000000 -0.005095 0.000000 0.000000 564
-0.000000 -2.567644 -2.603933 -0.506987 0.000000 0.000000 -0.005095 0.000000 0.000000 565
-0.000000 -2.582269 -2.618162 -0.506987 0.000000 0.000000 -0.005095 0.000000 0.000000 566
-0.000000 -2.596973 -2.632466 -0.506987 0.000000 0.000000 -0.005095 0.000000 0.000000 567
-0.000000 -2.611755 -2.646844 -0.506987 0.000000 0.000000 -0.005095 0.000000 0.000000 568
-0.000000 -2.626616 -2.661299 -0.506987 0.000000 0.000000 -0.005095 0.000000 0.000000 569
-0.000000 -2.641557 -2.675829 -0.506987 0.000000 0.000000 -0.005095 0.000000 0.000000 570
-0.000000 -2.656577 -2.690436 -0.506987 0.000000 0.000000 -0.005095 0.000000 0.000000 571
-0.000000 -2.671677 -2.705119 -0.506987 0.000000 0.000000 -0.005095 0.000000 0.000000 572
-0.000000 -2.686858 -2.719880 -0.506987 0.000000 0.000000 -0.005095 0.000000 0.000000 573
-0.000000 -2.702120 -2.734719 -0.506987 0.000000 0.000000 -0.005095 0.000000 0.000000 574
-0.000000 -2.717464 -2.749635 -0.506987 0.000000 0.000000 -0.005095 0.000000 0.000000 575
-0.000000 -2.732889 -2.764630 -0.506987 0.000000 0.000000 -0.005095 0.000000 0.000000 576
-0.000000 -2.748397 -2.779704 -0.506987 0.000000 0.000000 -0.005095 0.000000 0.000000 577
-0.000000 -2.763988 -2.794858 -0.506987 0.000000 0.000000 -0.005095 0.000000 0.000000 578
-0.000000 -2.779662 -2.810091 -0.506987 0.000000 0.000000 -0.005095 0.000000 0.000000 579
-0.000000 -2.795420 -2.825405 -0.506987 0.000000 0.000000 -0.005095 0.000000 0.000000 580
-0.000000 -2.811262 -2.840799 -0.506987 0.000000 0.000000 -0.005095 0.000000 0.000000 581
-0.000000 -2.827189 -2.856275 -0.506987 0.000000 0.000000 -0.005095 0.000000 0.000000 582
-0.000000 -2.843201 -2.871832 -0.506987 0.000000 0.000000 -0.005095 0.000000 0.000000 583
-0.000000 -2.859298 -2.887470 -0.506987 0.000000 0.000000 -0.005095 0.000000 0.000000 584
-0.000000 -2.875481 -2.903192 -0.506987 0.000000 0.000000 -0.005095 0.000000 0.000000 585
-0.000000 -2.891751 -2.918996 -0.506987 0.000000 0.000000 -0.005095 0.000000 0.000000 586
-0.000000 -2.908108 -2.934884 -0.506987 0.000000 0.000000 -0.005095 0.000000 0.000000 587
-0.000000 -2.924553 -2.950855 -0.506987 0.000000 0.000000 -0.005095 0.000000 0.000000 588
-0.000000 -2.941085 -2.966911 -0.506987 0.000000 0.000000 -0.005095 0.000000 0.000000 589
-0.000000 -2.957706 -2.983052 -0.506987 0.000000 0.000000 -0.005095 0.000000 0.000000 590
-0.000000 -2.974415 -2.999277 -0.506987 0.000000 0.000000 -0.005095 0.000000 0.000000 591
-0.000000 -2.991214 -3.015589 -0.506987 0.000000 0.000000 -0.005095 0.000000 0.000000 592
-0.000000 -3.008103 -3.031986 -0.506987 0.000000 0.000000 -0.005095 0.000000 0.000000 593
-0.000000 -3.025082 -3.048470 -0.506987 0.000000 0.000000 -0.005095 0.000000 0.000000 594
-0.000000 -3.042152 -3.065042 -0.506987 0.000000 0.000000 -0.005095 0.000000 0.000000 595
-0.000000 -3.059314 -3.081700 -0.506987 0.000000 0.000000 -0.005095 0.000000 0.000000 596
-0.000000 -3.076567 -3.098447 -0.506987 0.000000 0.000000 -0.005095 0.000000 0.000000 597
-0.000000 -3.093912 -3.115282 -0.506987 0.000000 0.000000 -0.005095 0.000000 0.000000 598
-0.000000 -3.111351 -3.132207 -0.506987 0.000000 0.000000 -0.005095 0.000000 0.000000 599
-0.000000 -3.128883 -3.149220 -0.506987 0.000000 0.000000 -0.005095 0.000000 0.000000 600
-0.000000 -3.146508 -3.166324 -0.506987 0.000000 0.000000 -0.005095 0.000000 0.000000 601
-0.000000 -3.164228 -3.183518 -0.506987 0.000000 0.000000 -0.005095 0.000000 0.000000 602
-0.000000 -3.182043 -3.200803 -0.506987 0.000000 0.000000 -0.005095 0.000000 0.000000 603
-0.000000 -3.199953 -3.218180 -0.506987 0.000000 0.000000 -0.005095 0.000000 0.000000 604
-0.000000 -3.217959 -3.235648 -0.506987 0.000000 0.000000 -0.005095 0.000000 0.000000 605
-0.000000 -3.236062 -3.253209 -0.506987 0.000000 0.000000 -0.005095 0.000000 0.000000 606
-0.000000 -3.254262 -3.270863 -0.506987 0.000000 0.000000 -0.005095 0.000000 0.000000 607
-0.000000 -3.272559 -3.288611 -0.506987 0.000000 0.000000 -0.005095 0.000000 0.000000 608
-0.000000 -3.290954 -3.306452 -0.506987 0.000000 0.000000 -0.005095 0.000000 0.000000 609
-0.000000 -3.309448 -3.324388 -0.506987 0.000000 0.000000 -0.005095 0.000000 0.000000 610
-0.000000 -3.328040 -3.342419 -0.506987 0.000000 0.000000 -0.005095 0.000000 0.000000 611
-0.000000 -3.346733 -3.360545 -0.506987 0.000000 0.000000 -0.005095 0.000000 0.000000 612
-0.000000 -3.365526 -3.378768 -0.506987 0.000000 0.000000 -0.005095 0.000000 0.000000 613
-0.000000 -3.384419 -3.397087 -0.506987 0.000000 0.000000 -0.005095 0.000000 0.000000 614
-0.000000 -3.403414 -3.415503 -0.506987 0.000000 0.000000 -0.005095 0.000000 0.000000 615
-0.000000 -3.422511 -3.434017 -0.506987 0.000000 0.000000 -0.005095 0.000000 0.000000 616
-0.000000 -3.441710 -3.452630 -0.506987 0.000000 0.000000 -0.005095 0.000000 0.000000 617
-0.000000 -3.461012 -3.471341 -0.506987 0.000000 0.000000 -0.005095 0.000000 0.000000 618
-0.000000 -3.480417 -3.490151 -0.506987 0.000000 0.000000 -0.005095 0.000000 0.000000 619
-0.000000 -3.499927 -3.509061 -0.506987 0.000000 0.000000 -0.005095 0.000000 0.000000 620
-0.000000 -3.519542 -3.528071 -0.506987 0.000000 0.000000 -0.005095 0.000000 0.000000 621
-0.000000 -3.539261 -3.547183 -0.506987 0.000000 0.000000 -0.005095 0.000000 0.000000 622
-0.000000 -3.559087 -3.566396 -0.506987 0.000000 0.000000 -0.005095 0.000000 0.000000 623
-0.000000 -3.579019 -3.585711 -0.506987 0.000000 0.000000 -0.005095 0.000000 0.000000 624
-0.000000 -3.599058 -3.605128 -0.506987 0.000000 0.000000 -0.005095 0.000000 0.000000 625
-0.000000 -3.619205 -3.624649 -0.506987 0.000000 0.000000 -0.005095 0.000000 0.000000 626
-0.000000 -3.639459 -3.644274 -0.506987 0.000000 0.000000 -0.005095 0.000000 0.000000 627
-0.000000 -3.659823 -3.664003 -0.506987 0.000000 0.000000 -0.005095 0.000000 0.000000 628
-0.000000 -3.680296 -3.683837 -0.506987 0.000000 0.000000 -0.005095 0.000000 0.000000 629
-0.000000 -3.700879 -3.703776 -0.506987 0.000000 0.000000 -0.005095 0.000000 0.000000 630
-0.000000 -3.721573 -3.723821 -0.506987 0.000000 0.000000 -0.005095 0.000000 0.000000 631
-0.000000 -3.742378 -3.743974 -0.506987 0.000000 0.000000 -0.005095 0.000000 0.000000 632
-0.000000 -3.763295 -3.764233 -0.506987 0.000000 0.000000 -0.005095 0.000000 0.000000 633
-0.000000 -3.784324 -3.784600 -0.506987 0.000000 0.000000 -0.005095 0.000000 0.000000 634
-0.000000 -3.805466 -3.805076 -0.506987 0.000000 0.000000 -0.005095 0.000000 0.000000 635
-0.000000 -3.826722 -3.825660 -0.506987 0.000000 0.000000 -0.005095 0.000000 0.000000 636
-0.000000 -3.848093 -3.846355 -0.506987 0.000000 0.000000 -0.005095 0.000000 0.000000 637
-0.000000 -3.869578 -3.867159 -0.506987 0.000000 0.000000 -0.005095 0.000000 0.000000 638
-0.000000 -3.891179 -3.888075 -0.506987 0.000000 0.000000 -0.005095 0.000000 0.000000 639
-0.000000 -3.912896 -3.909102 -0.506987 0.000000 0.000000 -0.005095 0.000000 0.000000 640
-0.000000 -3.934730 -3.930241 -0.506987 0.000000 0.000000 -0.005095 0.000000 0.000000 641
-0.000000 -3.956682 -3.951493 -0.506987 0.000000 0.000000 -0.005095 0.000000 0.000000 642
-0.000000 -3.978751 -3.972858 -0.506987 0.000000 0.000000 -0.005095 0.000000 0.000000 643
-0.000000 -4.000940 -3.994338 -0.506987 0.000000 0.000000 -0.005095 0.000000 0.000000 644
-0.000000 -4.023248 -4.015931 -0.506987 0.000000 0.000000 -0.005095 0.000000 0.000000 645
-0.000000 -4.045677 -4.037641 -0.506987 0.000000 0.000000 -0.005095 0.000000 0.000000 646
-0.000000 -4.068226 -4.059466 -0.506987 0.000000 0.000000 -0.005095 0.000000 0.000000 647
-0.000000 -4.090896 -4.081407 -0.506987 0.000000 0.000000 -0.005095 0.000000 0.000000 648
-0.000000 -4.113689 -4.103466 -0.506987 0.000000 0.000000 -0.005095 0.000000 0.000000 649
-0.000000 -4.136605 -4.125643 -0.506987 0.000000 0.000000 -0.005095 0.000000 0.000000 650
-0.000000 -4.159644 -4.147938 -0.506987 0.000000 0.000000 -0.005095 0.000000 0.000000 651
-0.000000 -4.182808 -4.170352 -0.506987 0.000000 0.000000 -0.005095 0.000000 0.000000 652
-0.000000 -4.206096 -4.192887 -0.506987 0.000000 0.000000 -0.005095 0.000000 0.000000 653
-0.000000 -4.229510 -4.215542 -0.506987 0.000000 0.000000 -0.005095 0.000000 0.000000 654
-0.000000 -4.253051 -4.238318 -0.506987 0.000000 0.000000 -0.005095 0.000000 0.000000 655
-0.000000 -4.276718 -4.261215 -0.506987 0.000000 0.000000 -0.005095 0.000000 0.000000 656
-0.000000 -4.300513 -4.284236 -0.506987 0.000000 0.000000 -0.005095 0.000000 0.000000 657
-0.000000 -4.324437 -4.307380 -0.506987 0.000000 0.000000 -0.005095 0.000000 0.000000 658
-0.000000 -4.348490 -4.330647 -0.506987 0.000000 0.000000 -0.005095 0.000000 0.000000 659
-0.000000 -4.372673 -4.354039 -0.506987 0.000000 0.000000 -0.005095 0.000000 0.000000 660
-0.000000 -4.396986 -4.377557 -0.506987 0.000000 0.000000 -0.005095 0.000000 0.000000 661
-0.000000 -4.421431 -4.401200 -0.506987 0.000000 0.000000 -0.005095 0.000000 0.000000 662
-0.000000 -4.446008 -4.424971 -0.506987 0.000000 0.000000 -0.005095 0.000000 0.000000 663
-0.000000 -4.470717 -4.448869 -0.506987 0.000000 0.000000 -0.005095 0.000000 0.000000 664
-0.000000 -4.495561 -4.472895 -0.506987 0.000000 0.000000 -0.005095 0.000000 0.000000 665
-0.000000 -4.520538 -4.497049 -0.506987 0.000000 0.000000 -0.005095 0.000000 0.000000 666
-0.000000 -4.545651 -4.521334 -0.506987 0.000000 0.000000 -0.005095 0.000000 0.000000 667
-0.000000 -4.570899 -4.545749 -0.506987 0.000000 0.000000 -0.005095 0.000000 0.000000 668
-0.000000 -4.596284 -4.570294 -0.506987 0.000000 0.000000 -0.005095 0.000000 0.000000 669
-0.000000 -4.621807 -4.594972 -0.506987 0.000000 0.000000 -0.005095 0.000000 0.000000 670
-0.000000 -4.647468 -4.619782 -0.506987 0.000000 0.000000 -0.005095 0.000000 0.000000 671
-0.000000 -4.673267 -4.644726 -0.506987 0.000000 0.000000 -0.005095 0.000000 0.000000 672
-0.000000 -4.699206 -4.669803 -0.506987 0.000000 0.000000 -0.005095 0.000000 0.000000 673
-0.000000 -4.725286 -4.695016 -0.506987 0.000000 0.000000 -0.005095 0.000000 0.000000 674
-0.000000 -4.751507 -4.720364 -0.506987 0.000000 0.000000 -0.005095 0.000000 0.000000 675
-0.000000 -4.777870 -4.745848 -0.506987 0.000000 0.000000 -0.005095 0.000000 0.000000 676
-0.000000 -4.804376 -4.771470 -0.506987 0.000000 0.000000 -0.005095 0.000000 0.000000 677
-0.000000 -4.831026 -4.797229 -0.506987 0.000000 0.000000 -0.005095 0.000000 0.000000 678
-0.000000 -4.857820 -4.823127 -0.506987 0.000000 0.000000 -0.005095 0.000000 0.000000 679
-0.000000 -4.884759 -4.849164 -0.506987 0.000000 0.000000 -0.005095 0.000000 0.000000 680
-0.000000 -4.911845 -4.875342 -0.506987 0.000000 0.000000 -0.005095 0.000000 0.000000 681
-0.000000 -4.939077 -4.901661 -0.506987 0.000000 0.000000 -0.005095 0.000000 0.000000 682
-0.000000 -4.966458 -4.928121 -0.506987 0.000000 0.000000 -0.005095 0.000000 0.000000 683
-0.000000 -4.993986 -4.954724 -0.506987 0.000000 0.000000 -0.005095 0.000000 0.000000 684
-0.000000 -5.021665 -4.981471 -0.506987 0.000000 0.000000 -0.005095 0.000000 0.000000 685
-0.000000 -5.049494 -5.008362 -0.506987 0.000000 0.000000 -0.005095 0.000000 0.000000 686
-0.000000 -5.077473 -5.035398 -0.506987 0.000000 0.000000 -0.005095 0.000000 0.000000 687
-0.000000 -5.105605 -5.062580 -0.506987 0.000000 0.000000 -0.005095 0.000000 0.000000 688
-0.000000 -5.133890 -5.089908 -0.506987 0.000000 0.000000 -0.005095 0.000000 0.000000 689
-0.000000 -5.162329 -5.117385 -0.506987 0.000000 0.000000 -0.005095 0.000000 0.000000 690
-0.000000 -5.190922 -5.145009 -0.506987 0.000000 0.000000 -0.005095 0.000000 0.000000 691
-0.000000 -5.219670 -5.172783 -0.506987 0.000000 0.000000 -0.005095 0.000000 0.000000 692
-0.000000 -5.248575 -5.200707 -0.506987 0.000000 0.000000 -0.005095 0.000000 0.000000 693
-0.000000 -5.277638 -5.228782 -0.506987 0.000000 0.000000 -0.005095 0.000000 0.000000 694
-0.000000 -5.306858 -5.257009 -0.506987 0.000000 0.000000 -0.005095 0.000000 0.000000 695
-0.000000 -5.336238 -5.285388 -0.506987 0.000000 0.000000 -0.005095 0.000000 0.000000 696
-0.000000 -5.365777 -5.313921 -0.506987 0.000000 0.000000 -0.005095 0.000000 0.000000 697
-0.000000 -5.395477 -5.342609 -0.506987 0.000000 0.000000 -0.005095 0.000000 0.000000 698
-0.000000 -5.425340 -5.371451 -0.506987 0.000000 0.000000 -0.005095 0.000000 0.000000 699
-0.000000 -5.455365 -5.400450 -0.506987 0.000000 0.000000 -0.005095 0.000000 0.000000 700
-0.000000 -5.485553 -5.429607 -0.506987 0.000000 0.000000 -0.005095 0.000000 0.000000 701
-0.000000 -5.515906 -5.458921 -0.506987 0.000000 0.000000 -0.005095 0.000000 0.000000 702
-0.000000 -5.546425 -5.488394 -0.506987 0.000000 0.000000 -0.005095 0.000000 0.000000 703
-0.000000 -5.577110 -5.518027 -0.506987 0.000000 0.000000 -0.005095 0.000000 0.000000 704
-0.000000 -5.607963 -5.547820 -0.506987 0.000000 0.000000 -0.005095 0.000000 0.000000 705
-0.000000 -5.638984 -5.577775 -0.506987 0.000000 0.000000 -0.005095 0.000000 0.000000 706
-0.000000 -5.670174 -5.607893 -0.506987 0.000000 0.000000 -0.005095 0.000000 0.000000 707
-0.000000 -5.701535 -5.638175 -0.506987 0.000000 0.000000 -0.005095 0.000000 0.000000 708
-0.000000 -5.733067 -5.668621 -0.506987 0.000000 0.000000 -0.005095 0.000000 0.000000 709
-0.000000 -5.764772 -5.699232 -0.506987 0.000000 0.000000 -0.005095 0.000000 0.000000 710
-0.000000 -5.796649 -5.730010 -0.506987 0.000000 0.000000 -0.005095 0.000000 0.000000 711
-0.000000 -5.828701 -5.760955 -0.506987 0.000000 0.000000 -0.005095 0.000000 0.000000 712
-0.000000 -5.860928 -5.792068 -0.506987 0.000000 0.000000 -0.005095 0.000000 0.000000 713
-0.000000 -5.893332 -5.823350 -0.506987 0.000000 0.000000 -0.005095 0.000000 0.000000 714
-0.000000 -5.925913 -5.854803 -0.506987 0.000000 0.000000 -0.005095 0.000000 0.000000 715
-0.000000 -5.958672 -5.886427 -0.506987 0.000000 0.000000 -0.005095 0.000000 0.000000 716
-0.000000 -5.991610 -5.918223 -0.506987 0.000000 0.000000 -0.005095 0.000000 0.000000 717
-0.000000 -6.024729 -5.950193 -0.506987 0.000000 0.000000 -0.005095 0.000000 0.000000 718
-0.000000 -6.058029 -5.982337 -0.506987 0.000000 0.000000 -0.005095 0.000000 0.000000 719
-0.000000 -6.091512 -6.014655 -0.506987 0.000000 0.000000 -0.005095 0.000000 0.000000 720
-0.000000 -6.125178 -6.047151 -0.506987 0.000000 0.000000 -0.005095 0.000000 0.000000 721
-0.000000 -6.159029 -6.079823 -0.506987 0.000000 0.000000 -0.005095 0.000000 0.000000 722
-0.000000 -6.193066 -6.112674 -0.506987 0.000000 0.000000 -0.005095 0.000000 0.000000 723
-0.000000 -6.227289 -6.145704 -0.506987 0.000000 0.000000 -0.005095 0.000000 0.000000 724
-0.000000 -6.261700 -6.178914 -0.506987 0.000000 0.000000 -0.005095 0.000000 0.000000 725
-0.000000 -6.296300 -6.212306 -0.506987 0.000000 0.000000 -0.005095 0.000000 0.000000 726
-0.000000 -6.331090 -6.245880 -0.506987 0.000000 0.000000 -0.005095 0.000000 0.000000 727
-0.000000 -6.366071 -6.279638 -0.506987 0.000000 0.000000 -0.005095 0.000000 0.000000 728
-0.000000 -6.401245 -6.313580 -0.506987 0.000000 0.000000 -0.005095 0.000000 0.000000 729
-0.000000 -6.436611 -6.347708 -0.506987 0.000000 0.000000 -0.005095 0.000000 0.000000 730
-0.000000 -6.472173 -6.382023 -0.506987 0.000000 0.000000 -0.005095 0.000000 0.000000 731
-0.000000 -6.507929 -6.416526 -0.506987 0.000000 0.000000 -0.005095 0.000000 0.000000 732
-0.000000 -6.543883 -6.451217 -0.506987 0.000000 0.000000 -0.005095 0.000000 0.000000 733
-0.000000 -6.580034 -6.486099 -0.506987 0.000000 0.000000 -0.005095 0.000000 0.000000 734
-0.000000 -6.616384 -6.521172 -0.506987 0.000000 0.000000 -0.005095 0.000000 0.000000 735
-0.000000 -6.652935 -6.556437 -0.506987 0.000000 0.000000 -0.005095 0.000000 0.000000 736
-0.000000 -6.689687 -6.591895 -0.506987 0.000000 0.000000 -0.005095 0.000000 0.000000 737
-0.000000 -6.726642 -6.627548 -0.506987 0.000000 0.000000 -0.005095 0.000000 0.000000 738
-0.000000 -6.763800 -6.663397 -0.506987 0.000000 0.000000 -0.005095 0.000000 0.000000 739
-0.000000 -6.801163 -6.699443 -0.506987 0.000000 0.000000 -0.005095 0.000000 0.000000 740
-0.000000 -6.838732 -6.735686 -0.506987 0.000000 0.000000 -0.005095 0.000000 0.000000 741
-0.000000 -6.876509 -6.772129 -0.506987 0.000000 0.000000 -0.005095 0.000000 0.000000 742
-0.000000 -6.914494 -6.808772 -0.506987 0.000000 0.000000 -0.005095 0.000000 0.000000 743
-0.000000 -6.952689 -6.845616 -0.506987 0.000000 0.000000 -0.005095 0.000000 0.000000 744
-0.000000 -6.991095 -6.882664 -0.506987 0.000000 0.000000 -0.005095 0.000000 0.000000 745
-0.000000 -7.029713 -6.919915 -0.506987 0.000000 0.000000 -0.005095 0.000000 0.000000 746
-0.000000 -7.068544 -6.957371 -0.506987 0.000000 0.000000 -0.005095 0.000000 0.000000 747
-0.000000 -7.107591 -6.995033 -0.506987 0.000000 0.000000 -0.005095 0.000000 0.000000 748
-0.000000 -7.146853 -7.032903 -0.506987 0.000000 0.000000 -0.005095 0.000000 0.000000 749
-0.000000 -7.186333 -7.070982 -0.506987 0.000000 0.000000 -0.005095 0.000000 0.000000 750
-0.000000 -7.226031 -7.109271 -0.506987 0.000000 0.000000 -0.005095 0.000000 0.000000 751
-0.000000 -7.265949 -7.147770 -0.506987 0.000000 0.000000 -0.005095 0.000000 0.000000 752
-0.000000 -7.306088 -7.186483 -0.506987 0.000000 0.000000 -0.005095 0.000000 0.000000 753
-0.000000 -7.346450 -7.225409 -0.506987 0.000000 0.000000 -0.005095 0.000000 0.000000 754
-0.000000 -7.387035 -7.264550 -0.506987 0.000000 0.000000 -0.005095 0.000000 0.000000 755
-0.000000 -7.427846 -7.303907 -0.506987 0.000000 0.000000 -0.005095 0.000000 0.000000 756
-0.000000 -7.468883 -7.343482 -0.506987 0.000000 0.000000 -0.005095 0.000000 0.000000 757
-0.000000 -7.510148 -7.383276 -0.506987 0.000000 0.000000 -0.005095 0.000000 0.000000 758
-0.000000 -7.551642 -7.423290 -0.506987 0.000000 0.000000 -0.005095 0.000000 0.000000 759
-0.000000 -7.593366 -7.463525 -0.506987 0.000000 0.000000 -0.005095 0.000000 0.000000 760
-0.000000 -7.635322 -7.503983 -0.506987 0.000000 0.000000 -0.005095 0.000000 0.000000 761
-0.000000 -7.677512 -7.544665 -0.506987 0.000000 0.000000 -0.005095 0.000000 0.000000 762
-0.000000 -7.719936 -7.585573 -0.506987 0.000000 0.000000 -0.005095 0.000000 0.000000 763
-0.000000 -7.762596 -7.626708 -0.506987 0.000000 0.000000 -0.005095 0.000000 0.000000 764
-0.000000 -7.805494 -7.668070 -0.506987 0.000000 0.000000 -0.005095 0.000000 0.000000 765
-0.000000 -7.848630 -7.709662 -0.506987 0.000000 0.000000 -0.005095 0.000000 0.000000 766
-0.000000 -7.892007 -7.751485 -0.506987 0.000000 0.000000 -0.005095 0.000000 0.000000 767
-0.000000 -7.935625 -7.793541 -0.506987 0.000000 0.000000 -0.005095 0.000000 0.000000 768
-0.000000 -7.979487 -7.835830 -0.506987 0.000000 0.000000 -0.005095 0.000000 0.000000 769
-0.000000 -8.023593 -7.878354 -0.506987 0.000000 0.000000 -0.005095 0.000000 0.000000 770
-0.000000 -8.067945 -7.921114 -0.506987 0.000000 0.000000 -0.005095 0.000000 0.000000 771
-0.000000 -8.112545 -7.964113 -0.506987 0.000000 0.000000 -0.005095 0.000000 0.000000 772
-0.000000 -8.157394 -8.007350 -0.506987 0.000000 0.000000 -0.005095 0.000000 0.000000 773
-0.000000 -8.202494 -8.050829 -0.506987 0.000000 0.000000 -0.005095 0.000000 0.000000 774
-0.000000 -8.247845 -8.094550 -0.506987 0.000000 0.000000 -0.005095 0.000000 0.000000 775
-0.000000 -8.293450 -8.138514 -0.506987 0.000000 0.000000 -0.005095 0.000000 0.000000 776
-0.000000 -8.339310 -8.182724 -0.506987 0.000000 0.000000 -0.005095 0.000000 0.000000 777
-0.000000 -8.385427 -8.227180 -0.506987 0.000000 0.000000 -0.005095 0.000000 0.000000 778
-0.000000 -8.431802 -8.271884 -0.506987 0.000000 0.000000 -0.005095 0.000000 0.000000 779
-0.000000 -8.478436 -8.316838 -0.506987 0.000000 0.000000 -0.005095 0.000000 0.000000 780
-0.000000 -8.525332 -8.362044 -0.506987 0.000000 0.000000 -0.005095 0.000000 0.000000 781
-0.000000 -8.572491 -8.407501 -0.506987 0.000000 0.000000 -0.005095 0.000000 0.000000 782
-0.000000 -8.619914 -8.453213 -0.506987 0.000000 0.000000 -0.005095 0.000000 0.000000 783
-0.000000 -8.667604 -8.499181 -0.506987 0.000000 0.000000 -0.005095 0.000000 0.000000 784
-0.000000 -8.715561 -8.545406 -0.506987 0.000000 0.000000 -0.005095 0.000000 0.000000 785
-0.000000 -8.763787 -8.591890 -0.506987 0.000000 0.000000 -0.005095 0.000000 0.000000 786
-0.000000 -8.812284 -8.638635 -0.506987 0.000000 0.000000 -0.005095 0.000000 0.000000 787
-0.000000 -8.861054 -8.685641 -0.506987 0.000000 0.000000 -0.005095 0.000000 0.000000 788
-0.000000 -8.910098 -8.732911 -0.506987 0.000000 0.000000 -0.005095 0.000000 0.000000 789
-0.000000 -8.959418 -8.780447 -0.506987 0.000000 0.000000 -0.005095 0.000000 0.000000 790
-0.000000 -9.009016 -8.828249 -0.506987 0.000000 0.000000 -0.005095 0.000000 0.000000 791
-0.000000 -9.058893 -8.876319 -0.506987 0.000000 0.000000 -0.005095 0.000000 0.000000 792
-0.000000 -9.109050 -8.924660 -0.506987 0.000000 0.000000 -0.005095 0.000000 0.000000 793
-0.000000 -9.159491 -8.973273 -0.506987 0.000000 0.000000 -0.005095 0.000000 0.000000 794
-0.000000 -9.210216 -9.022159 -0.506987 0.000000 0.000000 -0.005095 0.000000 0.000000 795
-0.000000 -9.261227 -9.071320 -0.506987 0.000000 0.000000 -0.005095 0.000000 0.000000 796
-0.000000 -9.312526 -9.120758 -0.506987 0.000000 0.000000 -0.005095 0.000000 0.000000 797
-0.000000 -9.364115 -9.170475 -0.506987 0.000000 0.000000 -0.005095 0.000000 0.000000 798
-0.000000 -9.415996 -9.220472 -0.506987 0.000000 0.000000 -0.005095 0.000000 0.000000 799
-0.000000 -9.468169 -9.270750 -0.506987 0.000000 0.000000 -0.005095 0.000000 0.000000 800
-0.000000 -9.520638 -9.321313 -0.506987 0.000000 0.000000 -0.005095 0.000000 0.000000 801
-0.000000 -9.573403 -9.372161 -0.506987 0.000000 0.000000 -0.005095 0.000000 0.000000 802
-0.000000 -9.626468 -9.423296 -0.506987 0.000000 0.000000 -0.005095 0.000000 0.000000 803
-0.000000 -9.679833 -9.474720 -0.506987 0.000000 0.000000 -0.005095 0.000000 0.000000 804
-0.000000 -9.733500 -9.526435 -0.506987 0.000000 0.000000 -0.005095 0.000000 0.000000 805
-0.000000 -9.787471 -9.578443 -0.506987 0.000000 0.000000 -0.005095 0.000000 0.000000 806
-0.000000 -9.841749 -9.630745 -0.506987 0.000000 0.000000 -0.005095 0.000000 0.000000 807
-0.000000 -9.896335 -9.683343 -0.506987 0.000000 0.000000 -0.005095 0.000000 0.000000 808
-0.000000 -9.951231 -9.736240 -0.506987 0.000000 0.000000 -0.005095 0.000000 0.000000 809
-0.000000 -10.006438 -9.789436 -0.506987 0.000000 0.000000 -0.005095 0.000000 0.000000 810
-0.000000 -10.061960 -9.842934 -0.506987 0.000000 0.000000 -0.005095 0.000000 0.000000 811
-0.000000 -10.117797 -9.896736 -0.506987 0.000000 0.000000 -0.005095 0.000000 0.000000 812
-0.000000 -10.173952 -9.950844 -0.506987 0.000000 0.000000 -0.005095 0.000000 0.000000 813
-0.000000 -10.230427 -10.005259 -0.506987 0.000000 0.000000 -0.005095 0.000000 0.000000 814
-0.000000 -10.287223 -10.059983 -0.506987 0.000000 0.000000 -0.005095 0.000000 0.000000 815
-0.000000 -10.344344 -10.115019 -0.506987 0.000000 0.000000 -0.005095 0.000000 0.000000 816
-0.000000 -10.401790 -10.170368 -0.506987 0.000000 0.000000 -0.005095 0.000000 0.000000 817
-0.000000 -10.459564 -10.226032 -0.506987 0.000000 0.000000 -0.005095 0.000000 0.000000 818
-0.000000 -10.517667 -10.282014 -0.506987 0.000000 0.000000 -0.005095 0.000000 0.000000 819
-0.000000 -10.576103 -10.338315 -0.506987 0.000000 0.000000 -0.005095 0.000000 0.000000 820
-0.000000 -10.634872 -10.394937 -0.506987 0.000000 0.000000 -0.005095 0.000000 0.000000 821
-0.000000 -10.693978 -10.451882 -0.506987 0.000000 0.000000 -0.005095 0.000000 0.000000 822
-0.000000 -10.753422 -10.509153 -0.506987 0.000000 0.000000 -0.005095 0.000000 0.000000 823
-0.000000 -10.813206 -10.566751 -0.506987 0.000000 0.000000 -0.005095 0.000000 0.000000 824
-0.000000 -10.873333 -10.624679 -0.506987 0.000000 0.000000 -0.005095 0.000000 0.000000 825
-0.000000 -10.933804 -10.682938 -0.506987 0.000000 0.000000 -0.005095 0.000000 0.000000 826
-0.000000 -10.994622 -10.741531 -0.506987 0.000000 0.000000 -0.005095 0.000000 0.000000 827
-0.000000 -11.055789 -10.800459 -0.506987 0.000000 0.000000 -0.005095 0.000000 0.000000 828
-0.000000 -11.117307 -10.859726 -0.506987 0.000000 0.000000 -0.005095 0.000000 0.000000 829
-0.000000 -11.179179 -10.919332 -0.506987 0.000000 0.000000 -0.005095 0.000000 0.000000 830
-0.000000 -11.241407 -10.979281 -0.506987 0.000000 0.000000 -0.005095 0.000000 0.000000 831
-0.000000 -11.303992 -11.039574 -0.506987 0.000000 0.000000 -0.005095 0.000000 0.000000 832
-0.000000 -11.366938 -11.100214 -0.506987 0.000000 0.000000 -0.005095 0.000000 0.000000 833
-0.000000 -11.430246 -11.161202 -0.506987 0.000000 0.000000 -0.005095 0.000000 0.000000 834
-0.000000 -11.493919 -11.222542 -0.506987 0.000000 0.000000 -0.005095 0.000000 0.000000 835
-0.000000 -11.557959 -11.284235 -0.506987 0.000000 0.000000 -0.005095 0.000000 0.000000 836
-0.000000 -11.622369 -11.346283 -0.506987 0.000000 0.000000 -0.005095 0.000000 0.000000 837
-0.000000 -11.687150 -11.408689 -0.506987 0.000000 0.000000 -0.005095 0.000000 0.000000 838
-0.000000 -11.752306 -11.471455 -0.506987 0.000000 0.000000 -0.005095 0.000000 0.000000 839
-0.000000 -11.817838 -11.534584 -0.506987 0.000000 0.000000 -0.005095 0.000000 0.000000 840
-0.000000 -11.883749 -11.598077 -0.506987 0.000000 0.000000 -0.005095 0.000000 0.000000 841
-0.000000 -11.950042 -11.661938 -0.506987 0.000000 0.000000 -0.005095 0.000000 0.000000 842
-0.000000 -12.016719 -11.726168 -0.506987 0.000000 0.000000 -0.005095 0.000000 0.000000 843
-0.000000 -12.083782 -11.790770 -0.506987 0.000000 0.000000 -0.005095 0.000000 0.000000 844
-0.000000 -12.151234 -11.855746 -0.506987 0.000000 0.000000 -0.005095 0.000000 0.000000 845
-0.000000 -12.219078 -11.921099 -0.506987 0.000000 0.000000 -0.005095 0.000000 0.000000 846
-0.000000 -12.287315 -11.986831 -0.506987 0.000000 0.000000 -0.005095 0.000000 0.000000 847
-0.000000 -12.355949 -12.052945 -0.506987 0.000000 0.000000 -0.005095 0.000000 0.000000 848
-0.000000 -12.424982 -12.119442 -0.506987 0.000000 0.000000 -0.005095 0.000000 0.000000 849
-0.000000 -12.494417 -12.186327 -0.506987 0.000000 0.000000 -0.005095 0.000000 0.000000 850
-0.000000 -12.564255 -12.253600 -0.506987 0.000000 0.000000 -0.005095 0.000000 0.000000 851
-0.000000 -12.634501 -12.321265 -0.506987 0.000000 0.000000 -0.005095 0.000000 0.000000 852
-0.000000 -12.705156 -12.389324 -0.506987 0.000000 0.000000 -0.005095 0.000000 0.000000 853
-0.000000 -12.776224 -12.457780 -0.506987 0.000000 0.000000 -0.005095 0.000000 0.000000 854
-0.000000 -12.847706 -12.526636 -0.506987 0.000000 0.000000 -0.005095 0.000000 0.000000 855
-0.000000 -12.919606 -12.595893 -0.506987 0.000000 0.000000 -0.005095 0.000000 0.000000 856
-0.000000 -12.991926 -12.665555 -0.506987 0.000000 0.000000 -0.005095 0.000000 0.000000 857
-0.000000 -13.064669 -12.735625 -0.506987 0.000000 0.000000 -0.005095 0.000000 0.000000 858
-0.000000 -13.137838 -12.806104 -0.506987 0.000000 0.000000 -0.005095 0.000000 0.000000 859
-0.000000 -13.211436 -12.876996 -0.506987 0.000000 0.000000 -0.005095 0.000000 0.000000 860
-0.000000 -13.285465 -12.948304 -0.506987 0.000000 0.000000 -0.005095 0.000000 0.000000 861
-0.000000 -13.359929 -13.020029 -0.506987 0.000000 0.000000 -0.005095 0.000000 0.000000 862
-0.000000 -13.434829 -13.092176 -0.506987 0.000000 0.000000 -0.005095 0.000000 0.000000 863
-0.000000 -13.510170 -13.164746 -0.506987 0.000000 0.000000 -0.005095 0.000000 0.000000 864
-0.000000 -13.585954 -13.237743 -0.506987 0.000000 0.000000 -0.005095 0.000000 0.000000 865
-0.000000 -13.662183 -13.311169 -0.506987 0.000000 0.000000 -0.005095 0.000000 0.000000 866
-0.000000 -13.738862 -13.385027 -0.506987 0.000000 0.000000 -0.005095 0.000000 0.000000 867
-0.000000 -13.815992 -13.459321 -0.506987 0.000000 0.000000 -0.005095 0.000000 0.000000 868
-0.000000 -13.893577 -13.534052 -0.506987 0.000000 0.000000 -0.005095 0.000000 0.000000 869
-0.000000 -13.971620 -13.609224 -0.506987 0.000000 0.000000 -0.005095 0.000000 0.000000 870
-0.000000 -14.050123 -13.684840 -0.506987 0.000000 0.000000 -0.005095 0.000000 0.000000 871
-0.000000 -14.129091 -13.760903 -0.506987 0.000000 0.000000 -0.005095 0.000000 0.000000 872
-0.000000 -14.208526 -13.837416 -0.506987 0.000000 0.000000 -0.005095 0.000000 0.000000 873
-0.000000 -14.288431 -13.914382 -0.506987 0.000000 0.000000 -0.005095 0.000000 0.000000 874
-0.000000 -14.368809 -13.991804 -0.506987 0.000000 0.000000 -0.005095 0.000000 0.000000 875
-0.000000 -14.449664 -14.069684 -0.506987 0.000000 0.000000 -0.005095 0.000000 0.000000 876
-0.000000 -14.530998 -14.148027 -0.506987 0.000000 0.000000 -0.005095 0.000000 0.000000 877
-0.000000 -14.612816 -14.226835 -0.506987 0.000000 0.000000 -0.005095 0.000000 0.000000 878
-0.000000 -14.695120 -14.306111 -0.506987 0.000000 0.000000 -0.005095 0.000000 0.000000 879
-0.000000 -14.777913 -14.385859 -0.506987 0.000000 0.000000 -0.005095 0.000000 0.000000 880
-0.000000 -14.861199 -14.466082 -0.506987 0.000000 0.000000 -0.005095 0.000000 0.000000 881
-0.000000 -14.944981 -14.546782 -0.506987 0.000000 0.000000 -0.005095 0.000000 0.000000 882
-0.000000 -15.029262 -14.627964 -0.506987 0.000000 0.000000 -0.005095 0.000000 0.000000 883
-0.000000 -15.114047 -14.709630 -0.506987 0.000000 0.000000 -0.005095 0.000000 0.000000 884
-0.000000 -15.199337 -14.791784 -0.506987 0.000000 0.000000 -0.005095 0.000000 0.000000 885
-0.000000 -15.285138 -14.874429 -0.506987 0.000000 0.000000 -0.005095 0.000000 0.000000 886
-0.000000 -15.371451 -14.957569 -0.506987 0.000000 0.000000 -0.005095 0.000000 0.000000 887
-0.000000 -15.458282 -15.041206 -0.506987 0.000000 0.000000 -0.005095 0.000000 0.000000 888
-0.000000 -15.545632 -15.125345 -0.506987 0.000000 0.000000 -0.005095 0.000000 0.000000 889
-0.000000 -15.633507 -15.209988 -0.506987 0.000000 0.000000 -0.005095 0.000000 0.000000 890
-0.000000 -15.721908 -15.295140 -0.506987 0.000000 0.000000 -0.005095 0.000000 0.000000 891
-0.000000 -15.810841 -15.380803 -0.506987 0.000000 0.000000 -0.005095 0.000000 0.000000 892
-0.000000 -15.900308 -15.466982 -0.506987 0.000000 0.000000 -0.005095 0.000000 0.000000 893
-0.000000 -15.990314 -15.553679 -0.506987 0.000000 0.000000 -0.005095 0.000000 0.000000 894
-0.000000 -16.080862 -15.640899 -0.506987 0.000000 0.000000 -0.005095 0.000000 0.000000 895
-0.000000 -16.171956 -15.728645 -0.506987 0.000000 0.000000 -0.005095 0.000000 0.000000 896
-0.000000 -16.263599 -15.816921 -0.506987 0.000000 0.000000 -0.005095 0.000000 0.000000 897
-0.000000 -16.355795 -15.905730 -0.506987 0.000000 0.000000 -0.005095 0.000000 0.000000 898
-0.000000 -16.448549 -15.995076 -0.506987 0.000000 0.000000 -0.005095 0.000000 0.000000 899
-0.000000 -16.541864 -16.084963 -0.506987 0.000000 0.000000 -0.005095 0.000000 0.000000 900
-0.000000 -16.635744 -16.175395 -0.506987 0.000000 0.000000 -0.005095 0.000000 0.000000 901
-0.000000 -16.730193 -16.266375 -0.506987 0.000000 0.000000 -0.005095 0.000000 0.000000 902
-0.000000 -16.825215 -16.357908 -0.506987 0.000000 0.000000 -0.005095 0.000000 0.000000 903
-0.000000 -16.920813 -16.449996 -0.506987 0.000000 0.000000 -0.005095 0.000000 0.000000 904
-0.000000 -17.016993 -16.542645 -0.506987 0.000000 0.000000 -0.005095 0.000000 0.000000 905
-0.000000 -17.113758 -16.635858 -0.506987 0.000000 0.000000 -0.005095 0.000000 0.000000 906
-0.000000 -17.211112 -16.729639 -0.506987 0.000000 0.000000 -0.005095 0.000000 0.000000 907
-0.000000 -17.309059 -16.823992 -0.506987 0.000000 0.000000 -0.005095 0.000000 0.000000 908
-0.000000 -17.407604 -16.918922 -0.506987 0.000000 0.000000 -0.005095 0.000000 0.000000 909
-0.000000 -17.506750 -17.014431 -0.506987 0.000000 0.000000 -0.005095 0.000000 0.000000 910
-0.000000 -17.606502 -17.110525 -0.506987 0.000000 0.000000 -0.005095 0.000000 0.000000 911
-0.000000 -17.706865 -17.207207 -0.506987 0.000000 0.000000 -0.005095 0.000000 0.000000 912
-0.000000 -17.807842 -17.304482 -0.506987 0.000000 0.000000 -0.005095 0.000000 0.000000 913
-0.000000 -17.909439 -17.402355 -0.506987 0.000000 0.000000 -0.005095 0.000000 0.000000 914
-0.000000 -18.011658 -17.500828 -0.506987 0.000000 0.000000 -0.005095 0.000000 0.000000 915
-0.000000 -18.114506 -17.599907 -0.506987 0.000000 0.000000 -0.005095 0.000000 0.000000 916
-0.000000 -18.217986 -17.699596 -0.506987 0.000000 0.000000 -0.005095 0.000000 0.000000 917
-0.000000 -18.322102 -17.799899 -0.506987 0.000000 0.000000 -0.005095 0.000000 0.000000 918
-0.000000 -18.426861 -17.900821 -0.506987 0.000000 0.000000 -0.005095 0.000000 0.000000 919
-0.000000 -18.532265 -18.002366 -0.506987 0.000000 0.000000 -0.005095 0.000000 0.000000 920
-0.000000 -18.638320 -18.104539 -0.506987 0.000000 0.000000 -0.005095 0.000000 0.000000 921
-0.000000 -18.745030 -18.207344 -0.506987 0.000000 0.000000 -0.005095 0.000000 0.000000 922
-0.000000 -18.852400 -18.310786 -0.506987 0.000000 0.000000 -0.005095 0.000000 0.000000 923
-0.000000 -18.960436 -18.414869 -0.506987 0.000000 0.000000 -0.005095 0.000000 0.000000 924
-0.000000 -19.069141 -18.519599 -0.506987 0.000000 0.000000 -0.005095 0.000000 0.000000 925
-0.000000 -19.178520 -18.624980 -0.506987 0.000000 0.000000 -0.005095 0.000000 0.000000 926
-0.000000 -19.288579 -18.731016 -0.506987 0.000000 0.000000 -0.005095 0.000000 0.000000 927
-0.000000 -19.399323 -18.837713 -0.506987 0.000000 0.000000 -0.005095 0.000000 0.000000 928
-0.000000 -19.510756 -18.945075 -0.506987 0.000000 0.000000 -0.005095 0.000000 0.000000 929
-0.000000 -19.622884 -19.053108 -0.506987 0.000000 0.000000 -0.005095 0.000000 0.000000 930
-0.000000 -19.735711 -19.161815 -0.506987 0.000000 0.000000 -0.005095 0.000000 0.000000 931
-0.000000 -19.849243 -19.271203 -0.506987 0.000000 0.000000 -0.005095 0.000000 0.000000 932
-0.000000 -19.963485 -19.381276 -0.506987 0.000000 0.000000 -0.005095 0.000000 0.000000 933
-0.000000 -20.078442 -19.492040 -0.506987 0.000000 0.000000 -0.005095 0.000000 0.000000 934
-0.000000 -20.194119 -19.603499 -0.506987 0.000000 0.000000 -0.005095 0.000000 0.000000 935
-0.000000 -20.310522 -19.715658 -0.506987 0.000000 0.000000 -0.005095 0.000000 0.000000 936
-0.000000 -20.427657 -19.828524 -0.506987 0.000000 0.000000 -0.005095 0.000000 0.000000 937
-0.000000 -20.545528 -19.942100 -0.506987 0.000000 0.000000 -0.005095 0.000000 0.000000 938
-0.000000 -20.664141 -20.056393 -0.506987 0.000000 0.000000 -0.005095 0.000000 0.000000 939
-0.000000 -20.783501 -20.171408 -0.506987 0.000000 0.000000 -0.005095 0.000000 0.000000 940
-0.000000 -20.903615 -20.287150 -0.506987 0.000000 0.000000 -0.005095 0.000000 0.000000 941
-0.000000 -21.024488 -20.403625 -0.506987 0.000000 0.000000 -0.005095 0.000000 0.000000 942
-0.000000 -21.146125 -20.520838 -0.506987 0.000000 0.000000 -0.005095 0.000000 0.000000 943
-0.000000 -21.268533 -20.638795 -0.506987 0.000000 0.000000 -0.005095 0.000000 0.000000 944
-0.000000 -21.391717 -20.757502 -0.506987 0.000000 0.000000 -0.005095 0.000000 0.000000 945
-0.000000 -21.515683 -20.876964 -0.506987 0.000000 0.000000 -0.005095 0.000000 0.000000 946
-0.000000 -21.640436 -20.997187 -0.506987 0.000000 0.000000 -0.005095 0.000000 0.000000 947
-0.000000 -21.765984 -21.118176 -0.506987 0.000000 0.000000 -0.005095 0.000000 0.000000 948
-0.000000 -21.892331 -21.239939 -0.506987 0.000000 0.000000 -0.005095 0.000000 0.000000 949
-0.000000 -22.019484 -21.362479 -0.506987 0.000000 0.000000 -0.005095 0.000000 0.000000 950
-0.000000 -22.147449 -21.485805 -0.506987 0.000000 0.000000 -0.005095 0.000000 0.000000 951
-0.000000 -22.276233 -21.609921 -0.506987 0.000000 0.000000 -0.005095 0.000000 0.000000 952
-0.000000 -22.405842 -21.734834 -0.506987 0.000000 0.000000 -0.005095 0.000000 0.000000 953
-0.000000 -22.536281 -21.860549 -0.506987 0.000000 0.000000 -0.005095 0.000000 0.000000 954
-0.000000 -22.667557 -21.987074 -0.506987 0.000000 0.000000 -0.005095 0.000000 0.000000 955
-0.000000 -22.799678 -22.114414 -0.506987 0.000000 0.000000 -0.005095 0.000000 0.000000 956
-0.000000 -22.932648 -22.242576 -0.506987 0.000000 0.000000 -0.005095 0.000000 0.000000 957
-0.000000 -23.066476 -22.371566 -0.506987 0.000000 0.000000 -0.005095 0.000000 0.000000 958
-0.000000 -23.201167 -22.501390 -0.506987 0.000000 0.000000 -0.005095 0.000000 0.000000 959
-0.000000 -23.336728 -22.632056 -0.506987 0.000000 0.000000 -0.005095 0.000000 0.000000 960
-0.000000 -23.473167 -22.763569 -0.506987 0.000000 0.000000 -0.005095 0.000000 0.000000 961
-0.000000 -23.610489 -22.895937 -0.506987 0.000000 0.000000 -0.005095 0.000000 0.000000 962
-0.000000 -23.748702 -23.029166 -0.506987 0.000000 0.000000 -0.005095 0.000000 0.000000 963
-0.000000 -23.887813 -23.163263 -0.506987 0.000000 0.000000 -0.005095 0.000000 0.000000 964
-0.000000 -24.027829 -23.298234 -0.506987 0.000000 0.000000 -0.005095 0.000000 0.000000 965
-0.000000 -24.168756 -23.434088 -0.506987 0.000000 0.000000 -0.005095 0.000000 0.000000 966
-0.000000 -24.310603 -23.570830 -0.506987 0.000000 0.000000 -0.005095 0.000000 0.000000 967
-0.000000 -24.453377 -23.708468 -0.506987 0.000000 0.000000 -0.005095 0.000000 0.000000 968
-0.000000 -24.597084 -23.847010 -0.506987 0.000000 0.000000 -0.005095 0.000000 0.000000 969
-0.000000 -24.741732 -23.986461 -0.506987 0.000000 0.000000 -0.005095 0.000000 0.000000 970
-0.000000 -24.887330 -24.126830 -0.506987 0.000000 0.000000 -0.005095 0.000000 0.000000 971
-0.000000 -25.033883 -24.268125 -0.506987 0.000000 0.000000 -0.005095 0.000000 0.000000 972
-0.000000 -25.181401 -24.410351 -0.506987 0.000000 0.000000 -0.005095 0.000000 0.000000 973
-0.000000 -25.329890 -24.553518 -0.506987 0.000000 0.000000 -0.005095 0.000000 0.000000 974
-0.000000 -25.479359 -24.697632 -0.506987 0.000000 0.000000 -0.005095 0.000000 0.000000 975
-0.000000 -25.629815 -24.842702 -0.506987 0.000000 0.000000 -0.005095 0.000000 0.000000 976
-0.000000 -25.781267 -24.988735 -0.506987 0.000000 0.000000 -0.005095 0.000000 0.000000 977
-0.000000 -25.933722 -25.135739 -0.506987 0.000000 0.000000 -0.005095 0.000000 0.000000 978
-0.000000 -26.087189 -25.283722 -0.506987 0.000000 0.000000 -0.005095 0.000000 0.000000 979
-0.000000 -26.241676 -25.432692 -0.506987 0.000000 0.000000 -0.005095 0.000000 0.000000 980
-0.000000 -26.397191 -25.582657 -0.506987 0.000000 0.000000 -0.005095 0.000000 0.000000 981
-0.000000 -26.553742 -25.733625 -0.506987 0.000000 0.000000 -0.005095 0.000000 0.000000 982
-0.000000 -26.711339 -25.885605 -0.506987 0.000000 0.000000 -0.005095 0.000000 0.000000 983
-0.000000 -26.869990 -26.038605 -0.506987 0.000000 0.000000 -0.005095 0.000000 0.000000 984
-0.000000 -27.029703 -26.192634 -0.506987 0.000000 0.000000 -0.005095 0.000000 0.000000 985
-0.000000 -27.190487 -26.347700 -0.506987 0.000000 0.000000 -0.005095 0.000000 0.000000 986
-0.000000 -27.352351 -26.503812 -0.506987 0.000000 0.000000 -0.005095 0.000000 0.000000 987
-0.000000 -27.515305 -26.660978 -0.506987 0.000000 0.000000 -0.005095 0.000000 0.000000 988
-0.000000 -27.679357 -26.819208 -0.506987 0.000000 0.000000 -0.005095 0.000000 0.000000 989
-0.000000 -27.844516 -26.978510 -0.506987 0.000000 0.000000 -0.005095 0.000000 0.000000 990
-0.000000 -28.010791 -27.138893 -0.506987 0.000000 0.000000 -0.005095 0.000000 0.000000 991
-0.000000 -28.178193 -27.300368 -0.506987 0.000000 0.000000 -0.005095 0.000000 0.000000 992
-0.000000 -28.346730 -27.462942 -0.506987 0.000000 0.000000 -0.005095 0.000000 0.000000 993
-0.000000 -28.516412 -27.626625 -0.506987 0.000000 0.000000 -0.005095 0.000000 0.000000 994
-0.000000 -28.687249 -27.791427 -0.506987 0.000000 0.000000 -0.005095 0.000000 0.000000 995
-0.000000 -28.859250 -27.957358 -0.506987 0.000000 0.000000 -0.005095 0.000000 0.000000 996
-0.000000 -29.032426 -28.124427 -0.506987 0.000000 0.000000 -0.005095 0.000000 0.000000 997
-0.000000 -29.206786 -28.292643 -0.506987 0.000000 0.000000 -0.005095 0.000000 0.000000 998
-0.000000 -29.382341 -28.462017 -0.506987 0.000000 0.000000 -0.005095 0.000000 0.000000 999
-0.000000 -29.559101 -28.632559 -0.506987 0.000000 0.000000 -0.005095 0.000000 0.000000 1000
