0.000000 0.000000 -0.000678 -1.398824 0.000064 0.965003 -0.014126 0.000137 0.009698 0
-0.000013 -0.001483 -0.001383 -1.398238 -0.002421 0.964734 -0.014119 0.000112 0.009695 1
-0.000037 -0.002977 -0.002100 -1.398240 -0.002420 0.964734 -0.014119 0.000112 0.009695 2
-0.000075 -0.004481 -0.002829 -1.398240 -0.002420 0.964734 -0.014119 0.000112 0.009695 3
-0.000127 -0.005997 -0.003570 -1.398240 -0.002420 0.964734 -0.014119 0.000112 0.009695 4
-0.000193 -0.007524 -0.004323 -1.398240 -0.002420 0.964734 -0.014119 0.000112 0.009695 5
-0.000273 -0.009063 -0.005089 -1.398240 -0.002420 0.964734 -0.014119 0.000112 0.009695 6
-0.000367 -0.010615 -0.005867 -1.398240 -0.002420 0.964734 -0.014119 0.000112 0.009695 7
-0.000476 -0.012180 -0.006658 -1.398240 -0.002420 0.964734 -0.014119 0.000112 0.009695 8
-0.000599 -0.013757 -0.007462 -1.398240 -0.002420 0.964734 -0.014119 0.000112 0.009695 9
-0.000737 -0.015348 -0.008280 -1.398240 -0.002420 0.964734 -0.014119 0.000112 0.009695 10
-0.000889 -0.016953 -0.009110 -1.398240 -0.002420 0.964734 -0.014119 0.000112 0.009695 11
-0.001057 -0.018571 -0.009955 -1.398240 -0.002420 0.964734 -0.014119 0.000112 0.009695 12
-0.001239 -0.020204 -0.010813 -1.398240 -0.002420 0.964734 -0.014119 0.000112 0.009695 13
-0.001436 -0.021852 -0.011685 -1.398240 -0.002420 0.964734 -0.014119 0.000112 0.009695 14
-0.001649 -0.023515 -0.012571 -1.398240 -0.002420 0.964734 -0.014119 0.000112 0.009695 15
-0.001877 -0.025194 -0.013472 -1.398240 -0.002420 0.964734 -0.014119 0.000112 0.009695 16
-0.002120 -0.026889 -0.014387 -1.398240 -0.002420 0.964734 -0.014119 0.000112 0.009695 17
-0.002379 -0.028599 -0.015317 -1.398240 -0.002420 0.964734 -0.014119 0.000112 0.009695 18
-0.002654 -0.030327 -0.016261 -1.398240 -0.002420 0.964734 -0.014119 0.000112 0.009695 19
-0.002945 -0.032071 -0.017221 -1.398240 -0.002420 0.964734 -0.014119 0.000112 0.009695 20
-0.003252 -0.033833 -0.018197 -1.398240 -0.002420 0.964734 -0.014119 0.000112 0.009695 21
-0.003575 -0.035613 -0.019188 -1.398240 -0.002420 0.964734 -0.014119 0.000112 0.009695 22
-0.003915 -0.037411 -0.020195 -1.398240 -0.002420 0.964734 -0.014119 0.000112 0.009695 23
-0.004271 -0.039227 -0.021218 -1.398240 -0.002420 0.964734 -0.014119 0.000112 0.009695 24
-0.004645 -0.041063 -0.022258 -1.398240 -0.002420 0.964734 -0.014119 0.000112 0.009695 25
-0.005035 -0.042918 -0.023314 -1.398240 -0.002420 0.964734 -0.014119 0.000112 0.009695 26
-0.005442 -0.044793 -0.024387 -1.398240 -0.002420 0.964734 -0.014119 0.000112 0.009695 27
-0.005867 -0.046688 -0.025476 -1.398240 -0.002420 0.964734 -0.014119 0.000112 0.009695 28
-0.006309 -0.048604 -0.026584 -1.398240 -0.002420 0.964734 -0.014119 0.000112 0.009695 29
-0.006769 -0.050541 -0.027708 -1.398240 -0.002420 0.964734 -0.014119 0.000112 0.009695 30
-0.007246 -0.052500 -0.028851 -1.398240 -0.002420 0.964734 -0.014119 0.000112 0.009695 31
-0.007742 -0.054481 -0.030012 -1.398240 -0.002420 0.964734 -0.014119 0.000112 0.009695 32
-0.008256 -0.056485 -0.031191 -1.398240 -0.002420 0.964734 -0.014119 0.000112 0.009695 33
-0.008789 -0.058511 -0.032388 -1.398240 -0.002420 0.964734 -0.014119 0.000112 0.009695 34
-0.009341 -0.060561 -0.033605 -1.398240 -0.002420 0.964734 -0.014119 0.000112 0.009695 35
-0.009911 -0.062635 -0.034841 -1.398240 -0.002420 0.964734 -0.014119 0.000112 0.009695 36
-0.010501 -0.064733 -0.036096 -1.398240 -0.002420 0.964734 -0.014119 0.000112 0.009695 37
-0.011110 -0.066857 -0.037371 -1.398240 -0.002420 0.964734 -0.014119 0.000112 0.009695 38
-0.011738 -0.069005 -0.038665 -1.398240 -0.002420 0.964734 -0.014119 0.000112 0.009695 39
-0.012387 -0.071180 -0.039981 -1.398240 -0.002420 0.964734 -0.014119 0.000112 0.009695 40
-0.013055 -0.073381 -0.041316 -1.398240 -0.002420 0.964734 -0.014119 0.000112 0.009695 41
-0.013744 -0.075609 -0.042673 -1.398240 -0.002420 0.964734 -0.014119 0.000112 0.009695 42
-0.014454 -0.077864 -0.044051 -1.398240 -0.002420 0.964734 -0.014119 0.000112 0.009695 43
-0.015184 -0.080148 -0.045451 -1.398240 -0.002420 0.964734 -0.014119 0.000112 0.009695 44
-0.015935 -0.082460 -0.046872 -1.398240 -0.002420 0.964734 -0.014119 0.000112 0.009695 45
-0.016708 -0.084801 -0.048316 -1.398240 -0.002420 0.964734 -0.014119 0.000112 0.009695 46
-0.017503 -0.087171 -0.049782 -1.398240 -0.002420 0.964734 -0.014119 0.000112 0.009695 47
-0.018319 -0.089572 -0.051271 -1.398240 -0.002420 0.964734 -0.014119 0.000112 0.009695 48
-0.019158 -0.092004 -0.052783 -1.398240 -0.002420 0.964734 -0.014119 0.000112 0.009695 49
-0.020019 -0.094467 -0.054319 -1.398240 -0.002420 0.964734 -0.014119 0.000112 0.009695 50
-0.020903 -0.096961 -0.055878 -1.398240 -0.002420 0.964734 -0.014119 0.000112 0.009695 51
-0.021810 -0.099489 -0.057462 -1.398240 -0.002420 0.964734 -0.014119 0.000112 0.009695 52
-0.022740 -0.102049 -0.059071 -1.398240 -0.002420 0.964734 -0.014119 0.000112 0.009695 53
-0.023694 -0.104643 -0.060704 -1.398240 -0.002420 0.964734 -0.014119 0.000112 0.009695 54
-0.024672 -0.107272 -0.062363 -1.398240 -0.002420 0.964734 -0.014119 0.000112 0.009695 55
-0.025674 -0.109935 -0.064048 -1.398240 -0.002420 0.964734 -0.014119 0.000112 0.009695 56
-0.026701 -0.112634 -0.065758 -1.398240 -0.002420 0.964734 -0.014119 0.000112 0.009695 57
-0.027752 -0.115370 -0.067496 -1.398240 -0.002420 0.964734 -0.014119 0.000112 0.009695 58
-0.028829 -0.118142 -0.069260 -1.398240 -0.002420 0.964734 -0.014119 0.000112 0.009695 59
-0.029932 -0.120952 -0.071051 -1.398240 -0.002420 0.964734 -0.014119 0.000112 0.009695 60
-0.031061 -0.123800 -0.072871 -1.398240 -0.002420 0.964734 -0.014119 0.000112 0.009695 61
-0.032216 -0.126687 -0.074718 -1.398240 -0.002420 0.964734 -0.014119 0.000112 0.009695 62
-0.033398 -0.129613 -0.076594 -1.398240 -0.002420 0.964734 -0.014119 0.000112 0.009695 63
-0.034606 -0.132580 -0.078499 -1.398240 -0.002420 0.964734 -0.014119 0.000112 0.009695 64
-0.035842 -0.135588 -0.080433 -1.398240 -0.002420 0.964734 -0.014119 0.000112 0.009695 65
-0.037106 -0.138637 -0.082397 -1.398240 -0.002420 0.964734 -0.014119 0.000112 0.009695 66
-0.038399 -0.141729 -0.084392 -1.398240 -0.002420 0.964734 -0.014119 0.000112 0.009695 67
-0.039719 -0.144865 -0.086417 -1.398240 -0.002420 0.964734 -0.014119 0.000112 0.009695 68
-0.041069 -0.148044 -0.088474 -1.398240 -0.002420 0.964734 -0.014119 0.000112 0.009695 69
-0.042448 -0.151268 -0.090562 -1.398240 -0.002420 0.964734 -0.014119 0.000112 0.009695 70
-0.043857 -0.154538 -0.092683 -1.398240 -0.002420 0.964734 -0.014119 0.000112 0.009695 71
-0.045296 -0.157854 -0.094836 -1.398240 -0.002420 0.964734 -0.014119 0.000112 0.009695 72
-0.046766 -0.161217 -0.097023 -1.398240 -0.002420 0.964734 -0.014119 0.000112 0.009695 73
-0.048267 -0.164627 -0.099243 -1.398240 -0.002420 0.964734 -0.014119 0.000112 0.009695 74
-0.049799 -0.168087 -0.101497 -1.398240 -0.002420 0.964734 -0.014119 0.000112 0.009695 75
-0.051363 -0.171596 -0.103786 -1.398240 -0.002420 0.964734 -0.014119 0.000112 0.009695 76
-0.052960 -0.175156 -0.106111 -1.398240 -0.002420 0.964734 -0.014119 0.000112 0.009695 77
-0.054590 -0.178767 -0.108471 -1.398240 -0.002420 0.964734 -0.014119 0.000112 0.009695 78
-0.056253 -0.182430 -0.110867 -1.398240 -0.002420 0.964734 -0.014119 0.000112 0.009695 79
-0.057950 -0.186147 -0.113300 -1.398240 -0.002420 0.964734 -0.014119 0.000112 0.009695 80
-0.059681 -0.189917 -0.115771 -1.398240 -0.002420 0.964734 -0.014119 0.000112 0.009695 81
-0.061447 -0.193742 -0.118280 -1.398240 -0.002420 0.964734 -0.014119 0.000112 0.009695 82
-0.063249 -0.197623 -0.120827 -1.398240 -0.002420 0.964734 -0.014119 0.000112 0.009695 83
-0.065086 -0.201561 -0.123414 -1.398240 -0.002420 0.964734 -0.014119 0.000112 0.009695 84
-0.066960 -0.205556 -0.126040 -1.398240 -0.002420 0.964734 -0.014119 0.000112 0.009695 85
-0.068870 -0.209610 -0.128706 -1.398240 -0.002420 0.964734 -0.014119 0.000112 0.009695 86
-0.070819 -0.213724 -0.131414 -1.398240 -0.002420 0.964734 -0.014119 0.000112 0.009695 87
-0.072805 -0.217898 -0.134163 -1.398240 -0.002420 0.964734 -0.014119 0.000112 0.009695 88
-0.074829 -0.222135 -0.136955 -1.398240 -0.002420 0.964734 -0.014119 0.000112 0.009695 89
-0.076893 -0.226433 -0.139789 -1.398240 -0.002420 0.964734 -0.014119 0.000112 0.009695 90
-0.078997 -0.230796 -0.142667 -1.398240 -0.002420 0.964734 -0.014119 0.000112 0.009695 91
-0.081141 -0.235223 -0.145589 -1.398240 -0.002420 0.964734 -0.014119 0.000112 0.009695 92
-0.083325 -0.239717 -0.148556 -1.398240 -0.002420 0.964734 -0.014119 0.000112 0.009695 93
-0.085552 -0.244277 -0.151568 -1.398240 -0.002420 0.964734 -0.014119 0.000112 0.009695 94
-0.087820 -0.248905 -0.154627 -1.398240 -0.002420 0.964734 -0.014119 0.000112 0.009695 95
-0.090132 -0.253603 -0.157733 -1.398240 -0.002420 0.964734 -0.014119 0.000112 0.009695 96
-0.092486 -0.258371 -0.160886 -1.398240 -0.002420 0.964734 -0.014119 0.000112 0.009695 97
-0.094885 -0.263210 -0.164088 -1.398240 -0.002420 0.964734 -0.014119 0.000112 0.009695 98
-0.097328 -0.268123 -0.167339 -1.398240 -0.002420 0.964734 -0.014119 0.000112 0.009695 99
-0.099817 -0.273109 -0.170640 -1.398240 -0.002420 0.964734 -0.014119 0.000112 0.009695 100
-0.102352 -0.278170 -0.173991 -1.398240 -0.002420 0.964734 -0.014119 0.000112 0.009695 101
-0.104934 -0.283308 -0.177394 -1.398240 -0.002420 0.964734 -0.014119 0.000112 0.009695 102
-0.107563 -0.288523 -0.180849 -1.398240 -0.002420 0.964734 -0.014119 0.000112 0.009695 103
-0.110240 -0.293817 -0.184357 -1.398240 -0.002420 0.964734 -0.014119 0.000112 0.009695 104
-0.112966 -0.299192 -0.187919 -1.398240 -0.002420 0.964734 -0.014119 0.000112 0.009695 105
-0.115742 -0.304647 -0.191536 -1.398240 -0.002420 0.964734 -0.014119 0.000112 0.009695 106
-0.118568 -0.310186 -0.195208 -1.398240 -0.002420 0.964734 -0.014119 0.000112 0.009695 107
-0.121446 -0.315809 -0.198936 -1.398240 -0.002420 0.964734 -0.014119 0.000112 0.009695 108
-0.124375 -0.321517 -0.202722 -1.398240 -0.002420 0.964734 -0.014119 0.000112 0.009695 109
-0.127357 -0.327313 -0.206566 -1.398240 -0.002420 0.964734 -0.014119 0.000112 0.009695 110
-0.130393 -0.333196 -0.210468 -1.398240 -0.002420 0.964734 -0.014119 0.000112 0.009695 111
-0.133483 -0.339170 -0.214431 -1.398240 -0.002420 0.964734 -0.014119 0.000112 0.009695 112
-0.136628 -0.345234 -0.218454 -1.398240 -0.002420 0.964734 -0.014119 0.000112 0.009695 113
-0.139830 -0.351392 -0.222540 -1.398240 -0.002420 0.964734 -0.014119 0.000112 0.009695 114
-0.143088 -0.357643 -0.226687 -1.398240 -0.002420 0.964734 -0.014119 0.000112 0.009695 115
-0.146403 -0.363991 -0.230899 -1.398240 -0.002420 0.964734 -0.014119 0.000112 0.009695 116
-0.149778 -0.370436 -0.235175 -1.398240 -0.002420 0.964734 -0.014119 0.000112 0.009695 117
-0.153212 -0.376979 -0.239516 -1.398240 -0.002420 0.964734 -0.014119 0.000112 0.009695 118
-0.156706 -0.383623 -0.243925 -1.398240 -0.002420 0.964734 -0.014119 0.000112 0.009695 119
-0.160262 -0.390369 -0.248400 -1.398240 -0.002420 0.964734 -0.014119 0.000112 0.009695 120
-0.163880 -0.397219 -0.252945 -1.398240 -0.002420 0.964734 -0.014119 0.000112 0.009695 121
-0.167562 -0.404175 -0.257559 -1.398240 -0.002420 0.964734 -0.014119 0.000112 0.009695 122
-0.171307 -0.411237 -0.262244 -1.398240 -0.002420 0.964734 -0.014119 0.000112 0.009695 123
-0.175118 -0.418408 -0.267001 -1.398240 -0.002420 0.964734 -0.014119 0.000112 0.009695 124
-0.178995 -0.425690 -0.271831 -1.398240 -0.002420 0.964734 -0.014119 0.000112 0.009695 125
-0.182940 -0.433084 -0.276735 -1.398240 -0.002420 0.964734 -0.014119 0.000112 0.009695 126
-0.186952 -0.440593 -0.281714 -1.398240 -0.002420 0.964734 -0.014119 0.000112 0.009695 127
-0.191034 -0.448217 -0.286770 -1.398240 -0.002420 0.964734 -0.014119 0.000112 0.009695 128
-0.195187 -0.455959 -0.291903 -1.398240 -0.002420 0.964734 -0.014119 0.000112 0.009695 129
-0.199411 -0.463821 -0.297116 -1.398240 -0.002420 0.964734 -0.014119 0.000112 0.009695 130
-0.203707 -0.471805 -0.302408 -1.398240 -0.002420 0.964734 -0.014119 0.000112 0.009695 131
-0.208077 -0.479912 -0.307781 -1.398240 -0.002420 0.964734 -0.014119 0.000112 0.009695 132
-0.212522 -0.488145 -0.313237 -1.398240 -0.002420 0.964734 -0.014119 0.000112 0.009695 133
-0.217043 -0.496506 -0.318776 -1.398240 -0.002420 0.964734 -0.014119 0.000112 0.009695 134
-0.221642 -0.504996 -0.324401 -1.398240 -0.002420 0.964734 -0.014119 0.000112 0.009695 135
-0.226318 -0.513617 -0.330111 -1.398240 -0.002420 0.964734 -0.014119 0.000112 0.009695 136
-0.231075 -0.522373 -0.335910 -1.398240 -0.002420 0.964734 -0.014119 0.000112 0.009695 137
-0.235912 -0.531265 -0.341798 -1.398240 -0.002420 0.964734 -0.014119 0.000112 0.009695 138
-0.240831 -0.540294 -0.347776 -1.398240 -0.002420 0.964734 -0.014119 0.000112 0.009695 139
-0.245833 -0.549464 -0.353845 -1.398240 -0.002420 0.964734 -0.014119 0.000112 0.009695 140
-0.250920 -0.558777 -0.360008 -1.398240 -0.002420 0.964734 -0.014119 0.000112 0.009695 141
-0.256094 -0.568234 -0.366266 -1.398240 -0.002420 0.964734 -0.014119 0.000112 0.009695 142
-0.261354 -0.577839 -0.372619 -1.398240 -0.002420 0.964734 -0.014119 0.000112 0.009695 143
-0.266703 -0.587593 -0.379071 -1.398240 -0.002420 0.964734 -0.014119 0.000112 0.009695 144
-0.272142 -0.597499 -0.385621 -1.398240 -0.002420 0.964734 -0.014119 0.000112 0.009695 145
-0.277673 -0.607559 -0.392272 -1.398240 -0.002420 0.964734 -0.014119 0.000112 0.009695 146
-0.283296 -0.617776 -0.399025 -1.398240 -0.002420 0.964734 -0.014119 0.000112 0.009695 147
-0.289014 -0.628152 -0.405882 -1.398240 -0.002420 0.964734 -0.014119 0.000112 0.009695 148
-0.294827 -0.638690 -0.412844 -1.398240 -0.002420 0.964734 -0.014119 0.000112 0.009695 149
-0.300738 -0.649392 -0.419913 -1.398240 -0.002420 0.964734 -0.014119 0.000112 0.009695 150
-0.306748 -0.660261 -0.427091 -1.398240 -0.002420 0.964734 -0.014119 0.000112 0.009695 151
-0.312857 -0.671299 -0.434379 -1.398240 -0.002420 0.964734 -0.014119 0.000112 0.009695 152
-0.319069 -0.682510 -0.441779 -1.398240 -0.002420 0.964734 -0.014119 0.000112 0.009695 153
-0.325384 -0.693896 -0.449293 -1.398240 -0.002420 0.964734 -0.014119 0.000112 0.009695 154
-0.331804 -0.705460 -0.456922 -1.398240 -0.002420 0.964734 -0.014119 0.000112 0.009695 155
-0.338331 -0.717204 -0.464668 -1.398240 -0.002420 0.964734 -0.014119 0.000112 0.009695 156
-0.344966 -0.729131 -0.472534 -1.398240 -0.002420 0.964734 -0.014119 0.000112 0.009695 157
-0.351711 -0.741245 -0.480520 -1.398240 -0.002420 0.964734 -0.014119 0.000112 0.009695 158
-0.358568 -0.753548 -0.488630 -1.398240 -0.002420 0.964734 -0.014119 0.000112 0.009695 159
-0.365539 -0.766044 -0.496864 -1.398240 -0.002420 0.964734 -0.014119 0.000112 0.009695 160
-0.372625 -0.778734 -0.505224 -1.398240 -0.002420 0.964734 -0.014119 0.000112 0.009695 161
-0.379827 -0.791624 -0.513713 -1.398240 -0.002420 0.964734 -0.014119 0.000112 0.009695 162
-0.387149 -0.804714 -0.522333 -1.398240 -0.002420 0.964734 -0.014119 0.000112 0.009695 163
-0.394591 -0.818010 -0.531085 -1.398240 -0.002420 0.964734 -0.014119 0.000112 0.009695 164
-0.402157 -0.831513 -0.539972 -1.398240 -0.002420 0.964734 -0.014119 0.000112 0.009695 165
-0.409846 -0.845228 -0.548996 -1.398240 -0.002420 0.964734 -0.014119 0.000112 0.009695 166
-0.417662 -0.859157 -0.558158 -1.398240 -0.002420 0.964734 -0.014119 0.000112 0.009695 167
-0.425607 -0.873304 -0.567461 -1.398240 -0.002420 0.964734 -0.014119 0.000112 0.009695 168
-0.433682 -0.887673 -0.576908 -1.398240 -0.002420 0.964734 -0.014119 0.000112 0.009695 169
-0.441889 -0.902266 -0.586500 -1.398240 -0.002420 0.964734 -0.014119 0.000112 0.009695 170
-0.450231 -0.917088 -0.596239 -1.398240 -0.002420 0.964734 -0.014119 0.000112 0.009695 171
-0.458710 -0.932142 -0.606128 -1.398240 -0.002420 0.964734 -0.014119 0.000112 0.009695 172
-0.467327 -0.947431 -0.616170 -1.398240 -0.002420 0.964734 -0.014119 0.000112 0.009695 173
-0.476086 -0.962961 -0.626366 -1.398240 -0.002420 0.964734 -0.014119 0.000112 0.009695 174
-0.484987 -0.978733 -0.636719 -1.398240 -0.002420 0.964734 -0.014119 0.000112 0.009695 175
-0.494034 -0.994752 -0.647231 -1.398240 -0.002420 0.964734 -0.014119 0.000112 0.009695 176
-0.503229 -1.011022 -0.657906 -1.398240 -0.002420 0.964734 -0.014119 0.000112 0.009695 177
-0.512573 -1.027547 -0.668744 -1.398240 -0.002420 0.964734 -0.014119 0.000112 0.009695 178
-0.522070 -1.044331 -0.679750 -1.398240 -0.002420 0.964734 -0.014119 0.000112 0.009695 179
-0.531722 -1.061378 -0.690925 -1.398240 -0.002420 0.964734 -0.014119 0.000112 0.009695 180
-0.541530 -1.078692 -0.702272 -1.398240 -0.002420 0.964734 -0.014119 0.000112 0.009695 181
-0.551499 -1.096278 -0.713794 -1.398240 -0.002420 0.964734 -0.014119 0.000112 0.009695 182
-0.561629 -1.114139 -0.725493 -1.398240 -0.002420 0.964734 -0.014119 0.000112 0.009695 183
-0.571923 -1.132279 -0.737373 -1.398240 -0.002420 0.964734 -0.014119 0.000112 0.009695 184
-0.582385 -1.150704 -0.749436 -1.398240 -0.002420 0.964734 -0.014119 0.000112 0.009695 185
-0.593017 -1.169418 -0.761684 -1.398240 -0.002420 0.964734 -0.014119 0.000112 0.009695 186
-0.603821 -1.188426 -0.774121 -1.398240 -0.002420 0.964734 -0.014119 0.000112 0.009695 187
-0.614800 -1.207731 -0.786750 -1.398240 -0.002420 0.964734 -0.014119 0.000112 0.009695 188
-0.625957 -1.227339 -0.799574 -1.398240 -0.002420 0.964734 -0.014119 0.000112 0.009695 189
-0.637295 -1.247254 -0.812595 -1.398240 -0.002420 0.964734 -0.014119 0.000112 0.009695 190
-0.648816 -1.267481 -0.825817 -1.398240 -0.002420 0.964734 -0.014119 0.000112 0.009695 191
-0.660523 -1.288026 -0.839243 -1.398240 -0.002420 0.964734 -0.014119 0.000112 0.009695 192
-0.672419 -1.308892 -0.852876 -1.398240 -0.002420 0.964734 -0.014119 0.000112 0.009695 193
-0.684508 -1.330086 -0.866719 -1.398240 -0.002420 0.964734 -0.014119 0.000112 0.009695 194
-0.696791 -1.351612 -0.880775 -1.398240 -0.002420 0.964734 -0.014119 0.000112 0.009695 195
-0.709273 -1.373475 -0.895048 -1.398240 -0.002420 0.964734 -0.014119 0.000112 0.009695 196
-0.721956 -1.395682 -0.909542 -1.398240 -0.002420 0.964734 -0.014119 0.000112 0.009695 197
-0.734843 -1.418236 -0.924259 -1.398240 -0.002420 0.964734 -0.014119 0.000112 0.009695 198
-0.747939 -1.441144 -0.939203 -1.398240 -0.002420 0.964734 -0.014119 0.000112 0.009695 199
-0.761244 -1.464411 -0.954377 -1.398240 -0.002420 0.964734 -0.014119 0.000112 0.009695 200
-0.774764 -1.488044 -0.969786 -1.398240 -0.002420 0.964734 -0.014119 0.000112 0.009695 201
-0.788502 -1.512046 -0.985432 -1.398240 -0.002420 0.964734 -0.014119 0.000112 0.009695 202
-0.802460 -1.536426 -1.001320 -1.398240 -0.002420 0.964734 -0.014119 0.000112 0.009695 203
-0.816643 -1.561187 -1.017453 -1.398240 -0.002420 0.964734 -0.014119 0.000112 0.009695 204
-0.831053 -1.586337 -1.033835 -1.398240 -0.002420 0.964734 -0.014119 0.000112 0.009695 205
-0.845695 -1.611881 -1.050470 -1.398240 -0.002420 0.964734 -0.014119 0.000112 0.009695 206
-0.860571 -1.637825 -1.067362 -1.398240 -0.002420 0.964734 -0.014119 0.000112 0.009695 207
-0.875687 -1.664177 -1.084514 -1.398240 -0.002420 0.964734 -0.014119 0.000112 0.009695 208
-0.891044 -1.690941 -1.101931 -1.398240 -0.002420 0.964734 -0.014119 0.000112 0.009695 209
-0.906648 -1.718126 -1.119618 -1.398240 -0.002420 0.964734 -0.014119 0.000112 0.009695 210
-0.922502 -1.745736 -1.137577 -1.398240 -0.002420 0.964734 -0.014119 0.000112 0.009695 211
-0.938609 -1.773780 -1.155814 -1.398240 -0.002420 0.964734 -0.014119 0.000112 0.009695 212
-0.954974 -1.802263 -1.174332 -1.398240 -0.002420 0.964734 -0.014119 0.000112 0.009695 213
-0.971601 -1.831193 -1.193137 -1.398240 -0.002420 0.964734 -0.014119 0.000112 0.009695 214
-0.988494 -1.860577 -1.212232 -1.398240 -0.002420 0.964734 -0.014119 0.000112 0.009695 215
-1.005657 -1.890421 -1.231622 -1.398240 -0.002420 0.964734 -0.014119 0.000112 0.009695 216
-1.023095 -1.920733 -1.251312 -1.398240 -0.002420 0.964734 -0.014119 0.000112 0.009695 217
-1.040810 -1.951521 -1.271306 -1.398240 -0.002420 0.964734 -0.014119 0.000112 0.009695 218
-1.058809 -1.982791 -1.291609 -1.398240 -0.002420 0.964734 -0.014119 0.000112 0.009695 219
-1.077095 -2.014552 -1.312225 -1.398240 -0.002420 0.964734 -0.014119 0.000112 0.009695 220
-1.095672 -2.046810 -1.333161 -1.398240 -0.002420 0.964734 -0.014119 0.000112 0.009695 221
-1.114546 -2.079575 -1.354420 -1.398240 -0.002420 0.964734 -0.014119 0.000112 0.009695 222
-1.133721 -2.112853 -1.376008 -1.398240 -0.002420 0.964734 -0.014119 0.000112 0.009695 223
-1.153201 -2.146652 -1.397929 -1.398240 -0.002420 0.964734 -0.014119 0.000112 0.009695 224
-1.172991 -2.180982 -1.420190 -1.398240 -0.002420 0.964734 -0.014119 0.000112 0.009695 225
-1.193097 -2.215850 -1.442794 -1.398240 -0.002420 0.964734 -0.014119 0.000112 0.009695 226
-1.213523 -2.251264 -1.465749 -1.398240 -0.002420 0.964734 -0.014119 0.000112 0.009695 227
-1.234273 -2.287234 -1.489058 -1.398240 -0.002420 0.964734 -0.014119 0.000112 0.009695 228
-1.255354 -2.323768 -1.512728 -1.398240 -0.002420 0.964734 -0.014119 0.000112 0.009695 229
-1.276770 -2.360874 -1.536764 -1.398240 -0.002420 0.964734 -0.014119 0.000112 0.009695 230
-1.298527 -2.398562 -1.561173 -1.398240 -0.002420 0.964734 -0.014119 0.000112 0.009695 231
-1.320629 -2.436840 -1.585958 -1.398240 -0.002420 0.964734 -0.014119 0.000112 0.009695 232
-1.343082 -2.475719 -1.611128 -1.398240 -0.002420 0.964734 -0.014119 0.000112 0.009695 233
-1.365891 -2.515207 -1.636687 -1.398240 -0.002420 0.964734 -0.014119 0.000112 0.009695 234
-1.389063 -2.555314 -1.662641 -1.398240 -0.002420 0.964734 -0.014119 0.000112 0.009695 235
-1.412602 -2.596050 -1.688997 -1.398240 -0.002420 0.964734 -0.014119 0.000112 0.009695 236
-1.436515 -2.637424 -1.715762 -1.398240 -0.002420 0.964734 -0.014119 0.000112 0.009695 237
-1.460807 -2.679446 -1.742940 -1.398240 -0.002420 0.964734 -0.014119 0.000112 0.009695 238
-1.485484 -2.722128 -1.770540 -1.398240 -0.002420 0.964734 -0.014119 0.000112 0.009695 239
-1.510552 -2.765478 -1.798567 -1.398240 -0.002420 0.964734 -0.014119 0.000112 0.009695 240
-1.536018 -2.809507 -1.827028 -1.398240 -0.002420 0.964734 -0.014119 0.000112 0.009695 241
-1.561886 -2.854226 -1.855930 -1.398240 -0.002420 0.964734 -0.014119 0.000112 0.009695 242
-1.588164 -2.899647 -1.885279 -1.398240 -0.002420 0.964734 -0.014119 0.000112 0.009695 243
-1.614858 -2.945779 -1.915084 -1.398240 -0.002420 0.964734 -0.014119 0.000112 0.009695 244
-1.641974 -2.992633 -1.945350 -1.398240 -0.002420 0.964734 -0.014119 0.000112 0.009695 245
-1.669520 -3.040222 -1.976085 -1.398240 -0.002420 0.964734 -0.014119 0.000112 0.009695 246
-1.697500 -3.088557 -2.007296 -1.398240 -0.002420 0.964734 -0.014119 0.000112 0.009695 247
-1.725923 -3.137649 -2.038991 -1.398240 -0.002420 0.964734 -0.014119 0.000112 0.009695 248
-1.754795 -3.187510 -2.071178 -1.398240 -0.002420 0.964734 -0.014119 0.000112 0.009695 249
-1.784124 -3.238152 -2.103863 -1.398240 -0.002420 0.964734 -0.014119 0.000112 0.009695 250
-1.813915 -3.289588 -2.137055 -1.398240 -0.002420 0.964734 -0.014119 0.000112 0.009695 251
-1.844177 -3.341829 -2.170762 -1.398240 -0.002420 0.964734 -0.014119 0.000112 0.009695 252
-1.874916 -3.394889 -2.204991 -1.398240 -0.002420 0.964734 -0.014119 0.000112 0.009695 253
-1.906140 -3.448780 -2.239751 -1.398240 -0.002420 0.964734 -0.014119 0.000112 0.009695 254
-1.937857 -3.503515 -2.275050 -1.398240 -0.002420 0.964734 -0.014119 0.000112 0.009695 255
-1.970074 -3.559108 -2.310897 -1.398240 -0.002420 0.964734 -0.014119 0.000112 0.009695 256
-2.002799 -3.615572 -2.347300 -1.398240 -0.002420 0.964734 -0.014119 0.000112 0.009695 257
-2.036040 -3.672919 -2.384268 -1.398240 -0.002420 0.964734 -0.014119 0.000112 0.009695 258
-2.069804 -3.731166 -2.421810 -1.398240 -0.002420 0.964734 -0.014119 0.000112 0.009695 259
-2.104100 -3.790324 -2.459934 -1.398240 -0.002420 0.964734 -0.014119 0.000112 0.009695 260
-2.138936 -3.850409 -2.498649 -1.398240 -0.002420 0.964734 -0.014119 0.000112 0.009695 261
-2.174320 -3.911435 -2.537966 -1.398240 -0.002420 0.964734 -0.014119 0.000112 0.009695 262
-2.210262 -3.973416 -2.577893 -1.398240 -0.002420 0.964734 -0.014119 0.000112 0.009695 263
-2.246768 -4.036369 -2.618440 -1.398240 -0.002420 0.964734 -0.014119 0.000112 0.009695 264
-2.283849 -4.100307 -2.659616 -1.398240 -0.002420 0.964734 -0.014119 0.000112 0.009695 265
-2.321513 -4.165246 -2.701432 -1.398240 -0.002420 0.964734 -0.014119 0.000112 0.009695 266
-2.359768 -4.231203 -2.743897 -1.398240 -0.002420 0.964734 -0.014119 0.000112 0.009695 267
-2.398625 -4.298192 -2.787022 -1.398240 -0.002420 0.964734 -0.014119 0.000112 0.009695 268
-2.438092 -4.366230 -2.830817 -1.398240 -0.002420 0.964734 -0.014119 0.000112 0.009695 269
-2.478180 -4.435333 -2.875292 -1.398240 -0.002420 0.964734 -0.014119 0.000112 0.009695 270
-2.518896 -4.505518 -2.920458 -1.398240 -0.002420 0.964734 -0.014119 0.000112 0.009695 271
-2.560251 -4.576802 -2.966326 -1.398240 -0.002420 0.964734 -0.014119 0.000112 0.009695 272
-2.602256 -4.649203 -3.012907 -1.398240 -0.002420 0.964734 -0.014119 0.000112 0.009695 273
-2.644919 -4.722736 -3.060212 -1.398240 -0.002420 0.964734 -0.014119 0.000112 0.009695 274
-2.688251 -4.797421 -3.108253 -1.398240 -0.002420 0.964734 -0.014119 0.000112 0.009695 275
-2.732263 -4.873275 -3.157040 -1.398240 -0.002420 0.964734 -0.014119 0.000112 0.009695 276
-2.776964 -4.950317 -3.206586 -1.398240 -0.002420 0.964734 -0.014119 0.000112 0.009695 277
-2.822366 -5.028564 -3.256902 -1.398240 -0.002420 0.964734 -0.014119 0.000112 0.009695 278
-2.868479 -5.108037 -3.308001 -1.398240 -0.002420 0.964734 -0.014119 0.000112 0.009695 279
-2.915314 -5.188753 -3.359895 -1.398240 -0.002420 0.964734 -0.014119 0.000112 0.009695 280
-2.962882 -5.270733 -3.412596 -1.398240 -0.002420 0.964734 -0.014119 0.000112 0.009695 281
-3.011195 -5.353996 -3.466117 -1.398240 -0.002420 0.964734 -0.014119 0.000112 0.009695 282
-3.060264 -5.438562 -3.520471 -1.398240 -0.002420 0.964734 -0.014119 0.000112 0.009695 283
-3.110100 -5.524452 -3.575671 -1.398240 -0.002420 0.964734 -0.014119 0.000112 0.009695 284
-3.160715 -5.611686 -3.631730 -1.398240 -0.002420 0.964734 -0.014119 0.000112 0.009695 285
-3.212121 -5.700285 -3.688662 -1.398240 -0.002420 0.964734 -0.014119 0.000112 0.009695 286
-3.264331 -5.790271 -3.746480 -1.398240 -0.002420 0.964734 -0.014119 0.000112 0.009695 287
-3.317357 -5.881666 -3.805198 -1.398240 -0.002420 0.964734 -0.014119 0.000112 0.009695 288
-3.371210 -5.974490 -3.864831 -1.398240 -0.002420 0.964734 -0.014119 0.000112 0.009695 289
-3.425905 -6.068767 -3.925393 -1.398240 -0.002420 0.964734 -0.014119 0.000112 0.009695 290
-3.481453 -6.164520 -3.986898 -1.398240 -0.002420 0.964734 -0.014119 0.000112 0.009695 291
-3.537868 -6.261770 -4.049361 -1.398240 -0.002420 0.964734 -0.014119 0.000112 0.009695 292
-3.595164 -6.360543 -4.112798 -1.398240 -0.002420 0.964734 -0.014119 0.000112 0.009695 293
-3.653352 -6.460861 -4.177223 -1.398240 -0.002420 0.964734 -0.014119 0.000112 0.009695 294
-3.712448 -6.562749 -4.242653 -1.398240 -0.002420 0.964734 -0.014119 0.000112 0.009695 295
-3.772465 -6.666231 -4.309103 -1.398240 -0.002420 0.964734 -0.014119 0.000112 0.009695 296
-3.833417 -6.771332 -4.376588 -1.398240 -0.002420 0.964734 -0.014119 0.000112 0.009695 297
-3.895318 -6.878078 -4.445126 -1.398240 -0.002420 0.964734 -0.014119 0.000112 0.009695 298
-3.958184 -6.986494 -4.514733 -1.398240 -0.002420 0.964734 -0.014119 0.000112 0.009695 299
-4.022028 -7.096606 -4.585426 -1.398240 -0.002420 0.964734 -0.014119 0.000112 0.009695 300
-4.086865 -7.208441 -4.657222 -1.398240 -0.002420 0.964734 -0.014119 0.000112 0.009695 301
-4.152712 -7.322025 -4.730137 -1.398240 -0.002420 0.964734 -0.014119 0.000112 0.009695 302
-4.219582 -7.437387 -4.804191 -1.398240 -0.002420 0.964734 -0.014119 0.000112 0.009695 303
-4.287492 -7.554553 -4.879401 -1.398240 -0.002420 0.964734 -0.014119 0.000112 0.009695 304
-4.356457 -7.673552 -4.955785 -1.398240 -0.002420 0.964734 -0.014119 0.000112 0.009695 305
-4.426494 -7.794413 -5.033361 -1.398240 -0.002420 0.964734 -0.014119 0.000112 0.009695 306
-4.497619 -7.917164 -5.112149 -1.398240 -0.002420 0.964734 -0.014119 0.000112 0.009695 307
-4.569848 -8.041836 -5.192168 -1.398240 -0.002420 0.964734 -0.014119 0.000112 0.009695 308
-4.643199 -8.168458 -5.273436 -1.398240 -0.002420 0.964734 -0.014119 0.000112 0.009695 309
-4.717688 -8.297061 -5.355975 -1.398240 -0.002420 0.964734 -0.014119 0.000112 0.009695 310
-4.793332 -8.427675 -5.439803 -1.398240 -0.002420 0.964734 -0.014119 0.000112 0.009695 311
-4.870150 -8.560333 -5.524941 -1.398240 -0.002420 0.964734 -0.014119 0.000112 0.009695 312
-4.948158 -8.695065 -5.611411 -1.398240 -0.002420 0.964734 -0.014119 0.000112 0.009695 313
-5.027375 -8.831906 -5.699232 -1.398240 -0.002420 0.964734 -0.014119 0.000112 0.009695 314
-5.107819 -8.970886 -5.788427 -1.398240 -0.002420 0.964734 -0.014119 0.000112 0.009695 315
-5.189510 -9.112041 -5.879017 -1.398240 -0.002420 0.964734 -0.014119 0.000112 0.009695 316
-5.272465 -9.255403 -5.971024 -1.398240 -0.002420 0.964734 -0.014119 0.000112 0.009695 317
-5.356704 -9.401007 -6.064471 -1.398240 -0.002420 0.964734 -0.014119 0.000112 0.009695 318
-5.442246 -9.548890 -6.159380 -1.398240 -0.002420 0.964734 -0.014119 0.000112 0.009695 319
-5.529111 -9.699085 -6.255775 -1.398240 -0.002420 0.964734 -0.014119 0.000112 0.009695 320
-5.617319 -9.851629 -6.353679 -1.398240 -0.002420 0.964734 -0.014119 0.000112 0.009695 321
-5.706890 -10.006559 -6.453117 -1.398240 -0.002420 0.964734 -0.014119 0.000112 0.009695 322
-5.797846 -10.163912 -6.554112 -1.398240 -0.002420 0.964734 -0.014119 0.000112 0.009695 323
-5.890205 -10.323727 -6.656689 -1.398240 -0.002420 0.964734 -0.014119 0.000112 0.009695 324
-5.983991 -10.486041 -6.760874 -1.398240 -0.002420 0.964734 -0.014119 0.000112 0.009695 325
-6.079224 -10.650894 -6.866691 -1.398240 -0.002420 0.964734 -0.014119 0.000112 0.009695 326
-6.175927 -10.818325 -6.974168 -1.398240 -0.002420 0.964734 -0.014119 0.000112 0.009695 327
-6.274120 -10.988375 -7.083329 -1.398240 -0.002420 0.964734 -0.014119 0.000112 0.009695 328
-6.373827 -11.161084 -7.194203 -1.398240 -0.002420 0.964734 -0.014119 0.000112 0.009695 329
-6.475071 -11.336494 -7.306816 -1.398240 -0.002420 0.964734 -0.014119 0.000112 0.009695 330
-6.577874 -11.514648 -7.421196 -1.398240 -0.002420 0.964734 -0.014119 0.000112 0.009695 331
-6.682261 -11.695589 -7.537372 -1.398240 -0.002420 0.964734 -0.014119 0.000112 0.009695 332
-6.788253 -11.879359 -7.655371 -1.398240 -0.002420 0.964734 -0.014119 0.000112 0.009695 333
-6.895877 -12.066004 -7.775223 -1.398240 -0.002420 0.964734 -0.014119 0.000112 0.009695 334
-7.005156 -12.255567 -7.896957 -1.398240 -0.002420 0.964734 -0.014119 0.000112 0.009695 335
-7.116115 -12.448096 -8.020604 -1.398240 -0.002420 0.964734 -0.014119 0.000112 0.009695 336
-7.228779 -12.643636 -8.146194 -1.398240 -0.002420 0.964734 -0.014119 0.000112 0.009695 337
-7.343174 -12.842234 -8.273758 -1.398240 -0.002420 0.964734 -0.014119 0.000112 0.009695 338
-7.459325 -13.043938 -8.403327 -1.398240 -0.002420 0.964734 -0.014119 0.000112 0.009695 339
-7.577259 -13.248797 -8.534935 -1.398240 -0.002420 0.964734 -0.014119 0.000112 0.009695 340
-7.697003 -13.456861 -8.668612 -1.398240 -0.002420 0.964734 -0.014119 0.000112 0.009695 341
-7.818582 -13.668178 -8.804393 -1.398240 -0.002420 0.964734 -0.014119 0.000112 0.009695 342
-7.942026 -13.882801 -8.942312 -1.398240 -0.002420 0.964734 -0.014119 0.000112 0.009695 343
-8.067360 -14.100781 -9.082401 -1.398240 -0.002420 0.964734 -0.014119 0.000112 0.009695 344
-8.194615 -14.322171 -9.224697 -1.398240 -0.002420 0.964734 -0.014119 0.000112 0.009695 345
-8.323817 -14.547023 -9.369235 -1.398240 -0.002420 0.964734 -0.014119 0.000112 0.009695 346
-8.454997 -14.775393 -9.516050 -1.398240 -0.002420 0.964734 -0.014119 0.000112 0.009695 347
-8.588183 -15.007334 -9.665180 -1.398240 -0.002420 0.964734 -0.014119 0.000112 0.009695 348
-8.723405 -15.242904 -9.816661 -1.398240 -0.002420 0.964734 -0.014119 0.000112 0.009695 349
-8.860694 -15.482159 -9.970531 -1.398240 -0.002420 0.964734 -0.014119 0.000112 0.009695 350
-9.000079 -15.725157 -10.126829 -1.398240 -0.002420 0.964734 -0.014119 0.000112 0.009695 351
-9.141593 -15.971956 -10.285594 -1.398240 -0.002420 0.964734 -0.014119 0.000112 0.009695 352
-9.285266 -16.222616 -10.446866 -1.398240 -0.002420 0.964734 -0.014119 0.000112 0.009695 353
-9.431130 -16.477198 -10.610685 -1.398240 -0.002420 0.964734 -0.014119 0.000112 0.009695 354
-9.579218 -16.735762 -10.777092 -1.398240 -0.002420 0.964734 -0.014119 0.000112 0.009695 355
-9.729563 -16.998372 -10.946129 -1.398240 -0.002420 0.964734 -0.014119 0.000112 0.009695 356
-9.882197 -17.265090 -11.117839 -1.398240 -0.002420 0.964734 -0.014119 0.000112 0.009695 357
-10.037155 -17.535982 -11.292264 -1.398240 -0.002420 0.964734 -0.014119 0.000112 0.009695 358
-10.194470 -17.811112 -11.469450 -1.398240 -0.002420 0.964734 -0.014119 0.000112 0.009695 359
-10.354178 -18.090547 -11.649439 -1.398240 -0.002420 0.964734 -0.014119 0.000112 0.009695 360
-10.516313 -18.374355 -11.832279 -1.398240 -0.002420 0.964734 -0.014119 0.000112 0.009695 361
-10.680911 -18.662604 -12.018016 -1.398240 -0.002420 0.964734 -0.014119 0.000112 0.009695 362
-10.848008 -18.955364 -12.206695 -1.398240 -0.002420 0.964734 -0.014119 0.000112 0.009695 363
-11.017640 -19.252706 -12.398366 -1.398240 -0.002420 0.964734 -0.014119 0.000112 0.009695 364
-11.189846 -19.554701 -12.593077 -1.398240 -0.002420 0.964734 -0.014119 0.000112 0.009695 365
-11.364661 -19.861423 -12.790877 -1.398240 -0.002420 0.964734 -0.014119 0.000112 0.009695 366
-11.542126 -20.172946 -12.991817 -1.398240 -0.002420 0.964734 -0.014119 0.000112 0.009695 367
-11.722277 -20.489344 -13.195948 -1.398240 -0.002420 0.964734 -0.014119 0.000112 0.009695 368
-11.905154 -20.810696 -13.403322 -1.398240 -0.002420 0.964734 -0.014119 0.000112 0.009695 369
-12.090797 -21.137079 -13.613992 -1.398240 -0.002420 0.964734 -0.014119 0.000112 0.009695 370
-12.279247 -21.468571 -13.828013 -1.398240 -0.002420 0.964734 -0.014119 0.000112 0.009695 371
-12.470543 -21.805253 -14.045438 -1.398240 -0.002420 0.964734 -0.014119 0.000112 0.009695 372
-12.664727 -22.147207 -14.266325 -1.398240 -0.002420 0.964734 -0.014119 0.000112 0.009695 373
-12.861841 -22.494516 -14.490729 -1.398240 -0.002420 0.964734 -0.014119 0.000112 0.009695 374
-13.061928 -22.847263 -14.718708 -1.398240 -0.002420 0.964734 -0.014119 0.000112 0.009695 375
-13.265030 -23.205534 -14.950322 -1.398240 -0.002420 0.964734 -0.014119 0.000112 0.009695 376
-13.471190 -23.569417 -15.185630 -1.398240 -0.002420 0.964734 -0.014119 0.000112 0.009695 377
-13.680454 -23.939000 -15.424693 -1.398240 -0.002420 0.964734 -0.014119 0.000112 0.009695 378
-13.892866 -24.314372 -15.667574 -1.398240 -0.002420 0.964734 -0.014119 0.000112 0.009695 379
-14.108470 -24.695625 -15.914334 -1.398240 -0.002420 0.964734 -0.014119 0.000112 0.009695 380
-14.327313 -25.082851 -16.165039 -1.398240 -0.002420 0.964734 -0.014119 0.000112 0.009695 381
-14.549442 -25.476144 -16.419754 -1.398240 -0.002420 0.964734 -0.014119 0.000112 0.009695 382
-14.774903 -25.875600 -16.678545 -1.398240 -0.002420 0.964734 -0.014119 0.000112 0.009695 383
-15.003745 -26.281317 -16.941480 -1.398240 -0.002420 0.964734 -0.014119 0.000112 0.009695 384
-15.236015 -26.693393 -17.208628 -1.398240 -0.002420 0.964734 -0.014119 0.000112 0.009695 385
-15.471763 -27.111928 -17.480059 -1.398240 -0.002420 0.964734 -0.014119 0.000112 0.009695 386
-15.711037 -27.537025 -17.755845 -1.398240 -0.002420 0.964734 -0.014119 0.000112 0.009695 387
-15.953890 -27.968787 -18.036058 -1.398240 -0.002420 0.964734 -0.014119 0.000112 0.009695 388
-16.200370 -28.407320 -18.320773 -1.398240 -0.002420 0.964734 -0.014119 0.000112 0.009695 389
-16.450531 -28.852730 -18.610064 -1.398240 -0.002420 0.964734 -0.014119 0.000112 0.009695 390
-16.704424 -29.305126 -18.904009 -1.398240 -0.002420 0.964734 -0.014119 0.000112 0.009695 391
-16.962102 -29.764619 -19.202686 -1.398240 -0.002420 0.964734 -0.014119 0.000112 0.009695 392
-17.223618 -30.231322 -19.506174 -1.398240 -0.002420 0.964734 -0.014119 0.000112 0.009695 393
-17.489028 -30.705348 -19.814555 -1.398240 -0.002420 0.964734 -0.014119 0.000112 0.009695 394
-17.758385 -31.186813 -20.127912 -1.398240 -0.002420 0.964734 -0.014119 0.000112 0.009695 395
-18.031746 -31.675837 -20.446327 -1.398240 -0.002420 0.964734 -0.014119 0.000112 0.009695 396
-18.309167 -32.172537 -20.769888 -1.398240 -0.002420 0.964734 -0.014119 0.000112 0.009695 397
-18.590705 -32.677037 -21.098681 -1.398240 -0.002420 0.964734 -0.014119 0.000112 0.009695 398
-18.876417 -33.189461 -21.432796 -1.398240 -0.002420 0.964734 -0.014119 0.000112 0.009695 399
-19.166363 -33.709933 -21.772322 -1.398240 -0.002420 0.964734 -0.014119 0.000112 0.009695 400
-19.460602 -34.238583 -22.117353 -1.398240 -0.002420 0.964734 -0.014119 0.000112 0.009695 401
-19.759193 -34.775541 -22.467983 -1.398240 -0.002420 0.964734 -0.014119 0.000112 0.009695 402
-20.062198 -35.320938 -22.824307 -1.398240 -0.002420 0.964734 -0.014119 0.000112 0.009695 403
-20.369677 -35.874910 -23.186423 -1.398240 -0.002420 0.964734 -0.014119 0.000112 0.009695 404
-20.681694 -36.437593 -23.554431 -1.398240 -0.002420 0.964734 -0.014119 0.000112 0.009695 405
-20.998311 -37.009126 -23.928433 -1.398240 -0.002420 0.964734 -0.014119 0.000112 0.009695 406
-21.319592 -37.589651 -24.308532 -1.398240 -0.002420 0.964734 -0.014119 0.000112 0.009695 407
-21.645601 -38.179311 -24.694833 -1.398240 -0.002420 0.964734 -0.014119 0.000112 0.009695 408
-21.976405 -38.778253 -25.087444 -1.398240 -0.002420 0.964734 -0.014119 0.000112 0.009695 409
-22.312068 -39.386626 -25.486475 -1.398240 -0.002420 0.964734 -0.014119 0.000112 0.009695 410
-22.652659 -40.004581 -25.892038 -1.398240 -0.002420 0.964734 -0.014119 0.000112 0.009695 411
-22.998246 -40.632271 -26.304247 -1.398240 -0.002420 0.964734 -0.014119 0.000112 0.009695 412
-23.348896 -41.269854 -26.723219 -1.398240 -0.002420 0.964734 -0.014119 0.000112 0.009695 413
-23.704679 -41.917488 -27.149071 -1.398240 -0.002420 0.964734 -0.014119 0.000112 0.009695 414
-24.065666 -42.575336 -27.581926 -1.398240 -0.002420 0.964734 -0.014119 0.000112 0.009695 415
-24.431928 -43.243561 -28.021906 -1.398240 -0.002420 0.964734 -0.014119 0.000112 0.009695 416
-24.803536 -43.922333 -28.469139 -1.398240 -0.002420 0.964734 -0.014119 0.000112 0.009695 417
-25.180565 -44.611820 -28.923751 -1.398240 -0.002420 0.964734 -0.014119 0.000112 0.009695 418
-25.563087 -45.312198 -29.385876 -1.398240 -0.002420 0.964734 -0.014119 0.000112 0.009695 419
-25.951178 -46.023642 -29.855647 -1.398240 -0.002420 0.964734 -0.014119 0.000112 0.009695 420
-26.344912 -46.746332 -30.333200 -1.398240 -0.002420 0.964734 -0.014119 0.000112 0.009695 421
-26.744367 -47.480451 -30.818675 -1.398240 -0.002420 0.964734 -0.014119 0.000112 0.009695 422
-27.149620 -48.226186 -31.312216 -1.398240 -0.002420 0.964734 -0.014119 0.000112 0.009695 423
-27.560749 -48.983726 -31.813967 -1.398240 -0.002420 0.964734 -0.014119 0.000112 0.009695 424
-27.977833 -49.753264 -32.324077 -1.398240 -0.002420 0.964734 -0.014119 0.000112 0.009695 425
-28.400953 -50.534996 -32.842699 -1.398240 -0.002420 0.964734 -0.014119 0.000112 0.009695 426
-28.830190 -51.329123 -33.369986 -1.398240 -0.002420 0.964734 -0.014119 0.000112 0.009695 427
-29.265625 -52.135848 -33.906099 -1.398240 -0.002420 0.964734 -0.014119 0.000112 0.009695 428
-29.707343 -52.955379 -34.451198 -1.398240 -0.002420 0.964734 -0.014119 0.000112 0.009695 429
-30.155426 -53.787928 -35.005449 -1.398240 -0.002420 0.964734 -0.014119 0.000112 0.009695 430
-30.609961 -54.633710 -35.569021 -1.398240 -0.002420 0.964734 -0.014119 0.000112 0.009695 431
-31.071033 -55.492944 -36.142088 -1.398240 -0.002420 0.964734 -0.014119 0.000112 0.009695 432
-31.538729 -56.365855 -36.724825 -1.398240 -0.002420 0.964734 -0.014119 0.000112 0.009695 433
-32.013138 -57.252670 -37.317414 -1.398240 -0.002420 0.964734 -0.014119 0.000112 0.009695 434
-32.494349 -58.153621 -37.920039 -1.398240 -0.002420 0.964734 -0.014119 0.000112 0.009695 435
-32.982451 -59.068947 -38.532890 -1.398240 -0.002420 0.964734 -0.014119 0.000112 0.009695 436
-33.477536 -59.998888 -39.156159 -1.398240 -0.002420 0.964734 -0.014119 0.000112 0.009695 437
-33.979697 -60.943690 -39.790045 -1.398240 -0.002420 0.964734 -0.014119 0.000112 0.009695 438
-34.489027 -61.903607 -40.434749 -1.398240 -0.002420 0.964734 -0.014119 0.000112 0.009695 439
-35.005620 -62.878893 -41.090479 -1.398240 -0.002420 0.964734 -0.014119 0.000112 0.009695 440
-35.529573 -63.869810 -41.757448 -1.398240 -0.002420 0.964734 -0.014119 0.000112 0.009695 441
-36.060982 -64.876627 -42.435870 -1.398240 -0.002420 0.964734 -0.014119 0.000112 0.009695 442
-36.599945 -65.899615 -43.125970 -1.398240 -0.002420 0.964734 -0.014119 0.000112 0.009695 443
-37.146561 -66.939054 -43.827975 -1.398240 -0.002420 0.964734 -0.014119 0.000112 0.009695 444
-37.700931 -67.995227 -44.542117 -1.398240 -0.002420 0.964734 -0.014119 0.000112 0.009695 445
-38.263157 -69.068426 -45.268636 -1.398240 -0.002420 0.964734 -0.014119 0.000112 0.009695 446
-38.833340 -70.158947 -46.007775 -1.398240 -0.002420 0.964734 -0.014119 0.000112 0.009695 447
-39.411586 -71.267094 -46.759787 -1.398240 -0.002420 0.964734 -0.014119 0.000112 0.009695 448
-39.997999 -72.393177 -47.524927 -1.398240 -0.002420 0.964734 -0.014119 0.000112 0.009695 449
-40.592687 -73.537514 -48.303460 -1.398240 -0.002420 0.964734 -0.014119 0.000112 0.009695 450
-41.195756 -74.700430 -49.095655 -1.398240 -0.002420 0.964734 -0.014119 0.000112 0.009695 451
-41.807317 -75.882256 -49.901789 -1.398240 -0.002420 0.964734 -0.014119 0.000112 0.009695 452
-42.427479 -77.083333 -50.722148 -1.398240 -0.002420 0.964734 -0.014119 0.000112 0.009695 453
-43.056356 -78.304010 -51.557022 -1.398240 -0.002420 0.964734 -0.014119 0.000112 0.009695 454
-43.694060 -79.544642 -52.406711 -1.398240 -0.002420 0.964734 -0.014119 0.000112 0.009695 455
-44.340706 -80.805596 -53.271522 -1.398240 -0.002420 0.964734 -0.014119 0.000112 0.009695 456
-44.996411 -82.087246 -54.151770 -1.398240 -0.002420 0.964734 -0.014119 0.000112 0.009695 457
-45.661292 -83.389976 -55.047781 -1.398240 -0.002420 0.964734 -0.014119 0.000112 0.009695 458
-46.335470 -84.714180 -55.959885 -1.398240 -0.002420 0.964734 -0.014119 0.000112 0.009695 459
-47.019063 -86.060263 -56.888427 -1.398240 -0.002420 0.964734 -0.014119 0.000112 0.009695 460
-47.712196 -87.428640 -57.833756 -1.398240 -0.002420 0.964734 -0.014119 0.000112 0.009695 461
-48.414993 -88.819738 -58.796234 -1.398240 -0.002420 0.964734 -0.014119 0.000112 0.009695 462
-49.127579 -90.233994 -59.776233 -1.398240 -0.002420 0.964734 -0.014119 0.000112 0.009695 463
-49.850081 -91.671859 -60.774134 -1.398240 -0.002420 0.964734 -0.014119 0.000112 0.009695 464
-50.582630 -93.133795 -61.790330 -1.398240 -0.002420 0.964734 -0.014119 0.000112 0.009695 465
-51.325355 -94.620280 -62.825226 -1.398240 -0.002420 0.964734 -0.014119 0.000112 0.009695 466
-52.078391 -96.131805 -63.879238 -1.398240 -0.002420 0.964734 -0.014119 0.000112 0.009695 467
-52.841872 -97.668873 -64.952794 -1.398240 -0.002420 0.964734 -0.014119 0.000112 0.009695 468
-53.615935 -99.232006 -66.046335 -1.398240 -0.002420 0.964734 -0.014119 0.000112 0.009695 469
-54.400718 -100.821741 -67.160316 -1.398240 -0.002420 0.964734 -0.014119 0.000112 0.009695 470
-55.196362 -102.438631 -68.295205 -1.398240 -0.002420 0.964734 -0.014119 0.000112 0.009695 471
-56.003011 -104.083246 -69.451485 -1.398240 -0.002420 0.964734 -0.014119 0.000112 0.009695 472
-56.820810 -105.756178 -70.629653 -1.398240 -0.002420 0.964734 -0.014119 0.000112 0.009695 473
-57.649905 -107.458036 -71.830222 -1.398240 -0.002420 0.964734 -0.014119 0.000112 0.009695 474
-58.490446 -109.189448 -73.053722 -1.398240 -0.002420 0.964734 -0.014119 0.000112 0.009695 475
-59.342586 -110.951067 -74.300699 -1.398240 -0.002420 0.964734 -0.014119 0.000112 0.009695 476
-60.206479 -112.743567 -75.571716 -1.398240 -0.002420 0.964734 -0.014119 0.000112 0.009695 477
-61.082282 -114.567646 -76.867357 -1.398240 -0.002420 0.964734 -0.014119 0.000112 0.009695 478
-61.970154 -116.424026 -78.188222 -1.398240 -0.002420 0.964734 -0.014119 0.000112 0.009695 479
-62.870258 -118.313457 -79.534934 -1.398240 -0.002420 0.964734 -0.014119 0.000112 0.009695 480
-63.782758 -120.236718 -80.908135 -1.398240 -0.002420 0.964734 -0.014119 0.000112 0.009695 481
-64.707823 -122.194613 -82.308489 -1.398240 -0.002420 0.964734 -0.014119 0.000112 0.009695 482
-65.645623 -124.187980 -83.736684 -1.398240 -0.002420 0.964734 -0.014119 0.000112 0.009695 483
-66.596332 -126.217690 -85.193431 -1.398240 -0.002420 0.964734 -0.014119 0.000112 0.009695 484
-67.560126 -128.284647 -86.679468 -1.398240 -0.002420 0.964734 -0.014119 0.000112 0.009695 485
-68.537187 -130.389790 -88.195558 -1.398240 -0.002420 0.964734 -0.014119 0.000112 0.009695 486
-69.527696 -132.534098 -89.742492 -1.398240 -0.002420 0.964734 -0.014119 0.000112 0.009695 487
-70.531843 -134.718589 -91.321090 -1.398240 -0.002420 0.964734 -0.014119 0.000112 0.009695 488
-71.549815 -136.944325 -92.932203 -1.398240 -0.002420 0.964734 -0.014119 0.000112 0.009695 489
-72.581809 -139.212409 -94.576716 -1.398240 -0.002420 0.964734 -0.014119 0.000112 0.009695 490
-73.628021 -141.523993 -96.255546 -1.398240 -0.002420 0.964734 -0.014119 0.000112 0.009695 491
-74.688654 -143.880279 -97.969647 -1.398240 -0.002420 0.964734 -0.014119 0.000112 0.009695 492
-75.763913 -146.282519 -99.720012 -1.398240 -0.002420 0.964734 -0.014119 0.000112 0.009695 493
-76.854008 -148.732021 -101.507673 -1.398240 -0.002420 0.964734 -0.014119 0.000112 0.009695 494
-77.959154 -151.230151 -103.333707 -1.398240 -0.002420 0.964734 -0.014119 0.000112 0.009695 495
-79.079569 -153.778333 -105.199235 -1.398240 -0.002420 0.964734 -0.014119 0.000112 0.009695 496
-80.215477 -156.378058 -107.105428 -1.398240 -0.002420 0.964734 -0.014119 0.000112 0.009695 497
-81.367107 -159.030881 -109.053510 -1.398240 -0.002420 0.964734 -0.014119 0.000112 0.009695 498
-82.534690 -161.738428 -111.044758 -1.398240 -0.002420 0.964734 -0.014119 0.000112 0.009695 499
-83.718465 -164.502401 -113.080513 -1.398240 -0.002420 0.964734 -0.014119 0.000112 0.009695 500
-84.918676 -167.324578 -115.162176 -1.398240 -0.002420 0.964734 -0.014119 0.000112 0.009695 501
-86.135572 -170.206817 -117.291220 -1.398240 -0.002420 0.964734 -0.014119 0.000112 0.009695 502
-87.369408 -173.151064 -119.469194 -1.398240 -0.002420 0.964734 -0.014119 0.000112 0.009695 503
-88.620444 -176.159356 -121.697725 -1.398240 -0.002420 0.964734 -0.014119 0.000112 0.009695 504
-89.888946 -179.233823 -123.978531 -1.398240 -0.002420 0.964734 -0.014119 0.000112 0.009695 505
-91.175189 -182.376695 -126.313425 -1.398240 -0.002420 0.964734 -0.014119 0.000112 0.009695 506
-92.479453 -185.590310 -128.704325 -1.398240 -0.002420 0.964734 -0.014119 0.000112 0.009695 507
-93.802025 -188.877117 -131.153262 -1.398240 -0.002420 0.964734 -0.014119 0.000112 0.009695 508
-95.143199 -192.239684 -133.662394 -1.398240 -0.002420 0.964734 -0.014119 0.000112 0.009695 509
-96.503280 -195.680708 -136.234016 -1.398240 -0.002420 0.964734 -0.014119 0.000112 0.009695 510
-97.882577 -199.203022 -138.870574 -1.398240 -0.002420 0.964734 -0.014119 0.000112 0.009695 511
-99.281411 -202.809609 -141.574680 -1.398240 -0.002420 0.964734 -0.014119 0.000112 0.009695 512
-100.700114 -206.503617 -144.349131 -1.398240 -0.002420 0.964734 -0.014119 0.000112 0.009695 513
-102.139025 -210.288374 -147.196923 -1.398240 -0.002420 0.964734 -0.014119 0.000112 0.009695 514
-103.598496 -214.167409 -150.121276 -1.398240 -0.002420 0.964734 -0.014119 0.000112 0.009695 515
-105.078893 -218.144485 -153.125655 -1.398240 -0.002420 0.964734 -0.014119 0.000112 0.009695 516
-106.580593 -222.223627 -156.213792 -1.398240 -0.002420 0.964734 -0.014119 0.000112 0.009695 517
-108.103989 -226.409165 -159.389717 -1.398240 -0.002420 0.964734 -0.014119 0.000112 0.009695 518
-109.649490 -230.705794 -162.657783 -1.398240 -0.002420 0.964734 -0.014119 0.000112 0.009695 519
-111.217522 -235.118629 -166.022697 -1.398240 -0.002420 0.964734 -0.014119 0.000112 0.009695 520
-112.808531 -239.653292 -169.489552 -1.398240 -0.002420 0.964734 -0.014119 0.000112 0.009695 521
-114.422984 -244.316005 -173.063857 -1.398240 -0.002420 0.964734 -0.014119 0.000112 0.009695 522
-116.061370 -249.113696 -176.751572 -1.398240 -0.002420 0.964734 -0.014119 0.000112 0.009695 523
-117.724203 -254.054123 -180.559141 -1.398240 -0.002420 0.964734 -0.014119 0.000112 0.009695 524
-119.412023 -259.146002 -184.493525 -1.398240 -0.002420 0.964734 -0.014119 0.000112 0.009695 525
-121.125395 -264.399128 -188.562236 -1.398240 -0.002420 0.964734 -0.014119 0.000112 0.009695 526
-122.864916 -269.824475 -192.773376 -1.398240 -0.002420 0.964734 -0.014119 0.000112 0.009695 527
-124.631208 -275.434250 -197.135677 -1.398240 -0.002420 0.964734 -0.014119 0.000112 0.009695 528
-126.424922 -281.241883 -201.658564 -1.398240 -0.002420 0.964734 -0.014119 0.000112 0.009695 529
-128.246740 -287.261915 -206.352237 -1.398240 -0.002420 0.964734 -0.014119 0.000112 0.009695 530
-130.097371 -293.509821 -211.227809 -1.398240 -0.002420 0.964734 -0.014119 0.000112 0.009695 531
-131.977552 -300.001791 -216.297520 -1.398240 -0.002420 0.964734 -0.014119 0.000112 0.009695 532
-133.888055 -306.754627 -221.575083 -1.398240 -0.002420 0.964734 -0.014119 0.000112 0.009695 533
-135.829687 -313.785954 -227.076195 -1.398240 -0.002420 0.964734 -0.014119 0.000112 0.009695 534
-137.803306 -321.114999 -232.819270 -1.398240 -0.002420 0.964734 -0.014119 0.000112 0.009695 535
-139.809831 -328.764110 -238.826397 -1.398240 -0.002420 0.964734 -0.014119 0.000112 0.009695 536
-141.850266 -336.760775 -245.124419 -1.398240 -0.002420 0.964734 -0.014119 0.000112 0.009695 537
-143.925719 -345.139396 -251.745863 -1.398240 -0.002420 0.964734 -0.014119 0.000112 0.009695 538
-146.037429 -353.941473 -258.729268 -1.398240 -0.002420 0.964734 -0.014119 0.000112 0.009695 539
-148.186791 -363.213270 -266.118414 -1.398240 -0.002420 0.964734 -0.014119 0.000112 0.009695 540
-150.375374 -373.002209 -273.960789 -1.398240 -0.002420 0.964734 -0.014119 0.000112 0.009695 541
-152.604941 -383.357118 -282.307796 -1.398240 -0.002420 0.964734 -0.014119 0.000112 0.009695 542
-154.877472 -394.338534 -291.221358 -1.398240 -0.002420 0.964734 -0.014119 0.000112 0.009695 543
-157.195208 -406.035050 -300.787073 -1.398240 -0.002420 0.964734 -0.014119 0.000112 0.009695 544
-159.560755 -418.563346 -311.117913 -1.398240 -0.002420 0.964734 -0.014119 0.000112 0.009695 545
-161.977215 -432.045147 -322.332704 -1.398240 -0.002420 0.964734 -0.014119 0.000112 0.009695 546
-164.448182 -446.631579 -334.558300 -1.398240 -0.002420 0.964734 -0.014119 0.000112 0.009695 547
-166.977616 -462.562980 -347.996135 -1.398240 -0.002420 0.964734 -0.014119 0.000112 0.009695 548
-169.570089 -480.086369 -362.884733 -1.398240 -0.002420 0.964734 -0.014119 0.000112 0.009695 549
-172.231060 -499.575981 -379.546844 -1.398240 -0.002420 0.964734 -0.014119 0.000112 0.009695 550
-174.966884 -521.451383 -398.456161 -1.398240 -0.002420 0.964734 -0.014119 0.000112 0.009695 551
-177.786230 -546.323803 -420.309482 -1.398240 -0.002420 0.964734 -0.014119 0.000112 0.009695 552
-180.701459 -575.122698 -446.057345 -1.398240 -0.002420 0.964734 -0.014119 0.000112 0.009695 553
-183.729250 -609.341652 -477.099966 -1.398240 -0.002420 0.964734 -0.014119 0.000112 0.009695 554
-186.891322 -651.247348 -515.843419 -1.398240 -0.002420 0.964734 -0.014119 0.000112 0.009695 555
-190.221189 -704.660075 -566.502195 -1.398240 -0.002420 0.964734 -0.014119 0.000112 0.009695 556
-193.776106 -777.268452 -637.393302 -1.398240 -0.002420 0.964734 -0.014119 0.000112 0.009695 557
-197.662025 -886.065228 -747.972200 -1.398240 -0.002420 0.964734 -0.014119 0.000112 0.009695 558
-202.128026 -1079.852168 -959.285646 -1.398240 -0.002420 0.964734 -0.014119 0.000112 0.009695 559
-208.064539 -1574.346676 -1594.241205 -1.398240 -0.002420 0.964734 -0.014119 0.000112 0.009695 560
-224.944108 -5163.537923 -11119.430872 -1.398240 -0.002420 0.964734 -0.014119 0.000112 0.009695 561
-472489.042725 19271616724771.773438 -1102391561323257397248.000000 -1.398240 -0.002420 0.964734 -0.014119 0.000112 0.009695 562
