0.000000 0.000000 0.000000 0.000000 0.000000 0.000000 0.000000 0.000000 0.000000 0
0.000000 0.000000 -0.000814 -0.250297 0.000002 -0.000682 -0.002515 0.000000 -0.000007 1
-0.000000 -0.000262 -0.001632 -0.250300 0.000002 -0.000682 -0.002516 0.000000 -0.000007 2
0.000000 -0.000525 -0.002451 -0.250300 0.000002 -0.000682 -0.002516 0.000000 -0.000007 3
0.000000 -0.000791 -0.003272 -0.250300 0.000002 -0.000682 -0.002516 0.000000 -0.000007 4
0.000000 -0.001060 -0.004095 -0.250300 0.000002 -0.000682 -0.002516 0.000000 -0.000007 5
0.000000 -0.001330 -0.004919 -0.250300 0.000002 -0.000682 -0.002516 0.000000 -0.000007 6
0.000000 -0.001602 -0.005746 -0.250300 0.000002 -0.000682 -0.002516 0.000000 -0.000007 7
0.000000 -0.001877 -0.006574 -0.250300 0.000002 -0.000682 -0.002516 0.000000 -0.000007 8
0.000000 -0.002154 -0.007404 -0.250300 0.000002 -0.000682 -0.002516 0.000000 -0.000007 9
0.000000 -0.002433 -0.008237 -0.250300 0.000002 -0.000682 -0.002516 0.000000 -0.000007 10
0.000000 -0.002714 -0.009070 -0.250300 0.000002 -0.000682 -0.002516 0.000000 -0.000007 11
0.000000 -0.002998 -0.009906 -0.250300 0.000002 -0.000682 -0.002516 0.000000 -0.000007 12
0.000000 -0.003283 -0.010744 -0.250300 0.000002 -0.000682 -0.002516 0.000000 -0.000007 13
0.000000 -0.003571 -0.011583 -0.250300 0.000002 -0.000682 -0.002516 0.000000 -0.000007 14
0.000000 -0.003861 -0.012425 -0.250300 0.000002 -0.000682 -0.002516 0.000000 -0.000007 15
0.000000 -0.004153 -0.013268 -0.250300 0.000002 -0.000682 -0.002516 0.000000 -0.000007 16
0.000000 -0.004448 -0.014113 -0.250300 0.000002 -0.000682 -0.002516 0.000000 -0.000007 17
0.000000 -0.004744 -0.014960 -0.250300 0.000002 -0.000682 -0.002516 0.000000 -0.000007 18
0.000000 -0.005043 -0.015809 -0.250300 0.000002 -0.000682 -0.002516 0.000000 -0.000007 19
0.000000 -0.005345 -0.016660 -0.250300 0.000002 -0.000682 -0.002516 0.000000 -0.000007 20
0.000000 -0.005648 -0.017513 -0.250300 0.000002 -0.000682 -0.002516 0.000000 -0.000007 21
0.000000 -0.005954 -0.018368 -0.250300 0.000002 -0.000682 -0.002516 0.000000 -0.000007 22
0.000000 -0.006262 -0.019224 -0.250300 0.000002 -0.000682 -0.002516 0.000000 -0.000007 23
0.000000 -0.006572 -0.020083 -0.250300 0.000002 -0.000682 -0.002516 0.000000 -0.000007 24
0.000000 -0.006884 -0.020944 -0.250300 0.000002 -0.000682 -0.002516 0.000000 -0.000007 25
0.000001 -0.007199 -0.021806 -0.250300 0.000002 -0.000682 -0.002516 0.000000 -0.000007 26
0.000001 -0.007516 -0.022670 -0.250300 0.000002 -0.000682 -0.002516 0.000000 -0.000007 27
0.000001 -0.007835 -0.023537 -0.250300 0.000002 -0.000682 -0.002516 0.000000 -0.000007 28
0.000001 -0.008157 -0.024405 -0.250300 0.000002 -0.000682 -0.002516 0.000000 -0.000007 29
0.000001 -0.008480 -0.025275 -0.250300 0.000002 -0.000682 -0.002516 0.000000 -0.000007 30
0.000001 -0.008807 -0.026147 -0.250300 0.000002 -0.000682 -0.002516 0.000000 -0.000007 31
0.000001 -0.009135 -0.027021 -0.250300 0.000002 -0.000682 -0.002516 0.000000 -0.000007 32
0.000001 -0.009466 -0.027897 -0.250300 0.000002 -0.000682 -0.002516 0.000000 -0.000007 33
0.000001 -0.009799 -0.028775 -0.250300 0.000002 -0.000682 -0.002516 0.000000 -0.000007 34
0.000001 -0.010134 -0.029655 -0.250300 0.000002 -0.000682 -0.002516 0.000000 -0.000007 35
0.000001 -0.010472 -0.030537 -0.250300 0.000002 -0.000682 -0.002516 0.000000 -0.000007 36
0.000001 -0.010812 -0.031421 -0.250300 0.000002 -0.000682 -0.002516 0.000000 -0.000007 37
0.000001 -0.011154 -0.032307 -0.250300 0.000002 -0.000682 -0.002516 0.000000 -0.000007 38
0.000001 -0.011499 -0.033195 -0.250300 0.000002 -0.000682 -0.002516 0.000000 -0.000007 39
0.000001 -0.011846 -0.034085 -0.250300 0.000002 -0.000682 -0.002516 0.000000 -0.000007 40
0.000001 -0.012195 -0.034977 -0.250300 0.000002 -0.000682 -0.002516 0.000000 -0.000007 41
0.000002 -0.012547 -0.035871 -0.250300 0.000002 -0.000682 -0.002516 0.000000 -0.000007 42
0.000002 -0.012901 -0.036767 -0.250300 0.000002 -0.000682 -0.002516 0.000000 -0.000007 43
0.000002 -0.013257 -0.037665 -0.250300 0.000002 -0.000682 -0.002516 0.000000 -0.000007 44
0.000002 -0.013616 -0.038566 -0.250300 0.000002 -0.000682 -0.002516 0.000000 -0.000007 45
0.000002 -0.013977 -0.039468 -0.250300 0.000002 -0.000682 -0.002516 0.000000 -0.000007 46
0.000002 -0.014341 -0.040372 -0.250300 0.000002 -0.000682 -0.002516 0.000000 -0.000007 47
0.000002 -0.014707 -0.041278 -0.250300 0.000002 -0.000682 -0.002516 0.000000 -0.000007 48
0.000002 -0.015075 -0.042186 -0.250300 0.000002 -0.000682 -0.002516 0.000000 -0.000007 49
0.000002 -0.015445 -0.043097 -0.250300 0.000002 -0.000682 -0.002516 0.000000 -0.000007 50
0.000002 -0.015819 -0.044009 -0.250300 0.000002 -0.000682 -0.002516 0.000000 -0.000007 51
0.000002 -0.016194 -0.044923 -0.250300 0.000002 -0.000682 -0.002516 0.000000 -0.000007 52
0.000003 -0.016572 -0.045840 -0.250300 0.000002 -0.000682 -0.002516 0.000000 -0.000007 53
0.000003 -0.016952 -0.046759 -0.250300 0.000002 -0.000682 -0.002516 0.000000 -0.000007 54
0.000003 -0.017335 -0.047679 -0.250300 0.000002 -0.000682 -0.002516 0.000000 -0.000007 55
0.000003 -0.017720 -0.048602 -0.250300 0.000002 -0.000682 -0.002516 0.000000 -0.000007 56
0.000003 -0.018108 -0.049527 -0.250300 0.000002 -0.000682 -0.002516 0.000000 -0.000007 57
0.000003 -0.018498 -0.050454 -0.250300 0.000002 -0.000682 -0.002516 0.000000 -0.000007 58
0.000003 -0.018890 -0.051383 -0.250300 0.000002 -0.000682 -0.002516 0.000000 -0.000007 59
0.000003 -0.019285 -0.052314 -0.250300 0.000002 -0.000682 -0.002516 0.000000 -0.000007 60
0.000004 -0.019683 -0.053247 -0.250300 0.000002 -0.000682 -0.002516 0.000000 -0.000007 61
0.000004 -0.020082 -0.054183 -0.250300 0.000002 -0.000682 -0.002516 0.000000 -0.000007 62
0.000004 -0.020485 -0.055120 -0.250300 0.000002 -0.000682 -0.002516 0.000000 -0.000007 63
0.000004 -0.020890 -0.056060 -0.250300 0.000002 -0.000682 -0.002516 0.000000 -0.000007 64
0.000004 -0.021297 -0.057002 -0.250300 0.000002 -0.000682 -0.002516 0.000000 -0.000007 65
0.000004 -0.021707 -0.057946 -0.250300 0.000002 -0.000682 -0.002516 0.000000 -0.000007 66
0.000004 -0.022119 -0.058892 -0.250300 0.000002 -0.000682 -0.002516 0.000000 -0.000007 67
0.000004 -0.022533 -0.059840 -0.250300 0.000002 -0.000682 -0.002516 0.000000 -0.000007 68
0.000005 -0.022951 -0.060790 -0.250300 0.000002 -0.000682 -0.002516 0.000000 -0.000007 69
0.000005 -0.023370 -0.061743 -0.250300 0.000002 -0.000682 -0.002516 0.000000 -0.000007 70
0.000005 -0.023793 -0.062698 -0.250300 0.000002 -0.000682 -0.002516 0.000000 -0.000007 71
0.000005 -0.024217 -0.063655 -0.250300 0.000002 -0.000682 -0.002516 0.000000 -0.000007 72
0.000005 -0.024645 -0.064614 -0.250300 0.000002 -0.000682 -0.002516 0.000000 -0.000007 73
0.000005 -0.025074 -0.065575 -0.250300 0.000002 -0.000682 -0.002516 0.000000 -0.000007 74
0.000006 -0.025507 -0.066539 -0.250300 0.000002 -0.000682 -0.002516 0.000000 -0.000007 75
0.000006 -0.025942 -0.067504 -0.250300 0.000002 -0.000682 -0.002516 0.000000 -0.000007 76
0.000006 -0.026379 -0.068472 -0.250300 0.000002 -0.000682 -0.002516 0.000000 -0.000007 77
0.000006 -0.026819 -0.069442 -0.250300 0.000002 -0.000682 -0.002516 0.000000 -0.000007 78
0.000006 -0.027262 -0.070415 -0.250300 0.000002 -0.000682 -0.002516 0.000000 -0.000007 79
0.000006 -0.027707 -0.071389 -0.250300 0.000002 -0.000682 -0.002516 0.000000 -0.000007 80
0.000007 -0.028154 -0.072366 -0.250300 0.000002 -0.000682 -0.002516 0.000000 -0.000007 81
0.000007 -0.028605 -0.073345 -0.250300 0.000002 -0.000682 -0.002516 0.000000 -0.000007 82
0.000007 -0.029057 -0.074326 -0.250300 0.000002 -0.000682 -0.002516 0.000000 -0.000007 83
0.000007 -0.029513 -0.075310 -0.250300 0.000002 -0.000682 -0.002516 0.000000 -0.000007 84
0.000007 -0.029971 -0.076295 -0.250300 0.000002 -0.000682 -0.002516 0.000000 -0.000007 85
0.000008 -0.030431 -0.077283 -0.250300 0.000002 -0.000682 -0.002516 0.000000 -0.000007 86
0.000008 -0.030895 -0.078274 -0.250300 0.000002 -0.000682 -0.002516 0.000000 -0.000007 87
0.000008 -0.031360 -0.079266 -0.250300 0.000002 -0.000682 -0.002516 0.000000 -0.000007 88
0.000008 -0.031829 -0.080261 -0.250300 0.000002 -0.000682 -0.002516 0.000000 -0.000007 89
0.000008 -0.032300 -0.081258 -0.250300 0.000002 -0.000682 -0.002516 0.000000 -0.000007 90
0.000009 -0.032774 -0.082257 -0.250300 0.000002 -0.000682 -0.002516 0.000000 -0.000007 91
0.000009 -0.033250 -0.083259 -0.250300 0.000002 -0.000682 -0.002516 0.000000 -0.000007 92
0.000009 -0.033729 -0.084263 -0.250300 0.000002 -0.000682 -0.002516 0.000000 -0.000007 93
0.000009 -0.034211 -0.085269 -0.250300 0.000002 -0.000682 -0.002516 0.000000 -0.000007 94
0.000009 -0.034695 -0.086278 -0.250300 0.000002 -0.000682 -0.002516 0.000000 -0.000007 95
0.000010 -0.035182 -0.087289 -0.250300 0.000002 -0.000682 -0.002516 0.000000 -0.000007 96
0.000010 -0.035671 -0.088302 -0.250300 0.000002 -0.000682 -0.002516 0.000000 -0.000007 97
0.000010 -0.036164 -0.089317 -0.250300 0.000002 -0.000682 -0.002516 0.000000 -0.000007 98
0.000010 -0.036658 -0.090335 -0.250300 0.000002 -0.000682 -0.002516 0.000000 -0.000007 99
0.000011 -0.037156 -0.091356 -0.250300 0.000002 -0.000682 -0.002516 0.000000 -0.000007 100
0.000011 -0.037656 -0.092378 -0.250300 0.000002 -0.000682 -0.002516 0.000000 -0.000007 101
0.000011 -0.038159 -0.093403 -0.250300 0.000002 -0.000682 -0.002516 0.000000 -0.000007 102
0.000011 -0.038665 -0.094430 -0.250300 0.000002 -0.000682 -0.002516 0.000000 -0.000007 103
0.000012 -0.039174 -0.095460 -0.250300 0.000002 -0.000682 -0.002516 0.000000 -0.000007 104
0.000012 -0.039685 -0.096492 -0.250300 0.000002 -0.000682 -0.002516 0.000000 -0.000007 105
0.000012 -0.040199 -0.097526 -0.250300 0.000002 -0.000682 -0.002516 0.000000 -0.000007 106
0.000012 -0.040715 -0.098563 -0.250300 0.000002 -0.000682 -0.002516 0.000000 -0.000007 107
0.000013 -0.041234 -0.099602 -0.250300 0.000002 -0.000682 -0.002516 0.000000 -0.000007 108
0.000013 -0.041757 -0.100644 -0.250300 0.000002 -0.000682 -0.002516 0.000000 -0.000007 109
0.000013 -0.042281 -0.101688 -0.250300 0.000002 -0.000682 -0.002516 0.000000 -0.000007 110
0.000013 -0.042809 -0.102734 -0.250300 0.000002 -0.000682 -0.002516 0.000000 -0.000007 111
0.000014 -0.043339 -0.103783 -0.250300 0.000002 -0.000682 -0.002516 0.000000 -0.000007 112
0.000014 -0.043872 -0.104834 -0.250300 0.000002 -0.000682 -0.002516 0.000000 -0.000007 113
0.000014 -0.044408 -0.105888 -0.250300 0.000002 -0.000682 -0.002516 0.000000 -0.000007 114
0.000015 -0.044947 -0.106944 -0.250300 0.000002 -0.000682 -0.002516 0.000000 -0.000007 115
0.000015 -0.045488 -0.108002 -0.250300 0.000002 -0.000682 -0.002516 0.000000 -0.000007 116
0.000015 -0.046032 -0.109063 -0.250300 0.000002 -0.000682 -0.002516 0.000000 -0.000007 117
0.000015 -0.046579 -0.110126 -0.250300 0.000002 -0.000682 -0.002516 0.000000 -0.000007 118
0.000016 -0.047129 -0.111192 -0.250300 0.000002 -0.000682 -0.002516 0.000000 -0.000007 119
0.000016 -0.047682 -0.112261 -0.250300 0.000002 -0.000682 -0.002516 0.000000 -0.000007 120
0.000016 -0.048237 -0.113331 -0.250300 0.000002 -0.000682 -0.002516 0.000000 -0.000007 121
0.000017 -0.048796 -0.114405 -0.250300 0.000002 -0.000682 -0.002516 0.000000 -0.000007 122
0.000017 -0.049357 -0.115480 -0.250300 0.000002 -0.000682 -0.002516 0.000000 -0.000007 123
0.000017 -0.049921 -0.116558 -0.250300 0.000002 -0.000682 -0.002516 0.000000 -0.000007 124
0.000018 -0.050487 -0.117639 -0.250300 0.000002 -0.000682 -0.002516 0.000000 -0.000007 125
0.000018 -0.051057 -0.118722 -0.250300 0.000002 -0.000682 -0.002516 0.000000 -0.000007 126
0.000018 -0.051629 -0.119808 -0.250300 0.000002 -0.000682 -0.002516 0.000000 -0.000007 127
0.000019 -0.052205 -0.120896 -0.250300 0.000002 -0.000682 -0.002516 0.000000 -0.000007 128
0.000019 -0.052783 -0.121987 -0.250300 0.000002 -0.000682 -0.002516 0.000000 -0.000007 129
0.000019 -0.053364 -0.123080 -0.250300 0.000002 -0.000682 -0.002516 0.000000 -0.000007 130
0.000020 -0.053948 -0.124176 -0.250300 0.000002 -0.000682 -0.002516 0.000000 -0.000007 131
0.000020 -0.054535 -0.125275 -0.250300 0.000002 -0.000682 -0.002516 0.000000 -0.000007 132
0.000020 -0.055125 -0.126375 -0.250300 0.000002 -0.000682 -0.002516 0.000000 -0.000007 133
0.000021 -0.055717 -0.127479 -0.250300 0.000002 -0.000682 -0.002516 0.000000 -0.000007 134
0.000021 -0.056313 -0.128585 -0.250300 0.000002 -0.000682 -0.002516 0.000000 -0.000007 135
0.000022 -0.056912 -0.129694 -0.250300 0.000002 -0.000682 -0.002516 0.000000 -0.000007 136
0.000022 -0.057513 -0.130805 -0.250300 0.000002 -0.000682 -0.002516 0.000000 -0.000007 137
0.000022 -0.058117 -0.131918 -0.250300 0.000002 -0.000682 -0.002516 0.000000 -0.000007 138
0.000023 -0.058725 -0.133035 -0.250300 0.000002 -0.000682 -0.002516 0.000000 -0.000007 139
0.000023 -0.059335 -0.134154 -0.250300 0.000002 -0.000682 -0.002516 0.000000 -0.000007 140
0.000023 -0.059948 -0.135275 -0.250300 0.000002 -0.000682 -0.002516 0.000000 -0.000007 141
0.000024 -0.060564 -0.136399 -0.250300 0.000002 -0.000682 -0.002516 0.000000 -0.000007 142
0.000024 -0.061183 -0.137526 -0.250300 0.000002 -0.000682 -0.002516 0.000000 -0.000007 143
0.000025 -0.061805 -0.138656 -0.250300 0.000002 -0.000682 -0.002516 0.000000 -0.000007 144
0.000025 -0.062430 -0.139788 -0.250300 0.000002 -0.000682 -0.002516 0.000000 -0.000007 145
0.000025 -0.063059 -0.140922 -0.250300 0.000002 -0.000682 -0.002516 0.000000 -0.000007 146
0.000026 -0.063690 -0.142059 -0.250300 0.000002 -0.000682 -0.002516 0.000000 -0.000007 147
0.000026 -0.064324 -0.143199 -0.250300 0.000002 -0.000682 -0.002516 0.000000 -0.000007 148
0.000027 -0.064961 -0.144342 -0.250300 0.000002 -0.000682 -0.002516 0.000000 -0.000007 149
0.000027 -0.065601 -0.145487 -0.250300 0.000002 -0.000682 -0.002516 0.000000 -0.000007 150
0.000028 -0.066244 -0.146635 -0.250300 0.000002 -0.000682 -0.002516 0.000000 -0.000007 151
0.000028 -0.066890 -0.147786 -0.250300 0.000002 -0.000682 -0.002516 0.000000 -0.000007 152
0.000028 -0.067539 -0.148939 -0.250300 0.000002 -0.000682 -0.002516 0.000000 -0.000007 153
0.000029 -0.068191 -0.150095 -0.250300 0.000002 -0.000682 -0.002516 0.000000 -0.000007 154
0.000029 -0.068847 -0.151254 -0.250300 0.000002 -0.000682 -0.002516 0.000000 -0.000007 155
0.000030 -0.069505 -0.152415 -0.250300 0.000002 -0.000682 -0.002516 0.000000 -0.000007 156
0.000030 -0.070166 -0.153579 -0.250300 0.000002 -0.000682 -0.002516 0.000000 -0.000007 157
0.000031 -0.070831 -0.154746 -0.250300 0.000002 -0.000682 -0.002516 0.000000 -0.000007 158
0.000031 -0.071498 -0.155915 -0.250300 0.000002 -0.000682 -0.002516 0.000000 -0.000007 159
0.000032 -0.072169 -0.157088 -0.250300 0.000002 -0.000682 -0.002516 0.000000 -0.000007 160
0.000032 -0.072843 -0.158263 -0.250300 0.000002 -0.000682 -0.002516 0.000000 -0.000007 161
0.000033 -0.073519 -0.159440 -0.250300 0.000002 -0.000682 -0.002516 0.000000 -0.000007 162
0.000033 -0.074199 -0.160621 -0.250300 0.000002 -0.000682 -0.002516 0.000000 -0.000007 163
0.000034 -0.074882 -0.161804 -0.250300 0.000002 -0.000682 -0.002516 0.000000 -0.000007 164
0.000034 -0.075568 -0.162990 -0.250300 0.000002 -0.000682 -0.002516 0.000000 -0.000007 165
0.000035 -0.076258 -0.164179 -0.250300 0.000002 -0.000682 -0.002516 0.000000 -0.000007 166
0.000035 -0.076950 -0.165370 -0.250300 0.000002 -0.000682 -0.002516 0.000000 -0.000007 167
0.000036 -0.077646 -0.166565 -0.250300 0.000002 -0.000682 -0.002516 0.000000 -0.000007 168
0.000036 -0.078344 -0.167762 -0.250300 0.000002 -0.000682 -0.002516 0.000000 -0.000007 169
0.000037 -0.079046 -0.168962 -0.250300 0.000002 -0.000682 -0.002516 0.000000 -0.000007 170
0.000037 -0.079751 -0.170164 -0.250300 0.000002 -0.000682 -0.002516 0.000000 -0.000007 171
0.000038 -0.080460 -0.171370 -0.250300 0.000002 -0.000682 -0.002516 0.000000 -0.000007 172
0.000038 -0.081171 -0.172578 -0.250300 0.000002 -0.000682 -0.002516 0.000000 -0.000007 173
0.000039 -0.081885 -0.173790 -0.250300 0.000002 -0.000682 -0.002516 0.000000 -0.000007 174
0.000039 -0.082603 -0.175004 -0.250300 0.000002 -0.000682 -0.002516 0.000000 -0.000007 175
0.000040 -0.083324 -0.176221 -0.250300 0.000002 -0.000682 -0.002516 0.000000 -0.000007 176
0.000040 -0.084048 -0.177440 -0.250300 0.000002 -0.000682 -0.002516 0.000000 -0.000007 177
0.000041 -0.084776 -0.178663 -0.250300 0.000002 -0.000682 -0.002516 0.000000 -0.000007 178
0.000041 -0.085507 -0.179889 -0.250300 0.000002 -0.000682 -0.002516 0.000000 -0.000007 179
0.000042 -0.086240 -0.181117 -0.250300 0.000002 -0.000682 -0.002516 0.000000 -0.000007 180
0.000042 -0.086978 -0.182348 -0.250300 0.000002 -0.000682 -0.002516 0.000000 -0.000007 181
0.000043 -0.087718 -0.183582 -0.250300 0.000002 -0.000682 -0.002516 0.000000 -0.000007 182
0.000044 -0.088461 -0.184819 -0.250300 0.000002 -0.000682 -0.002516 0.000000 -0.000007 183
0.000044 -0.089208 -0.186059 -0.250300 0.000002 -0.000682 -0.002516 0.000000 -0.000007 184
0.000045 -0.089959 -0.187302 -0.250300 0.000002 -0.000682 -0.002516 0.000000 -0.000007 185
0.000045 -0.090712 -0.188548 -0.250300 0.000002 -0.000682 -0.002516 0.000000 -0.000007 186
0.000046 -0.091469 -0.189797 -0.250300 0.000002 -0.000682 -0.002516 0.000000 -0.000007 187
0.000047 -0.092229 -0.191048 -0.250300 0.000002 -0.000682 -0.002516 0.000000 -0.000007 188
0.000047 -0.092992 -0.192303 -0.250300 0.000002 -0.000682 -0.002516 0.000000 -0.000007 189
0.000048 -0.093759 -0.193561 -0.250300 0.000002 -0.000682 -0.002516 0.000000 -0.000007 190
0.000048 -0.094529 -0.194821 -0.250300 0.000002 -0.000682 -0.002516 0.000000 -0.000007 191
0.000049 -0.095302 -0.196085 -0.250300 0.000002 -0.000682 -0.002516 0.000000 -0.000007 192
0.000050 -0.096079 -0.197351 -0.250300 0.000002 -0.000682 -0.002516 0.000000 -0.000007 193
0.000050 -0.096859 -0.198620 -0.250300 0.000002 -0.000682 -0.002516 0.000000 -0.000007 194
0.000051 -0.097642 -0.199893 -0.250300 0.000002 -0.000682 -0.002516 0.000000 -0.000007 195
0.000052 -0.098429 -0.201168 -0.250300 0.000002 -0.000682 -0.002516 0.000000 -0.000007 196
0.000052 -0.099219 -0.202447 -0.250300 0.000002 -0.000682 -0.002516 0.000000 -0.000007 197
0.000053 -0.100012 -0.203728 -0.250300 0.000002 -0.000682 -0.002516 0.000000 -0.000007 198
0.000053 -0.100809 -0.205012 -0.250300 0.000002 -0.000682 -0.002516 0.000000 -0.000007 199
0.000054 -0.101609 -0.206300 -0.250300 0.000002 -0.000682 -0.002516 0.000000 -0.000007 200
0.000055 -0.102413 -0.207590 -0.250300 0.000002 -0.000682 -0.002516 0.000000 -0.000007 201
0.000055 -0.103220 -0.208884 -0.250300 0.000002 -0.000682 -0.002516 0.000000 -0.000007 202
0.000056 -0.104030 -0.210181 -0.250300 0.000002 -0.000682 -0.002516 0.000000 -0.000007 203
0.000057 -0.104844 -0.211480 -0.250300 0.000002 -0.000682 -0.002516 0.000000 -0.000007 204
0.000058 -0.105661 -0.212783 -0.250300 0.000002 -0.000682 -0.002516 0.000000 -0.000007 205
0.000058 -0.106482 -0.214089 -0.250300 0.000002 -0.000682 -0.002516 0.000000 -0.000007 206
0.000059 -0.107306 -0.215398 -0.250300 0.000002 -0.000682 -0.002516 0.000000 -0.000007 207
0.000060 -0.108134 -0.216710 -0.250300 0.000002 -0.000682 -0.002516 0.000000 -0.000007 208
0.000060 -0.108965 -0.218025 -0.250300 0.000002 -0.000682 -0.002516 0.000000 -0.000007 209
0.000061 -0.109799 -0.219343 -0.250300 0.000002 -0.000682 -0.002516 0.000000 -0.000007 210
0.000062 -0.110637 -0.220664 -0.250300 0.000002 -0.000682 -0.002516 0.000000 -0.000007 211
0.000062 -0.111479 -0.221989 -0.250300 0.000002 -0.000682 -0.002516 0.000000 -0.000007 212
0.000063 -0.112324 -0.223316 -0.250300 0.000002 -0.000682 -0.002516 0.000000 -0.000007 213
0.000064 -0.113172 -0.224647 -0.250300 0.000002 -0.000682 -0.002516 0.000000 -0.000007 214
0.000065 -0.114024 -0.225981 -0.250300 0.000002 -0.000682 -0.002516 0.000000 -0.000007 215
0.000065 -0.114880 -0.227318 -0.250300 0.000002 -0.000682 -0.002516 0.000000 -0.000007 216
0.000066 -0.115739 -0.228658 -0.250300 0.000002 -0.000682 -0.002516 0.000000 -0.000007 217
0.000067 -0.116602 -0.230001 -0.250300 0.000002 -0.000682 -0.002516 0.000000 -0.000007 218
0.000068 -0.117468 -0.231348 -0.250300 0.000002 -0.000682 -0.002516 0.000000 -0.000007 219
0.000068 -0.118338 -0.232698 -0.250300 0.000002 -0.000682 -0.002516 0.000000 -0.000007 220
0.000069 -0.119211 -0.234050 -0.250300 0.000002 -0.000682 -0.002516 0.000000 -0.000007 221
0.000070 -0.120088 -0.235407 -0.250300 0.000002 -0.000682 -0.002516 0.000000 -0.000007 222
0.000071 -0.120968 -0.236766 -0.250300 0.000002 -0.000682 -0.002516 0.000000 -0.000007 223
0.000072 -0.121852 -0.238128 -0.250300 0.000002 -0.000682 -0.002516 0.000000 -0.000007 224
0.000072 -0.122740 -0.239494 -0.250300 0.000002 -0.000682 -0.002516 0.000000 -0.000007 225
0.000073 -0.123631 -0.240863 -0.250300 0.000002 -0.000682 -0.002516 0.000000 -0.000007 226
0.000074 -0.124526 -0.242235 -0.250300 0.000002 -0.000682 -0.002516 0.000000 -0.000007 227
0.000075 -0.125424 -0.243611 -0.250300 0.000002 -0.000682 -0.002516 0.000000 -0.000007 228
0.000076 -0.126327 -0.244990 -0.250300 0.000002 -0.000682 -0.002516 0.000000 -0.000007 229
0.000076 -0.127232 -0.246372 -0.250300 0.000002 -0.000682 -0.002516 0.000000 -0.000007 230
0.000077 -0.128142 -0.247757 -0.250300 0.000002 -0.000682 -0.002516 0.000000 -0.000007 231
0.000078 -0.129055 -0.249146 -0.250300 0.000002 -0.000682 -0.002516 0.000000 -0.000007 232
0.000079 -0.129971 -0.250538 -0.250300 0.000002 -0.000682 -0.002516 0.000000 -0.000007 233
0.000080 -0.130892 -0.251933 -0.250300 0.000002 -0.000682 -0.002516 0.000000 -0.000007 234
0.000081 -0.131816 -0.253331 -0.250300 0.000002 -0.000682 -0.002516 0.000000 -0.000007 235
0.000082 -0.132744 -0.254733 -0.250300 0.000002 -0.000682 -0.002516 0.000000 -0.000007 236
0.000082 -0.133675 -0.256138 -0.250300 0.000002 -0.000682 -0.002516 0.000000 -0.000007 237
0.000083 -0.134610 -0.257547 -0.250300 0.000002 -0.000682 -0.002516 0.000000 -0.000007 238
0.000084 -0.135549 -0.258959 -0.250300 0.000002 -0.000682 -0.002516 0.000000 -0.000007 239
0.000085 -0.136492 -0.260374 -0.250300 0.000002 -0.000682 -0.002516 0.000000 -0.000007 240
0.000086 -0.137438 -0.261793 -0.250300 0.000002 -0.000682 -0.002516 0.000000 -0.000007 241
0.000087 -0.138389 -0.263214 -0.250300 0.000002 -0.000682 -0.002516 0.000000 -0.000007 242
0.000088 -0.139342 -0.264640 -0.250300 0.000002 -0.000682 -0.002516 0.000000 -0.000007 243
0.000089 -0.140300 -0.266069 -0.250300 0.000002 -0.000682 -0.002516 0.000000 -0.000007 244
0.000090 -0.141262 -0.267501 -0.250300 0.000002 -0.000682 -0.002516 0.000000 -0.000007 245
0.000090 -0.142227 -0.268936 -0.250300 0.000002 -0.000682 -0.002516 0.000000 -0.000007 246
0.000091 -0.143196 -0.270375 -0.250300 0.000002 -0.000682 -0.002516 0.000000 -0.000007 247
0.000092 -0.144169 -0.271818 -0.250300 0.000002 -0.000682 -0.002516 0.000000 -0.000007 248
0.000093 -0.145145 -0.273263 -0.250300 0.000002 -0.000682 -0.002516 0.000000 -0.000007 249
0.000094 -0.146126 -0.274713 -0.250300 0.000002 -0.000682 -0.002516 0.000000 -0.000007 250
0.000095 -0.147110 -0.276165 -0.250300 0.000002 -0.000682 -0.002516 0.000000 -0.000007 251
0.000096 -0.148098 -0.277622 -0.250300 0.000002 -0.000682 -0.002516 0.000000 -0.000007 252
0.000097 -0.149090 -0.279081 -0.250300 0.000002 -0.000682 -0.002516 0.000000 -0.000007 253
0.000098 -0.150086 -0.280544 -0.250300 0.000002 -0.000682 -0.002516 0.000000 -0.000007 254
0.000099 -0.151085 -0.282011 -0.250300 0.000002 -0.000682 -0.002516 0.000000 -0.000007 255
0.000100 -0.152089 -0.283481 -0.250300 0.000002 -0.000682 -0.002516 0.000000 -0.000007 256
0.000101 -0.153096 -0.284955 -0.250300 0.000002 -0.000682 -0.002516 0.000000 -0.000007 257
0.000102 -0.154108 -0.286432 -0.250300 0.000002 -0.000682 -0.002516 0.000000 -0.000007 258
0.000103 -0.155123 -0.287912 -0.250300 0.000002 -0.000682 -0.002516 0.000000 -0.000007 259
0.000104 -0.156142 -0.289397 -0.250300 0.000002 -0.000682 -0.002516 0.000000 -0.000007 260
0.000105 -0.157165 -0.290884 -0.250300 0.000002 -0.000682 -0.002516 0.000000 -0.000007 261
0.000106 -0.158192 -0.292376 -0.250300 0.000002 -0.000682 -0.002516 0.000000 -0.000007 262
0.000107 -0.159223 -0.293871 -0.250300 0.000002 -0.000682 -0.002516 0.000000 -0.000007 263
0.000108 -0.160258 -0.295369 -0.250300 0.000002 -0.000682 -0.002516 0.000000 -0.000007 264
0.000109 -0.161297 -0.296871 -0.250300 0.000002 -0.000682 -0.002516 0.000000 -0.000007 265
0.000110 -0.162340 -0.298377 -0.250300 0.000002 -0.000682 -0.002516 0.000000 -0.000007 266
0.000111 -0.163387 -0.299886 -0.250300 0.000002 -0.000682 -0.002516 0.000000 -0.000007 267
0.000112 -0.164437 -0.301399 -0.250300 0.000002 -0.000682 -0.002516 0.000000 -0.000007 268
0.000114 -0.165492 -0.302915 -0.250300 0.000002 -0.000682 -0.002516 0.000000 -0.000007 269
0.000115 -0.166551 -0.304435 -0.250300 0.000002 -0.000682 -0.002516 0.000000 -0.000007 270
0.000116 -0.167614 -0.305959 -0.250300 0.000002 -0.000682 -0.002516 0.000000 -0.000007 271
0.000117 -0.168681 -0.307486 -0.250300 0.000002 -0.000682 -0.002516 0.000000 -0.000007 272
0.000118 -0.169751 -0.309017 -0.250300 0.000002 -0.000682 -0.002516 0.000000 -0.000007 273
0.000119 -0.170826 -0.310552 -0.250300 0.000002 -0.000682 -0.002516 0.000000 -0.000007 274
0.000120 -0.171905 -0.312090 -0.250300 0.000002 -0.000682 -0.002516 0.000000 -0.000007 275
0.000121 -0.172988 -0.313632 -0.250300 0.000002 -0.000682 -0.002516 0.000000 -0.000007 276
0.000122 -0.174075 -0.315178 -0.250300 0.000002 -0.000682 -0.002516 0.000000 -0.000007 277
0.000124 -0.175167 -0.316727 -0.250300 0.000002 -0.000682 -0.002516 0.000000 -0.000007 278
0.000125 -0.176262 -0.318280 -0.250300 0.000002 -0.000682 -0.002516 0.000000 -0.000007 279
0.000126 -0.177361 -0.319837 -0.250300 0.000002 -0.000682 -0.002516 0.000000 -0.000007 280
0.000127 -0.178465 -0.321397 -0.250300 0.000002 -0.000682 -0.002516 0.000000 -0.000007 281
0.000128 -0.179572 -0.322962 -0.250300 0.000002 -0.000682 -0.002516 0.000000 -0.000007 282
0.000129 -0.180684 -0.324530 -0.250300 0.000002 -0.000682 -0.002516 0.000000 -0.000007 283
0.000131 -0.181800 -0.326102 -0.250300 0.000002 -0.000682 -0.002516 0.000000 -0.000007 284
0.000132 -0.182920 -0.327677 -0.250300 0.000002 -0.000682 -0.002516 0.000000 -0.000007 285
0.000133 -0.184044 -0.329256 -0.250300 0.000002 -0.000682 -0.002516 0.000000 -0.000007 286
0.000134 -0.185173 -0.330840 -0.250300 0.000002 -0.000682 -0.002516 0.000000 -0.000007 287
0.000135 -0.186305 -0.332427 -0.250300 0.000002 -0.000682 -0.002516 0.000000 -0.000007 288
0.000137 -0.187442 -0.334017 -0.250300 0.000002 -0.000682 -0.002516 0.000000 -0.000007 289
0.000138 -0.188583 -0.335612 -0.250300 0.000002 -0.000682 -0.002516 0.000000 -0.000007 290
0.000139 -0.189728 -0.337210 -0.250300 0.000002 -0.000682 -0.002516 0.000000 -0.000007 291
0.000140 -0.190878 -0.338812 -0.250300 0.000002 -0.000682 -0.002516 0.000000 -0.000007 292
0.000141 -0.192032 -0.340419 -0.250300 0.000002 -0.000682 -0.002516 0.000000 -0.000007 293
0.000143 -0.193189 -0.342028 -0.250300 0.000002 -0.000682 -0.002516 0.000000 -0.000007 294
0.000144 -0.194352 -0.343642 -0.250300 0.000002 -0.000682 -0.002516 0.000000 -0.000007 295
0.000145 -0.195518 -0.345260 -0.250300 0.000002 -0.000682 -0.002516 0.000000 -0.000007 296
0.000147 -0.196689 -0.346881 -0.250300 0.000002 -0.000682 -0.002516 0.000000 -0.000007 297
0.000148 -0.197864 -0.348507 -0.250300 0.000002 -0.000682 -0.002516 0.000000 -0.000007 298
0.000149 -0.199043 -0.350136 -0.250300 0.000002 -0.000682 -0.002516 0.000000 -0.000007 299
0.000150 -0.200227 -0.351770 -0.250300 0.000002 -0.000682 -0.002516 0.000000 -0.000007 300
0.000152 -0.201415 -0.353407 -0.250300 0.000002 -0.000682 -0.002516 0.000000 -0.000007 301
0.000153 -0.202607 -0.355048 -0.250300 0.000002 -0.000682 -0.002516 0.000000 -0.000007 302
0.000154 -0.203803 -0.356693 -0.250300 0.000002 -0.000682 -0.002516 0.000000 -0.000007 303
0.000156 -0.205004 -0.358342 -0.250300 0.000002 -0.000682 -0.002516 0.000000 -0.000007 304
0.000157 -0.206210 -0.359995 -0.250300 0.000002 -0.000682 -0.002516 0.000000 -0.000007 305
0.000158 -0.207419 -0.361652 -0.250300 0.000002 -0.000682 -0.002516 0.000000 -0.000007 306
0.000160 -0.208633 -0.363313 -0.250300 0.000002 -0.000682 -0.002516 0.000000 -0.000007 307
0.000161 -0.209852 -0.364978 -0.250300 0.000002 -0.000682 -0.002516 0.000000 -0.000007 308
0.000162 -0.211075 -0.366647 -0.250300 0.000002 -0.000682 -0.002516 0.000000 -0.000007 309
0.000164 -0.212302 -0.368320 -0.250300 0.000002 -0.000682 -0.002516 0.000000 -0.000007 310
0.000165 -0.213534 -0.369997 -0.250300 0.000002 -0.000682 -0.002516 0.000000 -0.000007 311
0.000167 -0.214770 -0.371678 -0.250300 0.000002 -0.000682 -0.002516 0.000000 -0.000007 312
0.000168 -0.216010 -0.373363 -0.250300 0.000002 -0.000682 -0.002516 0.000000 -0.000007 313
0.000169 -0.217255 -0.375052 -0.250300 0.000002 -0.000682 -0.002516 0.000000 -0.000007 314
0.000171 -0.218505 -0.376746 -0.250300 0.000002 -0.000682 -0.002516 0.000000 -0.000007 315
0.000172 -0.219759 -0.378443 -0.250300 0.000002 -0.000682 -0.002516 0.000000 -0.000007 316
0.000174 -0.221017 -0.380144 -0.250300 0.000002 -0.000682 -0.002516 0.000000 -0.000007 317
0.000175 -0.222280 -0.381850 -0.250300 0.000002 -0.000682 -0.002516 0.000000 -0.000007 318
0.000177 -0.223548 -0.383560 -0.250300 0.000002 -0.000682 -0.002516 0.000000 -0.000007 319
0.000178 -0.224820 -0.385273 -0.250300 0.000002 -0.000682 -0.002516 0.000000 -0.000007 320
0.000180 -0.226096 -0.386991 -0.250300 0.000002 -0.000682 -0.002516 0.000000 -0.000007 321
0.000181 -0.227377 -0.388713 -0.250300 0.000002 -0.000682 -0.002516 0.000000 -0.000007 322
0.000183 -0.228663 -0.390440 -0.250300 0.000002 -0.000682 -0.002516 0.000000 -0.000007 323
0.000184 -0.229953 -0.392170 -0.250300 0.000002 -0.000682 -0.002516 0.000000 -0.000007 324
0.000186 -0.231248 -0.393905 -0.250300 0.000002 -0.000682 -0.002516 0.000000 -0.000007 325
0.000187 -0.232547 -0.395643 -0.250300 0.000002 -0.000682 -0.002516 0.000000 -0.000007 326
0.000189 -0.233851 -0.397386 -0.250300 0.000002 -0.000682 -0.002516 0.000000 -0.000007 327
0.000190 -0.235160 -0.399133 -0.250300 0.000002 -0.000682 -0.002516 0.000000 -0.000007 328
0.000192 -0.236473 -0.400885 -0.250300 0.000002 -0.000682 -0.002516 0.000000 -0.000007 329
0.000193 -0.237791 -0.402640 -0.250300 0.000002 -0.000682 -0.002516 0.000000 -0.000007 330
0.000195 -0.239113 -0.404400 -0.250300 0.000002 -0.000682 -0.002516 0.000000 -0.000007 331
0.000196 -0.240440 -0.406164 -0.250300 0.000002 -0.000682 -0.002516 0.000000 -0.000007 332
0.000198 -0.241772 -0.407933 -0.250300 0.000002 -0.000682 -0.002516 0.000000 -0.000007 333
0.000199 -0.243109 -0.409705 -0.250300 0.000002 -0.000682 -0.002516 0.000000 -0.000007 334
0.000201 -0.244450 -0.411482 -0.250300 0.000002 -0.000682 -0.002516 0.000000 -0.000007 335
0.000203 -0.245796 -0.413264 -0.250300 0.000002 -0.000682 -0.002516 0.000000 -0.000007 336
0.000204 -0.247146 -0.415049 -0.250300 0.000002 -0.000682 -0.002516 0.000000 -0.000007 337
0.000206 -0.248501 -0.416839 -0.250300 0.000002 -0.000682 -0.002516 0.000000 -0.000007 338
0.000208 -0.249862 -0.418633 -0.250300 0.000002 -0.000682 -0.002516 0.000000 -0.000007 339
0.000209 -0.251226 -0.420432 -0.250300 0.000002 -0.000682 -0.002516 0.000000 -0.000007 340
0.000211 -0.252596 -0.422234 -0.250300 0.000002 -0.000682 -0.002516 0.000000 -0.000007 341
0.000212 -0.253970 -0.424042 -0.250300 0.000002 -0.000682 -0.002516 0.000000 -0.000007 342
0.000214 -0.255349 -0.425853 -0.250300 0.000002 -0.000682 -0.002516 0.000000 -0.000007 343
0.000216 -0.256733 -0.427669 -0.250300 0.000002 -0.000682 -0.002516 0.000000 -0.000007 344
0.000217 -0.258122 -0.429490 -0.250300 0.000002 -0.000682 -0.002516 0.000000 -0.000007 345
0.000219 -0.259515 -0.431315 -0.250300 0.000002 -0.000682 -0.002516 0.000000 -0.000007 346
0.000221 -0.260914 -0.433144 -0.250300 0.000002 -0.000682 -0.002516 0.000000 -0.000007 347
0.000223 -0.262317 -0.434978 -0.250300 0.000002 -0.000682 -0.002516 0.000000 -0.000007 348
0.000224 -0.263725 -0.436816 -0.250300 0.000002 -0.000682 -0.002516 0.000000 -0.000007 349
0.000226 -0.265138 -0.438658 -0.250300 0.000002 -0.000682 -0.002516 0.000000 -0.000007 350
0.000228 -0.266555 -0.440505 -0.250300 0.000002 -0.000682 -0.002516 0.000000 -0.000007 351
0.000229 -0.267978 -0.442357 -0.250300 0.000002 -0.000682 -0.002516 0.000000 -0.000007 352
0.000231 -0.269406 -0.444213 -0.250300 0.000002 -0.000682 -0.002516 0.000000 -0.000007 353
0.000233 -0.270838 -0.446073 -0.250300 0.000002 -0.000682 -0.002516 0.000000 -0.000007 354
0.000235 -0.272275 -0.447938 -0.250300 0.000002 -0.000682 -0.002516 0.000000 -0.000007 355
0.000237 -0.273718 -0.449808 -0.250300 0.000002 -0.000682 -0.002516 0.000000 -0.000007 356
0.000238 -0.275165 -0.451682 -0.250300 0.000002 -0.000682 -0.002516 0.000000 -0.000007 357
0.000240 -0.276617 -0.453561 -0.250300 0.000002 -0.000682 -0.002516 0.000000 -0.000007 358
0.000242 -0.278074 -0.455444 -0.250300 0.000002 -0.000682 -0.002516 0.000000 -0.000007 359
0.000244 -0.279537 -0.457331 -0.250300 0.000002 -0.000682 -0.002516 0.000000 -0.000007 360
0.000246 -0.281004 -0.459224 -0.250300 0.000002 -0.000682 -0.002516 0.000000 -0.000007 361
0.000247 -0.282476 -0.461121 -0.250300 0.000002 -0.000682 -0.002516 0.000000 -0.000007 362
0.000249 -0.283953 -0.463022 -0.250300 0.000002 -0.000682 -0.002516 0.000000 -0.000007 363
0.000251 -0.285435 -0.464928 -0.250300 0.000002 -0.000682 -0.002516 0.000000 -0.000007 364
0.000253 -0.286923 -0.466839 -0.250300 0.000002 -0.000682 -0.002516 0.000000 -0.000007 365
0.000255 -0.288415 -0.468755 -0.250300 0.000002 -0.000682 -0.002516 0.000000 -0.000007 366
0.000257 -0.289912 -0.470675 -0.250300 0.000002 -0.000682 -0.002516 0.000000 -0.000007 367
0.000259 -0.291415 -0.472600 -0.250300 0.000002 -0.000682 -0.002516 0.000000 -0.000007 368
0.000261 -0.292923 -0.474529 -0.250300 0.000002 -0.000682 -0.002516 0.000000 -0.000007 369
0.000262 -0.294435 -0.476463 -0.250300 0.000002 -0.000682 -0.002516 0.000000 -0.000007 370
0.000264 -0.295953 -0.478402 -0.250300 0.000002 -0.000682 -0.002516 0.000000 -0.000007 371
0.000266 -0.297476 -0.480346 -0.250300 0.000002 -0.000682 -0.002516 0.000000 -0.000007 372
0.000268 -0.299004 -0.482294 -0.250300 0.000002 -0.000682 -0.002516 0.000000 -0.000007 373
0.000270 -0.300537 -0.484247 -0.250300 0.000002 -0.000682 -0.002516 0.000000 -0.000007 374
0.000272 -0.302076 -0.486205 -0.250300 0.000002 -0.000682 -0.002516 0.000000 -0.000007 375
0.000274 -0.303619 -0.488167 -0.250300 0.000002 -0.000682 -0.002516 0.000000 -0.000007 376
0.000276 -0.305168 -0.490134 -0.250300 0.000002 -0.000682 -0.002516 0.000000 -0.000007 377
0.000278 -0.306722 -0.492107 -0.250300 0.000002 -0.000682 -0.002516 0.000000 -0.000007 378
0.000280 -0.308282 -0.494083 -0.250300 0.000002 -0.000682 -0.002516 0.000000 -0.000007 379
0.000282 -0.309846 -0.496065 -0.250300 0.000002 -0.000682 -0.002516 0.000000 -0.000007 380
0.000284 -0.311416 -0.498052 -0.250300 0.000002 -0.000682 -0.002516 0.000000 -0.000007 381
0.000286 -0.312991 -0.500043 -0.250300 0.000002 -0.000682 -0.002516 0.000000 -0.000007 382
0.000288 -0.314571 -0.502039 -0.250300 0.000002 -0.000682 -0.002516 0.000000 -0.000007 383
0.000290 -0.316156 -0.504040 -0.250300 0.000002 -0.000682 -0.002516 0.000000 -0.000007 384
0.000292 -0.317747 -0.506046 -0.250300 0.000002 -0.000682 -0.002516 0.000000 -0.000007 385
0.000294 -0.319343 -0.508057 -0.250300 0.000002 -0.000682 -0.002516 0.000000 -0.000007 386
0.000297 -0.320945 -0.510073 -0.250300 0.000002 -0.000682 -0.002516 0.000000 -0.000007 387
0.000299 -0.322552 -0.512094 -0.250300 0.000002 -0.000682 -0.002516 0.000000 -0.000007 388
0.000301 -0.324164 -0.514119 -0.250300 0.000002 -0.000682 -0.002516 0.000000 -0.000007 389
0.000303 -0.325781 -0.516150 -0.250300 0.000002 -0.000682 -0.002516 0.000000 -0.000007 390
0.000305 -0.327404 -0.518185 -0.250300 0.000002 -0.000682 -0.002516 0.000000 -0.000007 391
0.000307 -0.329033 -0.520226 -0.250300 0.000002 -0.000682 -0.002516 0.000000 -0.000007 392
0.000309 -0.330666 -0.522271 -0.250300 0.000002 -0.000682 -0.002516 0.000000 -0.000007 393
0.000311 -0.332305 -0.524322 -0.250300 0.000002 -0.000682 -0.002516 0.000000 -0.000007 394
0.000314 -0.333950 -0.526377 -0.250300 0.000002 -0.000682 -0.002516 0.000000 -0.000007 395
0.000316 -0.335600 -0.528437 -0.250300 0.000002 -0.000682 -0.002516 0.000000 -0.000007 396
0.000318 -0.337255 -0.530503 -0.250300 0.000002 -0.000682 -0.002516 0.000000 -0.000007 397
0.000320 -0.338916 -0.532573 -0.250300 0.000002 -0.000682 -0.002516 0.000000 -0.000007 398
0.000322 -0.340583 -0.534649 -0.250300 0.000002 -0.000682 -0.002516 0.000000 -0.000007 399
0.000325 -0.342255 -0.536730 -0.250300 0.000002 -0.000682 -0.002516 0.000000 -0.000007 400
0.000327 -0.343932 -0.538815 -0.250300 0.000002 -0.000682 -0.002516 0.000000 -0.000007 401
0.000329 -0.345615 -0.540906 -0.250300 0.000002 -0.000682 -0.002516 0.000000 -0.000007 402
0.000331 -0.347304 -0.543002 -0.250300 0.000002 -0.000682 -0.002516 0.000000 -0.000007 403
0.000334 -0.348998 -0.545103 -0.250300 0.000002 -0.000682 -0.002516 0.000000 -0.000007 404
0.000336 -0.350697 -0.547209 -0.250300 0.000002 -0.000682 -0.002516 0.000000 -0.000007 405
0.000338 -0.352402 -0.549320 -0.250300 0.000002 -0.000682 -0.002516 0.000000 -0.000007 406
0.000341 -0.354113 -0.551437 -0.250300 0.000002 -0.000682 -0.002516 0.000000 -0.000007 407
0.000343 -0.355829 -0.553559 -0.250300 0.000002 -0.000682 -0.002516 0.000000 -0.000007 408
0.000345 -0.357551 -0.555685 -0.250300 0.000002 -0.000682 -0.002516 0.000000 -0.000007 409
0.000348 -0.359279 -0.557817 -0.250300 0.000002 -0.000682 -0.002516 0.000000 -0.000007 410
0.000350 -0.361012 -0.559955 -0.250300 0.000002 -0.000682 -0.002516 0.000000 -0.000007 411
0.000352 -0.362751 -0.562097 -0.250300 0.000002 -0.000682 -0.002516 0.000000 -0.000007 412
0.000355 -0.364496 -0.564245 -0.250300 0.000002 -0.000682 -0.002516 0.000000 -0.000007 413
0.000357 -0.366246 -0.566398 -0.250300 0.000002 -0.000682 -0.002516 0.000000 -0.000007 414
0.000359 -0.368002 -0.568556 -0.250300 0.000002 -0.000682 -0.002516 0.000000 -0.000007 415
0.000362 -0.369764 -0.570720 -0.250300 0.000002 -0.000682 -0.002516 0.000000 -0.000007 416
0.000364 -0.371531 -0.572888 -0.250300 0.000002 -0.000682 -0.002516 0.000000 -0.000007 417
0.000367 -0.373305 -0.575063 -0.250300 0.000002 -0.000682 -0.002516 0.000000 -0.000007 418
0.000369 -0.375084 -0.577242 -0.250300 0.000002 -0.000682 -0.002516 0.000000 -0.000007 419
0.000372 -0.376868 -0.579427 -0.250300 0.000002 -0.000682 -0.002516 0.000000 -0.000007 420
0.000374 -0.378659 -0.581617 -0.250300 0.000002 -0.000682 -0.002516 0.000000 -0.000007 421
0.000376 -0.380455 -0.583812 -0.250300 0.000002 -0.000682 -0.002516 0.000000 -0.000007 422
0.000379 -0.382257 -0.586013 -0.250300 0.000002 -0.000682 -0.002516 0.000000 -0.000007 423
0.000381 -0.384065 -0.588220 -0.250300 0.000002 -0.000682 -0.002516 0.000000 -0.000007 424
0.000384 -0.385879 -0.590431 -0.250300 0.000002 -0.000682 -0.002516 0.000000 -0.000007 425
0.000387 -0.387699 -0.592648 -0.250300 0.000002 -0.000682 -0.002516 0.000000 -0.000007 426
0.000389 -0.389525 -0.594871 -0.250300 0.000002 -0.000682 -0.002516 0.000000 -0.000007 427
0.000392 -0.391356 -0.597099 -0.250300 0.000002 -0.000682 -0.002516 0.000000 -0.000007 428
0.000394 -0.393193 -0.599332 -0.250300 0.000002 -0.000682 -0.002516 0.000000 -0.000007 429
0.000397 -0.395037 -0.601571 -0.250300 0.000002 -0.000682 -0.002516 0.000000 -0.000007 430
0.000399 -0.396886 -0.603815 -0.250300 0.000002 -0.000682 -0.002516 0.000000 -0.000007 431
0.000402 -0.398741 -0.606065 -0.250300 0.000002 -0.000682 -0.002516 0.000000 -0.000007 432
0.000404 -0.400602 -0.608321 -0.250300 0.000002 -0.000682 -0.002516 0.000000 -0.000007 433
0.000407 -0.402469 -0.610582 -0.250300 0.000002 -0.000682 -0.002516 0.000000 -0.000007 434
0.000410 -0.404343 -0.612848 -0.250300 0.000002 -0.000682 -0.002516 0.000000 -0.000007 435
0.000412 -0.406222 -0.615120 -0.250300 0.000002 -0.000682 -0.002516 0.000000 -0.000007 436
0.000415 -0.408107 -0.617398 -0.250300 0.000002 -0.000682 -0.002516 0.000000 -0.000007 437
0.000418 -0.409998 -0.619681 -0.250300 0.000002 -0.000682 -0.002516 0.000000 -0.000007 438
0.000420 -0.411895 -0.621970 -0.250300 0.000002 -0.000682 -0.002516 0.000000 -0.000007 439
0.000423 -0.413799 -0.624264 -0.250300 0.000002 -0.000682 -0.002516 0.000000 -0.000007 440
0.000426 -0.415708 -0.626565 -0.250300 0.000002 -0.000682 -0.002516 0.000000 -0.000007 441
0.000429 -0.417623 -0.628870 -0.250300 0.000002 -0.000682 -0.002516 0.000000 -0.000007 442
0.000431 -0.419545 -0.631182 -0.250300 0.000002 -0.000682 -0.002516 0.000000 -0.000007 443
0.000434 -0.421473 -0.633499 -0.250300 0.000002 -0.000682 -0.002516 0.000000 -0.000007 444
0.000437 -0.423407 -0.635821 -0.250300 0.000002 -0.000682 -0.002516 0.000000 -0.000007 445
0.000440 -0.425347 -0.638150 -0.250300 0.000002 -0.000682 -0.002516 0.000000 -0.000007 446
0.000442 -0.427293 -0.640484 -0.250300 0.000002 -0.000682 -0.002516 0.000000 -0.000007 447
0.000445 -0.429245 -0.642824 -0.250300 0.000002 -0.000682 -0.002516 0.000000 -0.000007 448
0.000448 -0.431204 -0.645170 -0.250300 0.000002 -0.000682 -0.002516 0.000000 -0.000007 449
0.000451 -0.433169 -0.647521 -0.250300 0.000002 -0.000682 -0.002516 0.000000 -0.000007 450
0.000454 -0.435140 -0.649878 -0.250300 0.000002 -0.000682 -0.002516 0.000000 -0.000007 451
0.000456 -0.437117 -0.652241 -0.250300 0.000002 -0.000682 -0.002516 0.000000 -0.000007 452
0.000459 -0.439101 -0.654610 -0.250300 0.000002 -0.000682 -0.002516 0.000000 -0.000007 453
0.000462 -0.441091 -0.656985 -0.250300 0.000002 -0.000682 -0.002516 0.000000 -0.000007 454
0.000465 -0.443087 -0.659365 -0.250300 0.000002 -0.000682 -0.002516 0.000000 -0.000007 455
0.000468 -0.445089 -0.661752 -0.250300 0.000002 -0.000682 -0.002516 0.000000 -0.000007 456
0.000471 -0.447098 -0.664144 -0.250300 0.000002 -0.000682 -0.002516 0.000000 -0.000007 457
0.000474 -0.449113 -0.666542 -0.250300 0.000002 -0.000682 -0.002516 0.000000 -0.000007 458
0.000477 -0.451135 -0.668946 -0.250300 0.000002 -0.000682 -0.002516 0.000000 -0.000007 459
0.000480 -0.453163 -0.671356 -0.250300 0.000002 -0.000682 -0.002516 0.000000 -0.000007 460
0.000483 -0.455197 -0.673772 -0.250300 0.000002 -0.000682 -0.002516 0.000000 -0.000007 461
0.000486 -0.457238 -0.676193 -0.250300 0.000002 -0.000682 -0.002516 0.000000 -0.000007 462
0.000489 -0.459285 -0.678621 -0.250300 0.000002 -0.000682 -0.002516 0.000000 -0.000007 463
0.000492 -0.461338 -0.681055 -0.250300 0.000002 -0.000682 -0.002516 0.000000 -0.000007 464
0.000495 -0.463398 -0.683495 -0.250300 0.000002 -0.000682 -0.002516 0.000000 -0.000007 465
0.000498 -0.465465 -0.685940 -0.250300 0.000002 -0.000682 -0.002516 0.000000 -0.000007 466
0.000501 -0.467538 -0.688392 -0.250300 0.000002 -0.000682 -0.002516 0.000000 -0.000007 467
0.000504 -0.469617 -0.690850 -0.250300 0.000002 -0.000682 -0.002516 0.000000 -0.000007 468
0.000507 -0.471703 -0.693314 -0.250300 0.000002 -0.000682 -0.002516 0.000000 -0.000007 469
0.000510 -0.473796 -0.695784 -0.250300 0.000002 -0.000682 -0.002516 0.000000 -0.000007 470
0.000513 -0.475895 -0.698260 -0.250300 0.000002 -0.000682 -0.002516 0.000000 -0.000007 471
0.000516 -0.478000 -0.700742 -0.250300 0.000002 -0.000682 -0.002516 0.000000 -0.000007 472
0.000519 -0.480113 -0.703230 -0.250300 0.000002 -0.000682 -0.002516 0.000000 -0.000007 473
0.000522 -0.482232 -0.705724 -0.250300 0.000002 -0.000682 -0.002516 0.000000 -0.000007 474
0.000525 -0.484357 -0.708225 -0.250300 0.000002 -0.000682 -0.002516 0.000000 -0.000007 475
0.000529 -0.486489 -0.710732 -0.250300 0.000002 -0.000682 -0.002516 0.000000 -0.000007 476
0.000532 -0.488628 -0.713245 -0.250300 0.000002 -0.000682 -0.002516 0.000000 -0.000007 477
0.000535 -0.490773 -0.715764 -0.250300 0.000002 -0.000682 -0.002516 0.000000 -0.000007 478
0.000538 -0.492925 -0.718289 -0.250300 0.000002 -0.000682 -0.002516 0.000000 -0.000007 479
0.000541 -0.495084 -0.720820 -0.250300 0.000002 -0.000682 -0.002516 0.000000 -0.000007 480
0.000545 -0.497250 -0.723358 -0.250300 0.000002 -0.000682 -0.002516 0.000000 -0.000007 481
0.000548 -0.499422 -0.725902 -0.250300 0.000002 -0.000682 -0.002516 0.000000 -0.000007 482
0.000551 -0.501601 -0.728452 -0.250300 0.000002 -0.000682 -0.002516 0.000000 -0.000007 483
0.000554 -0.503787 -0.731009 -0.250300 0.000002 -0.000682 -0.002516 0.000000 -0.000007 484
0.000558 -0.505979 -0.733572 -0.250300 0.000002 -0.000682 -0.002516 0.000000 -0.000007 485
0.000561 -0.508179 -0.736141 -0.250300 0.000002 -0.000682 -0.002516 0.000000 -0.000007 486
0.000564 -0.510385 -0.738717 -0.250300 0.000002 -0.000682 -0.002516 0.000000 -0.000007 487
0.000568 -0.512598 -0.741299 -0.250300 0.000002 -0.000682 -0.002516 0.000000 -0.000007 488
0.000571 -0.514818 -0.743887 -0.250300 0.000002 -0.000682 -0.002516 0.000000 -0.000007 489
0.000574 -0.517044 -0.746482 -0.250300 0.000002 -0.000682 -0.002516 0.000000 -0.000007 490
0.000578 -0.519278 -0.749083 -0.250300 0.000002 -0.000682 -0.002516 0.000000 -0.000007 491
0.000581 -0.521519 -0.751690 -0.250300 0.000002 -0.000682 -0.002516 0.000000 -0.000007 492
0.000585 -0.523766 -0.754304 -0.250300 0.000002 -0.000682 -0.002516 0.000000 -0.000007 493
0.000588 -0.526020 -0.756925 -0.250300 0.000002 -0.000682 -0.002516 0.000000 -0.000007 494
0.000591 -0.528282 -0.759552 -0.250300 0.000002 -0.000682 -0.002516 0.000000 -0.000007 495
0.000595 -0.530550 -0.762185 -0.250300 0.000002 -0.000682 -0.002516 0.000000 -0.000007 496
0.000598 -0.532825 -0.764825 -0.250300 0.000002 -0.000682 -0.002516 0.000000 -0.000007 497
0.000602 -0.535108 -0.767471 -0.250300 0.000002 -0.000682 -0.002516 0.000000 -0.000007 498
0.000605 -0.537397 -0.770124 -0.250300 0.000002 -0.000682 -0.002516 0.000000 -0.000007 499
0.000609 -0.539694 -0.772784 -0.250300 0.000002 -0.000682 -0.002516 0.000000 -0.000007 500
0.000612 -0.541997 -0.775450 -0.250300 0.000002 -0.000682 -0.002516 0.000000 -0.000007 501
0.000616 -0.544308 -0.778123 -0.250300 0.000002 -0.000682 -0.002516 0.000000 -0.000007 502
0.000620 -0.546625 -0.780802 -0.250300 0.000002 -0.000682 -0.002516 0.000000 -0.000007 503
0.000623 -0.548950 -0.783488 -0.250300 0.000002 -0.000682 -0.002516 0.000000 -0.000007 504
0.000627 -0.551282 -0.786180 -0.250300 0.000002 -0.000682 -0.002516 0.000000 -0.000007 505
0.000630 -0.553621 -0.788880 -0.250300 0.000002 -0.000682 -0.002516 0.000000 -0.000007 506
0.000634 -0.555967 -0.791586 -0.250300 0.000002 -0.000682 -0.002516 0.000000 -0.000007 507
0.000638 -0.558321 -0.794298 -0.250300 0.000002 -0.000682 -0.002516 0.000000 -0.000007 508
0.000641 -0.560681 -0.797018 -0.250300 0.000002 -0.000682 -0.002516 0.000000 -0.000007 509
0.000645 -0.563049 -0.799744 -0.250300 0.000002 -0.000682 -0.002516 0.000000 -0.000007 510
0.000649 -0.565424 -0.802477 -0.250300 0.000002 -0.000682 -0.002516 0.000000 -0.000007 511
0.000652 -0.567806 -0.805216 -0.250300 0.000002 -0.000682 -0.002516 0.000000 -0.000007 512
0.000656 -0.570196 -0.807962 -0.250300 0.000002 -0.000682 -0.002516 0.000000 -0.000007 513
0.000660 -0.572593 -0.810716 -0.250300 0.000002 -0.000682 -0.002516 0.000000 -0.000007 514
0.000663 -0.574997 -0.813476 -0.250300 0.000002 -0.000682 -0.002516 0.000000 -0.000007 515
0.000667 -0.577409 -0.816243 -0.250300 0.000002 -0.000682 -0.002516 0.000000 -0.000007 516
0.000671 -0.579827 -0.819016 -0.250300 0.000002 -0.000682 -0.002516 0.000000 -0.000007 517
0.000675 -0.582254 -0.821797 -0.250300 0.000002 -0.000682 -0.002516 0.000000 -0.000007 518
0.000679 -0.584687 -0.824584 -0.250300 0.000002 -0.000682 -0.002516 0.000000 -0.000007 519
0.000682 -0.587128 -0.827379 -0.250300 0.000002 -0.000682 -0.002516 0.000000 -0.000007 520
0.000686 -0.589577 -0.830180 -0.250300 0.000002 -0.000682 -0.002516 0.000000 -0.000007 521
0.000690 -0.592033 -0.832988 -0.250300 0.000002 -0.000682 -0.002516 0.000000 -0.000007 522
0.000694 -0.594496 -0.835803 -0.250300 0.000002 -0.000682 -0.002516 0.000000 -0.000007 523
0.000698 -0.596967 -0.838625 -0.250300 0.000002 -0.000682 -0.002516 0.000000 -0.000007 524
0.000702 -0.599445 -0.841455 -0.250300 0.000002 -0.000682 -0.002516 0.000000 -0.000007 525
0.000706 -0.601931 -0.844291 -0.250300 0.000002 -0.000682 -0.002516 0.000000 -0.000007 526
0.000710 -0.604425 -0.847134 -0.250300 0.000002 -0.000682 -0.002516 0.000000 -0.000007 527
0.000714 -0.606926 -0.849984 -0.250300 0.000002 -0.000682 -0.002516 0.000000 -0.000007 528
0.000717 -0.609434 -0.852842 -0.250300 0.000002 -0.000682 -0.002516 0.000000 -0.000007 529
0.000721 -0.611950 -0.855706 -0.250300 0.000002 -0.000682 -0.002516 0.000000 -0.000007 530
0.000725 -0.614474 -0.858578 -0.250300 0.000002 -0.000682 -0.002516 0.000000 -0.000007 531
0.000729 -0.617005 -0.861456 -0.250300 0.000002 -0.000682 -0.002516 0.000000 -0.000007 532
0.000734 -0.619544 -0.864342 -0.250300 0.000002 -0.000682 -0.002516 0.000000 -0.000007 533
0.000738 -0.622091 -0.867235 -0.250300 0.000002 -0.000682 -0.002516 0.000000 -0.000007 534
0.000742 -0.624645 -0.870135 -0.250300 0.000002 -0.000682 -0.002516 0.000000 -0.000007 535
0.000746 -0.627208 -0.873043 -0.250300 0.000002 -0.000682 -0.002516 0.000000 -0.000007 536
0.000750 -0.629777 -0.875957 -0.250300 0.000002 -0.000682 -0.002516 0.000000 -0.000007 537
0.000754 -0.632355 -0.878879 -0.250300 0.000002 -0.000682 -0.002516 0.000000 -0.000007 538
0.000758 -0.634940 -0.881808 -0.250300 0.000002 -0.000682 -0.002516 0.000000 -0.000007 539
0.000762 -0.637533 -0.884745 -0.250300 0.000002 -0.000682 -0.002516 0.000000 -0.000007 540
0.000766 -0.640134 -0.887688 -0.250300 0.000002 -0.000682 -0.002516 0.000000 -0.000007 541
0.000771 -0.642743 -0.890639 -0.250300 0.000002 -0.000682 -0.002516 0.000000 -0.000007 542
0.000775 -0.645360 -0.893597 -0.250300 0.000002 -0.000682 -0.002516 0.000000 -0.000007 543
0.000779 -0.647984 -0.896563 -0.250300 0.000002 -0.000682 -0.002516 0.000000 -0.000007 544
0.000783 -0.650616 -0.899536 -0.250300 0.000002 -0.000682 -0.002516 0.000000 -0.000007 545
0.000787 -0.653257 -0.902516 -0.250300 0.000002 -0.000682 -0.002516 0.000000 -0.000007 546
0.000792 -0.655905 -0.905504 -0.250300 0.000002 -0.000682 -0.002516 0.000000 -0.000007 547
0.000796 -0.658561 -0.908500 -0.250300 0.000002 -0.000682 -0.002516 0.000000 -0.000007 548
0.000800 -0.661225 -0.911502 -0.250300 0.000002 -0.000682 -0.002516 0.000000 -0.000007 549
0.000805 -0.663897 -0.914512 -0.250300 0.000002 -0.000682 -0.002516 0.000000 -0.000007 550
0.000809 -0.666577 -0.917530 -0.250300 0.000002 -0.000682 -0.002516 0.000000 -0.000007 551
0.000813 -0.669265 -0.920555 -0.250300 0.000002 -0.000682 -0.002516 0.000000 -0.000007 552
0.000818 -0.671961 -0.923588 -0.250300 0.000002 -0.000682 -0.002516 0.000000 -0.000007 553
0.000822 -0.674666 -0.926628 -0.250300 0.000002 -0.000682 -0.002516 0.000000 -0.000007 554
0.000827 -0.677378 -0.929676 -0.250300 0.000002 -0.000682 -0.002516 0.000000 -0.000007 555
0.000831 -0.680098 -0.932731 -0.250300 0.000002 -0.000682 -0.002516 0.000000 -0.000007 556
0.000835 -0.682827 -0.935794 -0.250300 0.000002 -0.000682 -0.002516 0.000000 -0.000007 557
0.000840 -0.685564 -0.938865 -0.250300 0.000002 -0.000682 -0.002516 0.000000 -0.000007 558
0.000844 -0.688308 -0.941943 -0.250300 0.000002 -0.000682 -0.002516 0.000000 -0.000007 559
0.000849 -0.691061 -0.945029 -0.250300 0.000002 -0.000682 -0.002516 0.000000 -0.000007 560
0.000853 -0.693823 -0.948122 -0.250300 0.000002 -0.000682 -0.002516 0.000000 -0.000007 561
0.000858 -0.696592 -0.951224 -0.250300 0.000002 -0.000682 -0.002516 0.000000 -0.000007 562
0.000862 -0.699370 -0.954333 -0.250300 0.000002 -0.000682 -0.002516 0.000000 -0.000007 563
0.000867 -0.702156 -0.957449 -0.250300 0.000002 -0.000682 -0.002516 0.000000 -0.000007 564
0.000872 -0.704950 -0.960574 -0.250300 0.000002 -0.000682 -0.002516 0.000000 -0.000007 565
0.000876 -0.707753 -0.963706 -0.250300 0.000002 -0.000682 -0.002516 0.000000 -0.000007 566
0.000881 -0.710564 -0.966846 -0.250300 0.000002 -0.000682 -0.002516 0.000000 -0.000007 567
0.000886 -0.713383 -0.969994 -0.250300 0.000002 -0.000682 -0.002516 0.000000 -0.000007 568
0.000890 -0.716211 -0.973150 -0.250300 0.000002 -0.000682 -0.002516 0.000000 -0.000007 569
0.000895 -0.719047 -0.976313 -0.250300 0.000002 -0.000682 -0.002516 0.000000 -0.000007 570
0.000900 -0.721891 -0.979485 -0.250300 0.000002 -0.000682 -0.002516 0.000000 -0.000007 571
0.000904 -0.724744 -0.982664 -0.250300 0.000002 -0.000682 -0.002516 0.000000 -0.000007 572
0.000909 -0.727605 -0.985852 -0.250300 0.000002 -0.000682 -0.002516 0.000000 -0.000007 573
0.000914 -0.730475 -0.989047 -0.250300 0.000002 -0.000682 -0.002516 0.000000 -0.000007 574
0.000919 -0.733353 -0.992250 -0.250300 0.000002 -0.000682 -0.002516 0.000000 -0.000007 575
0.000923 -0.736240 -0.995461 -0.250300 0.000002 -0.000682 -0.002516 0.000000 -0.000007 576
0.000928 -0.739136 -0.998681 -0.250300 0.000002 -0.000682 -0.002516 0.000000 -0.000007 577
0.000933 -0.742040 -1.001908 -0.250300 0.000002 -0.000682 -0.002516 0.000000 -0.000007 578
0.000938 -0.744952 -1.005143 -0.250300 0.000002 -0.000682 -0.002516 0.000000 -0.000007 579
0.000943 -0.747874 -1.008386 -0.250300 0.000002 -0.000682 -0.002516 0.000000 -0.000007 580
0.000948 -0.750803 -1.011638 -0.250300 0.000002 -0.000682 -0.002516 0.000000 -0.000007 581
0.000952 -0.753742 -1.014897 -0.250300 0.000002 -0.000682 -0.002516 0.000000 -0.000007 582
0.000957 -0.756689 -1.018165 -0.250300 0.000002 -0.000682 -0.002516 0.000000 -0.000007 583
0.000962 -0.759645 -1.021441 -0.250300 0.000002 -0.000682 -0.002516 0.000000 -0.000007 584
0.000967 -0.762609 -1.024725 -0.250300 0.000002 -0.000682 -0.002516 0.000000 -0.000007 585
0.000972 -0.765583 -1.028017 -0.250300 0.000002 -0.000682 -0.002516 0.000000 -0.000007 586
0.000977 -0.768565 -1.031318 -0.250300 0.000002 -0.000682 -0.002516 0.000000 -0.000007 587
0.000982 -0.771556 -1.034626 -0.250300 0.000002 -0.000682 -0.002516 0.000000 -0.000007 588
0.000987 -0.774555 -1.037943 -0.250300 0.000002 -0.000682 -0.002516 0.000000 -0.000007 589
0.000992 -0.777564 -1.041269 -0.250300 0.000002 -0.000682 -0.002516 0.000000 -0.000007 590
0.000998 -0.780581 -1.044602 -0.250300 0.000002 -0.000682 -0.002516 0.000000 -0.000007 591
0.001003 -0.783607 -1.047944 -0.250300 0.000002 -0.000682 -0.002516 0.000000 -0.000007 592
0.001008 -0.786643 -1.051294 -0.250300 0.000002 -0.000682 -0.002516 0.000000 -0.000007 593
0.001013 -0.789687 -1.054653 -0.250300 0.000002 -0.000682 -0.002516 0.000000 -0.000007 594
0.001018 -0.792740 -1.058020 -0.250300 0.000002 -0.000682 -0.002516 0.000000 -0.000007 595
0.001023 -0.795802 -1.061395 -0.250300 0.000002 -0.000682 -0.002516 0.000000 -0.000007 596
0.001028 -0.798872 -1.064779 -0.250300 0.000002 -0.000682 -0.002516 0.000000 -0.000007 597
0.001034 -0.801952 -1.068171 -0.250300 0.000002 -0.000682 -0.002516 0.000000 -0.000007 598
0.001039 -0.805041 -1.071572 -0.250300 0.000002 -0.000682 -0.002516 0.000000 -0.000007 599
0.001044 -0.808139 -1.074981 -0.250300 0.000002 -0.000682 -0.002516 0.000000 -0.000007 600
0.001049 -0.811247 -1.078399 -0.250300 0.000002 -0.000682 -0.002516 0.000000 -0.000007 601
0.001055 -0.814363 -1.081825 -0.250300 0.000002 -0.000682 -0.002516 0.000000 -0.000007 602
0.001060 -0.817488 -1.085260 -0.250300 0.000002 -0.000682 -0.002516 0.000000 -0.000007 603
0.001065 -0.820623 -1.088704 -0.250300 0.000002 -0.000682 -0.002516 0.000000 -0.000007 604
0.001071 -0.823766 -1.092156 -0.250300 0.000002 -0.000682 -0.002516 0.000000 -0.000007 605
0.001076 -0.826919 -1.095616 -0.250300 0.000002 -0.000682 -0.002516 0.000000 -0.000007 606
0.001082 -0.830081 -1.099086 -0.250300 0.000002 -0.000682 -0.002516 0.000000 -0.000007 607
0.001087 -0.833253 -1.102564 -0.250300 0.000002 -0.000682 -0.002516 0.000000 -0.000007 608
0.001092 -0.836433 -1.106051 -0.250300 0.000002 -0.000682 -0.002516 0.000000 -0.000007 609
0.001098 -0.839623 -1.109546 -0.250300 0.000002 -0.000682 -0.002516 0.000000 -0.000007 610
0.001103 -0.842822 -1.113050 -0.250300 0.000002 -0.000682 -0.002516 0.000000 -0.000007 611
0.001109 -0.846031 -1.116563 -0.250300 0.000002 -0.000682 -0.002516 0.000000 -0.000007 612
0.001114 -0.849249 -1.120085 -0.250300 0.000002 -0.000682 -0.002516 0.000000 -0.000007 613
0.001120 -0.852476 -1.123616 -0.250300 0.000002 -0.000682 -0.002516 0.000000 -0.000007 614
0.001126 -0.855713 -1.127155 -0.250300 0.000002 -0.000682 -0.002516 0.000000 -0.000007 615
0.001131 -0.858959 -1.130703 -0.250300 0.000002 -0.000682 -0.002516 0.000000 -0.000007 616
0.001137 -0.862215 -1.134260 -0.250300 0.000002 -0.000682 -0.002516 0.000000 -0.000007 617
0.001142 -0.865480 -1.137827 -0.250300 0.000002 -0.000682 -0.002516 0.000000 -0.000007 618
0.001148 -0.868754 -1.141402 -0.250300 0.000002 -0.000682 -0.002516 0.000000 -0.000007 619
0.001154 -0.872038 -1.144985 -0.250300 0.000002 -0.000682 -0.002516 0.000000 -0.000007 620
0.001159 -0.875332 -1.148578 -0.250300 0.000002 -0.000682 -0.002516 0.000000 -0.000007 621
0.001165 -0.878635 -1.152180 -0.250300 0.000002 -0.000682 -0.002516 0.000000 -0.000007 622
0.001171 -0.881948 -1.155791 -0.250300 0.000002 -0.000682 -0.002516 0.000000 -0.000007 623
0.001177 -0.885271 -1.159411 -0.250300 0.000002 -0.000682 -0.002516 0.000000 -0.000007 624
0.001182 -0.888603 -1.163040 -0.250300 0.000002 -0.000682 -0.002516 0.000000 -0.000007 625
0.001188 -0.891944 -1.166679 -0.250300 0.000002 -0.000682 -0.002516 0.000000 -0.000007 626
0.001194 -0.895296 -1.170326 -0.250300 0.000002 -0.000682 -0.002516 0.000000 -0.000007 627
0.001200 -0.898657 -1.173982 -0.250300 0.000002 -0.000682 -0.002516 0.000000 -0.000007 628
0.001206 -0.902028 -1.177648 -0.250300 0.000002 -0.000682 -0.002516 0.000000 -0.000007 629
0.001212 -0.905409 -1.181323 -0.250300 0.000002 -0.000682 -0.002516 0.000000 -0.000007 630
0.001218 -0.908799 -1.185007 -0.250300 0.000002 -0.000682 -0.002516 0.000000 -0.000007 631
0.001224 -0.912200 -1.188700 -0.250300 0.000002 -0.000682 -0.002516 0.000000 -0.000007 632
0.001230 -0.915610 -1.192402 -0.250300 0.000002 -0.000682 -0.002516 0.000000 -0.000007 633
0.001236 -0.919030 -1.196114 -0.250300 0.000002 -0.000682 -0.002516 0.000000 -0.000007 634
0.001242 -0.922460 -1.199835 -0.250300 0.000002 -0.000682 -0.002516 0.000000 -0.000007 635
0.001248 -0.925900 -1.203566 -0.250300 0.000002 -0.000682 -0.002516 0.000000 -0.000007 636
0.001254 -0.929350 -1.207305 -0.250300 0.000002 -0.000682 -0.002516 0.000000 -0.000007 637
0.001260 -0.932810 -1.211055 -0.250300 0.000002 -0.000682 -0.002516 0.000000 -0.000007 638
0.001266 -0.936279 -1.214813 -0.250300 0.000002 -0.000682 -0.002516 0.000000 -0.000007 639
0.001272 -0.939759 -1.218581 -0.250300 0.000002 -0.000682 -0.002516 0.000000 -0.000007 640
0.001278 -0.943249 -1.222359 -0.250300 0.000002 -0.000682 -0.002516 0.000000 -0.000007 641
0.001284 -0.946749 -1.226146 -0.250300 0.000002 -0.000682 -0.002516 0.000000 -0.000007 642
0.001290 -0.950259 -1.229942 -0.250300 0.000002 -0.000682 -0.002516 0.000000 -0.000007 643
0.001297 -0.953779 -1.233748 -0.250300 0.000002 -0.000682 -0.002516 0.000000 -0.000007 644
0.001303 -0.957310 -1.237564 -0.250300 0.000002 -0.000682 -0.002516 0.000000 -0.000007 645
0.001309 -0.960850 -1.241389 -0.250300 0.000002 -0.000682 -0.002516 0.000000 -0.000007 646
0.001315 -0.964401 -1.245223 -0.250300 0.000002 -0.000682 -0.002516 0.000000 -0.000007 647
0.001322 -0.967962 -1.249068 -0.250300 0.000002 -0.000682 -0.002516 0.000000 -0.000007 648
0.001328 -0.971533 -1.252922 -0.250300 0.000002 -0.000682 -0.002516 0.000000 -0.000007 649
0.001334 -0.975115 -1.256785 -0.250300 0.000002 -0.000682 -0.002516 0.000000 -0.000007 650
0.001341 -0.978706 -1.260659 -0.250300 0.000002 -0.000682 -0.002516 0.000000 -0.000007 651
0.001347 -0.982309 -1.264542 -0.250300 0.000002 -0.000682 -0.002516 0.000000 -0.000007 652
0.001354 -0.985921 -1.268435 -0.250300 0.000002 -0.000682 -0.002516 0.000000 -0.000007 653
0.001360 -0.989544 -1.272337 -0.250300 0.000002 -0.000682 -0.002516 0.000000 -0.000007 654
0.001366 -0.993177 -1.276250 -0.250300 0.000002 -0.000682 -0.002516 0.000000 -0.000007 655
0.001373 -0.996821 -1.280172 -0.250300 0.000002 -0.000682 -0.002516 0.000000 -0.000007 656
0.001379 -1.000475 -1.284104 -0.250300 0.000002 -0.000682 -0.002516 0.000000 -0.000007 657
0.001386 -1.004140 -1.288046 -0.250300 0.000002 -0.000682 -0.002516 0.000000 -0.000007 658
0.001393 -1.007815 -1.291998 -0.250300 0.000002 -0.000682 -0.002516 0.000000 -0.000007 659
0.001399 -1.011501 -1.295960 -0.250300 0.000002 -0.000682 -0.002516 0.000000 -0.000007 660
0.001406 -1.015198 -1.299932 -0.250300 0.000002 -0.000682 -0.002516 0.000000 -0.000007 661
0.001412 -1.018905 -1.303914 -0.250300 0.000002 -0.000682 -0.002516 0.000000 -0.000007 662
0.001419 -1.022622 -1.307906 -0.250300 0.000002 -0.000682 -0.002516 0.000000 -0.000007 663
0.001426 -1.026350 -1.311907 -0.250300 0.000002 -0.000682 -0.002516 0.000000 -0.000007 664
0.001432 -1.030089 -1.315919 -0.250300 0.000002 -0.000682 -0.002516 0.000000 -0.000007 665
0.001439 -1.033839 -1.319941 -0.250300 0.000002 -0.000682 -0.002516 0.000000 -0.000007 666
0.001446 -1.037599 -1.323974 -0.250300 0.000002 -0.000682 -0.002516 0.000000 -0.000007 667
0.001453 -1.041371 -1.328016 -0.250300 0.000002 -0.000682 -0.002516 0.000000 -0.000007 668
0.001460 -1.045153 -1.332068 -0.250300 0.000002 -0.000682 -0.002516 0.000000 -0.000007 669
0.001466 -1.048945 -1.336131 -0.250300 0.000002 -0.000682 -0.002516 0.000000 -0.000007 670
0.001473 -1.052749 -1.340204 -0.250300 0.000002 -0.000682 -0.002516 0.000000 -0.000007 671
0.001480 -1.056563 -1.344287 -0.250300 0.000002 -0.000682 -0.002516 0.000000 -0.000007 672
0.001487 -1.060389 -1.348380 -0.250300 0.000002 -0.000682 -0.002516 0.000000 -0.000007 673
0.001494 -1.064225 -1.352484 -0.250300 0.000002 -0.000682 -0.002516 0.000000 -0.000007 674
0.001501 -1.068073 -1.356598 -0.250300 0.000002 -0.000682 -0.002516 0.000000 -0.000007 675
0.001508 -1.071931 -1.360723 -0.250300 0.000002 -0.000682 -0.002516 0.000000 -0.000007 676
0.001515 -1.075800 -1.364857 -0.250300 0.000002 -0.000682 -0.002516 0.000000 -0.000007 677
0.001522 -1.079681 -1.369003 -0.250300 0.000002 -0.000682 -0.002516 0.000000 -0.000007 678
0.001529 -1.083572 -1.373158 -0.250300 0.000002 -0.000682 -0.002516 0.000000 -0.000007 679
0.001536 -1.087475 -1.377324 -0.250300 0.000002 -0.000682 -0.002516 0.000000 -0.000007 680
0.001543 -1.091388 -1.381501 -0.250300 0.000002 -0.000682 -0.002516 0.000000 -0.000007 681
0.001550 -1.095313 -1.385688 -0.250300 0.000002 -0.000682 -0.002516 0.000000 -0.000007 682
0.001557 -1.099249 -1.389886 -0.250300 0.000002 -0.000682 -0.002516 0.000000 -0.000007 683
0.001565 -1.103196 -1.394094 -0.250300 0.000002 -0.000682 -0.002516 0.000000 -0.000007 684
0.001572 -1.107155 -1.398313 -0.250300 0.000002 -0.000682 -0.002516 0.000000 -0.000007 685
0.001579 -1.111125 -1.402543 -0.250300 0.000002 -0.000682 -0.002516 0.000000 -0.000007 686
0.001586 -1.115106 -1.406783 -0.250300 0.000002 -0.000682 -0.002516 0.000000 -0.000007 687
0.001594 -1.119098 -1.411034 -0.250300 0.000002 -0.000682 -0.002516 0.000000 -0.000007 688
0.001601 -1.123102 -1.415295 -0.250300 0.000002 -0.000682 -0.002516 0.000000 -0.000007 689
0.001608 -1.127117 -1.419568 -0.250300 0.000002 -0.000682 -0.002516 0.000000 -0.000007 690
0.001616 -1.131143 -1.423851 -0.250300 0.000002 -0.000682 -0.002516 0.000000 -0.000007 691
0.001623 -1.135181 -1.428144 -0.250300 0.000002 -0.000682 -0.002516 0.000000 -0.000007 692
0.001630 -1.139231 -1.432449 -0.250300 0.000002 -0.000682 -0.002516 0.000000 -0.000007 693
0.001638 -1.143292 -1.436765 -0.250300 0.000002 -0.000682 -0.002516 0.000000 -0.000007 694
0.001645 -1.147364 -1.441091 -0.250300 0.000002 -0.000682 -0.002516 0.000000 -0.000007 695
0.001653 -1.151448 -1.445429 -0.250300 0.000002 -0.000682 -0.002516 0.000000 -0.000007 696
0.001660 -1.155544 -1.449777 -0.250300 0.000002 -0.000682 -0.002516 0.000000 -0.000007 697
0.001668 -1.159651 -1.454136 -0.250300 0.000002 -0.000682 -0.002516 0.000000 -0.000007 698
0.001676 -1.163770 -1.458507 -0.250300 0.000002 -0.000682 -0.002516 0.000000 -0.000007 699
0.001683 -1.167901 -1.462888 -0.250300 0.000002 -0.000682 -0.002516 0.000000 -0.000007 700
0.001691 -1.172043 -1.467280 -0.250300 0.000002 -0.000682 -0.002516 0.000000 -0.000007 701
0.001698 -1.176198 -1.471684 -0.250300 0.000002 -0.000682 -0.002516 0.000000 -0.000007 702
0.001706 -1.180363 -1.476098 -0.250300 0.000002 -0.000682 -0.002516 0.000000 -0.000007 703
0.001714 -1.184541 -1.480524 -0.250300 0.000002 -0.000682 -0.002516 0.000000 -0.000007 704
0.001722 -1.188731 -1.484961 -0.250300 0.000002 -0.000682 -0.002516 0.000000 -0.000007 705
0.001729 -1.192932 -1.489409 -0.250300 0.000002 -0.000682 -0.002516 0.000000 -0.000007 706
0.001737 -1.197145 -1.493868 -0.250300 0.000002 -0.000682 -0.002516 0.000000 -0.000007 707
0.001745 -1.201371 -1.498339 -0.250300 0.000002 -0.000682 -0.002516 0.000000 -0.000007 708
0.001753 -1.205608 -1.502821 -0.250300 0.000002 -0.000682 -0.002516 0.000000 -0.000007 709
0.001761 -1.209857 -1.507314 -0.250300 0.000002 -0.000682 -0.002516 0.000000 -0.000007 710
0.001769 -1.214118 -1.511819 -0.250300 0.000002 -0.000682 -0.002516 0.000000 -0.000007 711
0.001777 -1.218391 -1.516335 -0.250300 0.000002 -0.000682 -0.002516 0.000000 -0.000007 712
0.001784 -1.222677 -1.520862 -0.250300 0.000002 -0.000682 -0.002516 0.000000 -0.000007 713
0.001792 -1.226974 -1.525401 -0.250300 0.000002 -0.000682 -0.002516 0.000000 -0.000007 714
0.001800 -1.231284 -1.529951 -0.250300 0.000002 -0.000682 -0.002516 0.000000 -0.000007 715
0.001809 -1.235606 -1.534513 -0.250300 0.000002 -0.000682 -0.002516 0.000000 -0.000007 716
0.001817 -1.239940 -1.539086 -0.250300 0.000002 -0.000682 -0.002516 0.000000 -0.000007 717
0.001825 -1.244286 -1.543671 -0.250300 0.000002 -0.000682 -0.002516 0.000000 -0.000007 718
0.001833 -1.248644 -1.548267 -0.250300 0.000002 -0.000682 -0.002516 0.000000 -0.000007 719
0.001841 -1.253015 -1.552875 -0.250300 0.000002 -0.000682 -0.002516 0.000000 -0.000007 720
0.001849 -1.257398 -1.557495 -0.250300 0.000002 -0.000682 -0.002516 0.000000 -0.000007 721
0.001857 -1.261794 -1.562127 -0.250300 0.000002 -0.000682 -0.002516 0.000000 -0.000007 722
0.001866 -1.266201 -1.566770 -0.250300 0.000002 -0.000682 -0.002516 0.000000 -0.000007 723
0.001874 -1.270622 -1.571425 -0.250300 0.000002 -0.000682 -0.002516 0.000000 -0.000007 724
0.001882 -1.275055 -1.576091 -0.250300 0.000002 -0.000682 -0.002516 0.000000 -0.000007 725
0.001891 -1.279500 -1.580770 -0.250300 0.000002 -0.000682 -0.002516 0.000000 -0.000007 726
0.001899 -1.283958 -1.585460 -0.250300 0.000002 -0.000682 -0.002516 0.000000 -0.000007 727
0.001907 -1.288428 -1.590162 -0.250300 0.000002 -0.000682 -0.002516 0.000000 -0.000007 728
0.001916 -1.292911 -1.594876 -0.250300 0.000002 -0.000682 -0.002516 0.000000 -0.000007 729
0.001924 -1.297406 -1.599602 -0.250300 0.000002 -0.000682 -0.002516 0.000000 -0.000007 730
0.001933 -1.301915 -1.604340 -0.250300 0.000002 -0.000682 -0.002516 0.000000 -0.000007 731
0.001941 -1.306436 -1.609090 -0.250300 0.000002 -0.000682 -0.002516 0.000000 -0.000007 732
0.001950 -1.310969 -1.613852 -0.250300 0.000002 -0.000682 -0.002516 0.000000 -0.000007 733
0.001958 -1.315516 -1.618626 -0.250300 0.000002 -0.000682 -0.002516 0.000000 -0.000007 734
0.001967 -1.320075 -1.623412 -0.250300 0.000002 -0.000682 -0.002516 0.000000 -0.000007 735
0.001976 -1.324647 -1.628210 -0.250300 0.000002 -0.000682 -0.002516 0.000000 -0.000007 736
0.001984 -1.329231 -1.633021 -0.250300 0.000002 -0.000682 -0.002516 0.000000 -0.000007 737
0.001993 -1.333829 -1.637843 -0.250300 0.000002 -0.000682 -0.002516 0.000000 -0.000007 738
0.002002 -1.338440 -1.642678 -0.250300 0.000002 -0.000682 -0.002516 0.000000 -0.000007 739
0.002010 -1.343063 -1.647525 -0.250300 0.000002 -0.000682 -0.002516 0.000000 -0.000007 740
0.002019 -1.347700 -1.652384 -0.250300 0.000002 -0.000682 -0.002516 0.000000 -0.000007 741
0.002028 -1.352350 -1.657256 -0.250300 0.000002 -0.000682 -0.002516 0.000000 -0.000007 742
0.002037 -1.357012 -1.662140 -0.250300 0.000002 -0.000682 -0.002516 0.000000 -0.000007 743
0.002046 -1.361688 -1.667036 -0.250300 0.000002 -0.000682 -0.002516 0.000000 -0.000007 744
0.002055 -1.366377 -1.671945 -0.250300 0.000002 -0.000682 -0.002516 0.000000 -0.000007 745
0.002063 -1.371079 -1.676866 -0.250300 0.000002 -0.000682 -0.002516 0.000000 -0.000007 746
0.002072 -1.375794 -1.681800 -0.250300 0.000002 -0.000682 -0.002516 0.000000 -0.000007 747
0.002081 -1.380522 -1.686746 -0.250300 0.000002 -0.000682 -0.002516 0.000000 -0.000007 748
0.002090 -1.385264 -1.691704 -0.250300 0.000002 -0.000682 -0.002516 0.000000 -0.000007 749
0.002099 -1.390019 -1.696676 -0.250300 0.000002 -0.000682 -0.002516 0.000000 -0.000007 750
0.002109 -1.394787 -1.701660 -0.250300 0.000002 -0.000682 -0.002516 0.000000 -0.000007 751
0.002118 -1.399569 -1.706656 -0.250300 0.000002 -0.000682 -0.002516 0.000000 -0.000007 752
0.002127 -1.404364 -1.711665 -0.250300 0.000002 -0.000682 -0.002516 0.000000 -0.000007 753
0.002136 -1.409172 -1.716687 -0.250300 0.000002 -0.000682 -0.002516 0.000000 -0.000007 754
0.002145 -1.413994 -1.721722 -0.250300 0.000002 -0.000682 -0.002516 0.000000 -0.000007 755
0.002154 -1.418830 -1.726769 -0.250300 0.000002 -0.000682 -0.002516 0.000000 -0.000007 756
0.002164 -1.423679 -1.731829 -0.250300 0.000002 -0.000682 -0.002516 0.000000 -0.000007 757
0.002173 -1.428541 -1.736902 -0.250300 0.000002 -0.000682 -0.002516 0.000000 -0.000007 758
0.002182 -1.433417 -1.741988 -0.250300 0.000002 -0.000682 -0.002516 0.000000 -0.000007 759
0.002192 -1.438307 -1.747087 -0.250300 0.000002 -0.000682 -0.002516 0.000000 -0.000007 760
0.002201 -1.443210 -1.752199 -0.250300 0.000002 -0.000682 -0.002516 0.000000 -0.000007 761
0.002211 -1.448128 -1.757324 -0.250300 0.000002 -0.000682 -0.002516 0.000000 -0.000007 762
0.002220 -1.453059 -1.762461 -0.250300 0.000002 -0.000682 -0.002516 0.000000 -0.000007 763
0.002230 -1.458003 -1.767612 -0.250300 0.000002 -0.000682 -0.002516 0.000000 -0.000007 764
0.002239 -1.462962 -1.772776 -0.250300 0.000002 -0.000682 -0.002516 0.000000 -0.000007 765
0.002249 -1.467934 -1.777953 -0.250300 0.000002 -0.000682 -0.002516 0.000000 -0.000007 766
0.002258 -1.472920 -1.783143 -0.250300 0.000002 -0.000682 -0.002516 0.000000 -0.000007 767
0.002268 -1.477920 -1.788346 -0.250300 0.000002 -0.000682 -0.002516 0.000000 -0.000007 768
0.002277 -1.482934 -1.793563 -0.250300 0.000002 -0.000682 -0.002516 0.000000 -0.000007 769
0.002287 -1.487963 -1.798793 -0.250300 0.000002 -0.000682 -0.002516 0.000000 -0.000007 770
0.002297 -1.493005 -1.804036 -0.250300 0.000002 -0.000682 -0.002516 0.000000 -0.000007 771
0.002307 -1.498061 -1.809292 -0.250300 0.000002 -0.000682 -0.002516 0.000000 -0.000007 772
0.002316 -1.503131 -1.814562 -0.250300 0.000002 -0.000682 -0.002516 0.000000 -0.000007 773
0.002326 -1.508216 -1.819845 -0.250300 0.000002 -0.000682 -0.002516 0.000000 -0.000007 774
0.002336 -1.513314 -1.825141 -0.250300 0.000002 -0.000682 -0.002516 0.000000 -0.000007 775
0.002346 -1.518427 -1.830452 -0.250300 0.000002 -0.000682 -0.002516 0.000000 -0.000007 776
0.002356 -1.523554 -1.835775 -0.250300 0.000002 -0.000682 -0.002516 0.000000 -0.000007 777
0.002366 -1.528696 -1.841112 -0.250300 0.000002 -0.000682 -0.002516 0.000000 -0.000007 778
0.002376 -1.533851 -1.846463 -0.250300 0.000002 -0.000682 -0.002516 0.000000 -0.000007 779
0.002386 -1.539021 -1.851827 -0.250300 0.000002 -0.000682 -0.002516 0.000000 -0.000007 780
0.002396 -1.544206 -1.857205 -0.250300 0.000002 -0.000682 -0.002516 0.000000 -0.000007 781
0.002406 -1.549405 -1.862596 -0.250300 0.000002 -0.000682 -0.002516 0.000000 -0.000007 782
0.002416 -1.554618 -1.868002 -0.250300 0.000002 -0.000682 -0.002516 0.000000 -0.000007 783
0.002426 -1.559846 -1.873420 -0.250300 0.000002 -0.000682 -0.002516 0.000000 -0.000007 784
0.002437 -1.565089 -1.878853 -0.250300 0.000002 -0.000682 -0.002516 0.000000 -0.000007 785
0.002447 -1.570346 -1.884300 -0.250300 0.000002 -0.000682 -0.002516 0.000000 -0.000007 786
0.002457 -1.575617 -1.889760 -0.250300 0.000002 -0.000682 -0.002516 0.000000 -0.000007 787
0.002467 -1.580904 -1.895235 -0.250300 0.000002 -0.000682 -0.002516 0.000000 -0.000007 788
0.002478 -1.586205 -1.900723 -0.250300 0.000002 -0.000682 -0.002516 0.000000 -0.000007 789
0.002488 -1.591520 -1.906225 -0.250300 0.000002 -0.000682 -0.002516 0.000000 -0.000007 790
0.002498 -1.596851 -1.911741 -0.250300 0.000002 -0.000682 -0.002516 0.000000 -0.000007 791
0.002509 -1.602196 -1.917272 -0.250300 0.000002 -0.000682 -0.002516 0.000000 -0.000007 792
0.002519 -1.607557 -1.922816 -0.250300 0.000002 -0.000682 -0.002516 0.000000 -0.000007 793
0.002530 -1.612932 -1.928375 -0.250300 0.000002 -0.000682 -0.002516 0.000000 -0.000007 794
0.002540 -1.618322 -1.933947 -0.250300 0.000002 -0.000682 -0.002516 0.000000 -0.000007 795
0.002551 -1.623727 -1.939534 -0.250300 0.000002 -0.000682 -0.002516 0.000000 -0.000007 796
0.002562 -1.629147 -1.945135 -0.250300 0.000002 -0.000682 -0.002516 0.000000 -0.000007 797
0.002572 -1.634582 -1.950750 -0.250300 0.000002 -0.000682 -0.002516 0.000000 -0.000007 798
0.002583 -1.640032 -1.956380 -0.250300 0.000002 -0.000682 -0.002516 0.000000 -0.000007 799
0.002594 -1.645498 -1.962024 -0.250300 0.000002 -0.000682 -0.002516 0.000000 -0.000007 800
0.002604 -1.650978 -1.967682 -0.250300 0.000002 -0.000682 -0.002516 0.000000 -0.000007 801
0.002615 -1.656474 -1.973355 -0.250300 0.000002 -0.000682 -0.002516 0.000000 -0.000007 802
0.002626 -1.661985 -1.979042 -0.250300 0.000002 -0.000682 -0.002516 0.000000 -0.000007 803
0.002637 -1.667511 -1.984744 -0.250300 0.000002 -0.000682 -0.002516 0.000000 -0.000007 804
0.002648 -1.673052 -1.990460 -0.250300 0.000002 -0.000682 -0.002516 0.000000 -0.000007 805
0.002659 -1.678609 -1.996191 -0.250300 0.000002 -0.000682 -0.002516 0.000000 -0.000007 806
0.002670 -1.684182 -2.001936 -0.250300 0.000002 -0.000682 -0.002516 0.000000 -0.000007 807
0.002681 -1.689770 -2.007696 -0.250300 0.000002 -0.000682 -0.002516 0.000000 -0.000007 808
0.002692 -1.695373 -2.013471 -0.250300 0.000002 -0.000682 -0.002516 0.000000 -0.000007 809
0.002703 -1.700992 -2.019261 -0.250300 0.000002 -0.000682 -0.002516 0.000000 -0.000007 810
0.002714 -1.706626 -2.025065 -0.250300 0.000002 -0.000682 -0.002516 0.000000 -0.000007 811
0.002725 -1.712276 -2.030884 -0.250300 0.000002 -0.000682 -0.002516 0.000000 -0.000007 812
0.002736 -1.717942 -2.036718 -0.250300 0.000002 -0.000682 -0.002516 0.000000 -0.000007 813
0.002747 -1.723623 -2.042567 -0.250300 0.000002 -0.000682 -0.002516 0.000000 -0.000007 814
0.002759 -1.729320 -2.048430 -0.250300 0.000002 -0.000682 -0.002516 0.000000 -0.000007 815
0.002770 -1.735033 -2.054309 -0.250300 0.000002 -0.000682 -0.002516 0.000000 -0.000007 816
0.002781 -1.740761 -2.060202 -0.250300 0.000002 -0.000682 -0.002516 0.000000 -0.000007 817
0.002793 -1.746506 -2.066111 -0.250300 0.000002 -0.000682 -0.002516 0.000000 -0.000007 818
0.002804 -1.752266 -2.072035 -0.250300 0.000002 -0.000682 -0.002516 0.000000 -0.000007 819
0.002816 -1.758043 -2.077974 -0.250300 0.000002 -0.000682 -0.002516 0.000000 -0.000007 820
0.002827 -1.763835 -2.083928 -0.250300 0.000002 -0.000682 -0.002516 0.000000 -0.000007 821
0.002839 -1.769643 -2.089897 -0.250300 0.000002 -0.000682 -0.002516 0.000000 -0.000007 822
0.002850 -1.775468 -2.095881 -0.250300 0.000002 -0.000682 -0.002516 0.000000 -0.000007 823
0.002862 -1.781308 -2.101881 -0.250300 0.000002 -0.000682 -0.002516 0.000000 -0.000007 824
0.002873 -1.787165 -2.107896 -0.250300 0.000002 -0.000682 -0.002516 0.000000 -0.000007 825
0.002885 -1.793038 -2.113927 -0.250300 0.000002 -0.000682 -0.002516 0.000000 -0.000007 826
0.002897 -1.798927 -2.119972 -0.250300 0.000002 -0.000682 -0.002516 0.000000 -0.000007 827
0.002909 -1.804832 -2.126034 -0.250300 0.000002 -0.000682 -0.002516 0.000000 -0.000007 828
0.002920 -1.810754 -2.132110 -0.250300 0.000002 -0.000682 -0.002516 0.000000 -0.000007 829
0.002932 -1.816692 -2.138203 -0.250300 0.000002 -0.000682 -0.002516 0.000000 -0.000007 830
0.002944 -1.822646 -2.144311 -0.250300 0.000002 -0.000682 -0.002516 0.000000 -0.000007 831
0.002956 -1.828617 -2.150434 -0.250300 0.000002 -0.000682 -0.002516 0.000000 -0.000007 832
0.002968 -1.834604 -2.156573 -0.250300 0.000002 -0.000682 -0.002516 0.000000 -0.000007 833
0.002980 -1.840608 -2.162728 -0.250300 0.000002 -0.000682 -0.002516 0.000000 -0.000007 834
0.002992 -1.846629 -2.168898 -0.250300 0.000002 -0.000682 -0.002516 0.000000 -0.000007 835
0.003004 -1.852666 -2.175085 -0.250300 0.000002 -0.000682 -0.002516 0.000000 -0.000007 836
0.003016 -1.858720 -2.181287 -0.250300 0.000002 -0.000682 -0.002516 0.000000 -0.000007 837
0.003028 -1.864790 -2.187505 -0.250300 0.000002 -0.000682 -0.002516 0.000000 -0.000007 838
0.003040 -1.870877 -2.193738 -0.250300 0.000002 -0.000682 -0.002516 0.000000 -0.000007 839
0.003053 -1.876981 -2.199988 -0.250300 0.000002 -0.000682 -0.002516 0.000000 -0.000007 840
0.003065 -1.883102 -2.206254 -0.250300 0.000002 -0.000682 -0.002516 0.000000 -0.000007 841
0.003077 -1.889240 -2.212536 -0.250300 0.000002 -0.000682 -0.002516 0.000000 -0.000007 842
0.003090 -1.895394 -2.218834 -0.250300 0.000002 -0.000682 -0.002516 0.000000 -0.000007 843
0.003102 -1.901566 -2.225148 -0.250300 0.000002 -0.000682 -0.002516 0.000000 -0.000007 844
0.003114 -1.907755 -2.231478 -0.250300 0.000002 -0.000682 -0.002516 0.000000 -0.000007 845
0.003127 -1.913960 -2.237824 -0.250300 0.000002 -0.000682 -0.002516 0.000000 -0.000007 846
0.003139 -1.920183 -2.244187 -0.250300 0.000002 -0.000682 -0.002516 0.000000 -0.000007 847
0.003152 -1.926423 -2.250565 -0.250300 0.000002 -0.000682 -0.002516 0.000000 -0.000007 848
0.003165 -1.932680 -2.256961 -0.250300 0.000002 -0.000682 -0.002516 0.000000 -0.000007 849
0.003177 -1.938955 -2.263372 -0.250300 0.000002 -0.000682 -0.002516 0.000000 -0.000007 850
0.003190 -1.945246 -2.269800 -0.250300 0.000002 -0.000682 -0.002516 0.000000 -0.000007 851
0.003203 -1.951555 -2.276244 -0.250300 0.000002 -0.000682 -0.002516 0.000000 -0.000007 852
0.003215 -1.957882 -2.282705 -0.250300 0.000002 -0.000682 -0.002516 0.000000 -0.000007 853
0.003228 -1.964225 -2.289183 -0.250300 0.000002 -0.000682 -0.002516 0.000000 -0.000007 854
0.003241 -1.970587 -2.295677 -0.250300 0.000002 -0.000682 -0.002516 0.000000 -0.000007 855
0.003254 -1.976965 -2.302187 -0.250300 0.000002 -0.000682 -0.002516 0.000000 -0.000007 856
0.003267 -1.983362 -2.308715 -0.250300 0.000002 -0.000682 -0.002516 0.000000 -0.000007 857
0.003280 -1.989776 -2.315259 -0.250300 0.000002 -0.000682 -0.002516 0.000000 -0.000007 858
0.003293 -1.996207 -2.321820 -0.250300 0.000002 -0.000682 -0.002516 0.000000 -0.000007 859
0.003306 -2.002656 -2.328397 -0.250300 0.000002 -0.000682 -0.002516 0.000000 -0.000007 860
0.003319 -2.009123 -2.334992 -0.250300 0.000002 -0.000682 -0.002516 0.000000 -0.000007 861
0.003332 -2.015608 -2.341603 -0.250300 0.000002 -0.000682 -0.002516 0.000000 -0.000007 862
0.003345 -2.022111 -2.348231 -0.250300 0.000002 -0.000682 -0.002516 0.000000 -0.000007 863
0.003358 -2.028631 -2.354877 -0.250300 0.000002 -0.000682 -0.002516 0.000000 -0.000007 864
0.003372 -2.035170 -2.361539 -0.250300 0.000002 -0.000682 -0.002516 0.000000 -0.000007 865
0.003385 -2.041726 -2.368218 -0.250300 0.000002 -0.000682 -0.002516 0.000000 -0.000007 866
0.003398 -2.048301 -2.374915 -0.250300 0.000002 -0.000682 -0.002516 0.000000 -0.000007 867
0.003412 -2.054893 -2.381629 -0.250300 0.000002 -0.000682 -0.002516 0.000000 -0.000007 868
0.003425 -2.061504 -2.388360 -0.250300 0.000002 -0.000682 -0.002516 0.000000 -0.000007 869
0.003438 -2.068133 -2.395108 -0.250300 0.000002 -0.000682 -0.002516 0.000000 -0.000007 870
0.003452 -2.074780 -2.401873 -0.250300 0.000002 -0.000682 -0.002516 0.000000 -0.000007 871
0.003466 -2.081445 -2.408656 -0.250300 0.000002 -0.000682 -0.002516 0.000000 -0.000007 872
0.003479 -2.088129 -2.415456 -0.250300 0.000002 -0.000682 -0.002516 0.000000 -0.000007 873
0.003493 -2.094831 -2.422274 -0.250300 0.000002 -0.000682 -0.002516 0.000000 -0.000007 874
0.003507 -2.101551 -2.429109 -0.250300 0.000002 -0.000682 -0.002516 0.000000 -0.000007 875
0.003520 -2.108290 -2.435962 -0.250300 0.000002 -0.000682 -0.002516 0.000000 -0.000007 876
0.003534 -2.115047 -2.442832 -0.250300 0.000002 -0.000682 -0.002516 0.000000 -0.000007 877
0.003548 -2.121823 -2.449720 -0.250300 0.000002 -0.000682 -0.002516 0.000000 -0.000007 878
0.003562 -2.128618 -2.456626 -0.250300 0.000002 -0.000682 -0.002516 0.000000 -0.000007 879
0.003576 -2.135431 -2.463549 -0.250300 0.000002 -0.000682 -0.002516 0.000000 -0.000007 880
0.003590 -2.142263 -2.470490 -0.250300 0.000002 -0.000682 -0.002516 0.000000 -0.000007 881
0.003604 -2.149114 -2.477449 -0.250300 0.000002 -0.000682 -0.002516 0.000000 -0.000007 882
0.003618 -2.155983 -2.484426 -0.250300 0.000002 -0.000682 -0.002516 0.000000 -0.000007 883
0.003632 -2.162871 -2.491421 -0.250300 0.000002 -0.000682 -0.002516 0.000000 -0.000007 884
0.003646 -2.169778 -2.498434 -0.250300 0.000002 -0.000682 -0.002516 0.000000 -0.000007 885
0.003660 -2.176705 -2.505464 -0.250300 0.000002 -0.000682 -0.002516 0.000000 -0.000007 886
0.003674 -2.183650 -2.512513 -0.250300 0.000002 -0.000682 -0.002516 0.000000 -0.000007 887
0.003689 -2.190614 -2.519580 -0.250300 0.000002 -0.000682 -0.002516 0.000000 -0.000007 888
0.003703 -2.197597 -2.526665 -0.250300 0.000002 -0.000682 -0.002516 0.000000 -0.000007 889
0.003717 -2.204600 -2.533768 -0.250300 0.000002 -0.000682 -0.002516 0.000000 -0.000007 890
0.003732 -2.211621 -2.540890 -0.250300 0.000002 -0.000682 -0.002516 0.000000 -0.000007 891
0.003746 -2.218662 -2.548029 -0.250300 0.000002 -0.000682 -0.002516 0.000000 -0.000007 892
0.003761 -2.225722 -2.555188 -0.250300 0.000002 -0.000682 -0.002516 0.000000 -0.000007 893
0.003775 -2.232802 -2.562364 -0.250300 0.000002 -0.000682 -0.002516 0.000000 -0.000007 894
0.003790 -2.239901 -2.569559 -0.250300 0.000002 -0.000682 -0.002516 0.000000 -0.000007 895
0.003804 -2.247019 -2.576773 -0.250300 0.000002 -0.000682 -0.002516 0.000000 -0.000007 896
0.003819 -2.254157 -2.584005 -0.250300 0.000002 -0.000682 -0.002516 0.000000 -0.000007 897
0.003834 -2.261315 -2.591255 -0.250300 0.000002 -0.000682 -0.002516 0.000000 -0.000007 898
0.003848 -2.268492 -2.598525 -0.250300 0.000002 -0.000682 -0.002516 0.000000 -0.000007 899
0.003863 -2.275689 -2.605813 -0.250300 0.000002 -0.000682 -0.002516 0.000000 -0.000007 900
0.003878 -2.282905 -2.613119 -0.250300 0.000002 -0.000682 -0.002516 0.000000 -0.000007 901
0.003893 -2.290141 -2.620445 -0.250300 0.000002 -0.000682 -0.002516 0.000000 -0.000007 902
0.003908 -2.297397 -2.627789 -0.250300 0.000002 -0.000682 -0.002516 0.000000 -0.000007 903
0.003923 -2.304673 -2.635153 -0.250300 0.000002 -0.000682 -0.002516 0.000000 -0.000007 904
0.003938 -2.311969 -2.642535 -0.250300 0.000002 -0.000682 -0.002516 0.000000 -0.000007 905
0.003953 -2.319285 -2.649936 -0.250300 0.000002 -0.000682 -0.002516 0.000000 -0.000007 906
0.003968 -2.326621 -2.657356 -0.250300 0.000002 -0.000682 -0.002516 0.000000 -0.000007 907
0.003984 -2.333977 -2.664796 -0.250300 0.000002 -0.000682 -0.002516 0.000000 -0.000007 908
0.003999 -2.341353 -2.672254 -0.250300 0.000002 -0.000682 -0.002516 0.000000 -0.000007 909
0.004014 -2.348749 -2.679732 -0.250300 0.000002 -0.000682 -0.002516 0.000000 -0.000007 910
0.004030 -2.356166 -2.687229 -0.250300 0.000002 -0.000682 -0.002516 0.000000 -0.000007 911
0.004045 -2.363602 -2.694745 -0.250300 0.000002 -0.000682 -0.002516 0.000000 -0.000007 912
0.004060 -2.371060 -2.702281 -0.250300 0.000002 -0.000682 -0.002516 0.000000 -0.000007 913
0.004076 -2.378537 -2.709836 -0.250300 0.000002 -0.000682 -0.002516 0.000000 -0.000007 914
0.004091 -2.386035 -2.717411 -0.250300 0.000002 -0.000682 -0.002516 0.000000 -0.000007 915
0.004107 -2.393554 -2.725005 -0.250300 0.000002 -0.000682 -0.002516 0.000000 -0.000007 916
0.004123 -2.401093 -2.732618 -0.250300 0.000002 -0.000682 -0.002516 0.000000 -0.000007 917
0.004138 -2.408653 -2.740252 -0.250300 0.000002 -0.000682 -0.002516 0.000000 -0.000007 918
0.004154 -2.416233 -2.747905 -0.250300 0.000002 -0.000682 -0.002516 0.000000 -0.000007 919
0.004170 -2.423834 -2.755577 -0.250300 0.000002 -0.000682 -0.002516 0.000000 -0.000007 920
0.004186 -2.431456 -2.763270 -0.250300 0.000002 -0.000682 -0.002516 0.000000 -0.000007 921
0.004202 -2.439099 -2.770982 -0.250300 0.000002 -0.000682 -0.002516 0.000000 -0.000007 922
0.004217 -2.446763 -2.778714 -0.250300 0.000002 -0.000682 -0.002516 0.000000 -0.000007 923
0.004233 -2.454447 -2.786466 -0.250300 0.000002 -0.000682 -0.002516 0.000000 -0.000007 924
0.004250 -2.462153 -2.794238 -0.250300 0.000002 -0.000682 -0.002516 0.000000 -0.000007 925
0.004266 -2.469880 -2.802030 -0.250300 0.000002 -0.000682 -0.002516 0.000000 -0.000007 926
0.004282 -2.477628 -2.809843 -0.250300 0.000002 -0.000682 -0.002516 0.000000 -0.000007 927
0.004298 -2.485397 -2.817675 -0.250300 0.000002 -0.000682 -0.002516 0.000000 -0.000007 928
0.004314 -2.493187 -2.825528 -0.250300 0.000002 -0.000682 -0.002516 0.000000 -0.000007 929
0.004330 -2.500998 -2.833400 -0.250300 0.000002 -0.000682 -0.002516 0.000000 -0.000007 930
0.004347 -2.508831 -2.841294 -0.250300 0.000002 -0.000682 -0.002516 0.000000 -0.000007 931
0.004363 -2.516686 -2.849207 -0.250300 0.000002 -0.000682 -0.002516 0.000000 -0.000007 932
0.004380 -2.524561 -2.857141 -0.250300 0.000002 -0.000682 -0.002516 0.000000 -0.000007 933
0.004396 -2.532459 -2.865095 -0.250300 0.000002 -0.000682 -0.002516 0.000000 -0.000007 934
0.004413 -2.540377 -2.873070 -0.250300 0.000002 -0.000682 -0.002516 0.000000 -0.000007 935
0.004429 -2.548318 -2.881066 -0.250300 0.000002 -0.000682 -0.002516 0.000000 -0.000007 936
0.004446 -2.556280 -2.889082 -0.250300 0.000002 -0.000682 -0.002516 0.000000 -0.000007 937
0.004463 -2.564264 -2.897119 -0.250300 0.000002 -0.000682 -0.002516 0.000000 -0.000007 938
0.004479 -2.572270 -2.905177 -0.250300 0.000002 -0.000682 -0.002516 0.000000 -0.000007 939
0.004496 -2.580297 -2.913255 -0.250300 0.000002 -0.000682 -0.002516 0.000000 -0.000007 940
0.004513 -2.588347 -2.921354 -0.250300 0.000002 -0.000682 -0.002516 0.000000 -0.000007 941
0.004530 -2.596418 -2.929475 -0.250300 0.000002 -0.000682 -0.002516 0.000000 -0.000007 942
0.004547 -2.604512 -2.937616 -0.250300 0.000002 -0.000682 -0.002516 0.000000 -0.000007 943
0.004564 -2.612628 -2.945778 -0.250300 0.000002 -0.000682 -0.002516 0.000000 -0.000007 944
0.004581 -2.620765 -2.953962 -0.250300 0.000002 -0.000682 -0.002516 0.000000 -0.000007 945
0.004598 -2.628925 -2.962166 -0.250300 0.000002 -0.000682 -0.002516 0.000000 -0.000007 946
0.004615 -2.637108 -2.970392 -0.250300 0.000002 -0.000682 -0.002516 0.000000 -0.000007 947
0.004633 -2.645312 -2.978639 -0.250300 0.000002 -0.000682 -0.002516 0.000000 -0.000007 948
0.004650 -2.653539 -2.986907 -0.250300 0.000002 -0.000682 -0.002516 0.000000 -0.000007 949
0.004667 -2.661789 -2.995197 -0.250300 0.000002 -0.000682 -0.002516 0.000000 -0.000007 950
0.004685 -2.670061 -3.003508 -0.250300 0.000002 -0.000682 -0.002516 0.000000 -0.000007 951
0.004702 -2.678355 -3.011841 -0.250300 0.000002 -0.000682 -0.002516 0.000000 -0.000007 952
0.004720 -2.686673 -3.020195 -0.250300 0.000002 -0.000682 -0.002516 0.000000 -0.000007 953
0.004737 -2.695012 -3.028571 -0.250300 0.000002 -0.000682 -0.002516 0.000000 -0.000007 954
0.004755 -2.703375 -3.036968 -0.250300 0.000002 -0.000682 -0.002516 0.000000 -0.000007 955
0.004772 -2.711761 -3.045387 -0.250300 0.000002 -0.000682 -0.002516 0.000000 -0.000007 956
0.004790 -2.720169 -3.053828 -0.250300 0.000002 -0.000682 -0.002516 0.000000 -0.000007 957
0.004808 -2.728600 -3.062291 -0.250300 0.000002 -0.000682 -0.002516 0.000000 -0.000007 958
0.004826 -2.737054 -3.070776 -0.250300 0.000002 -0.000682 -0.002516 0.000000 -0.000007 959
0.004844 -2.745532 -3.079282 -0.250300 0.000002 -0.000682 -0.002516 0.000000 -0.000007 960
0.004862 -2.754032 -3.087811 -0.250300 0.000002 -0.000682 -0.002516 0.000000 -0.000007 961
0.004880 -2.762556 -3.096362 -0.250300 0.000002 -0.000682 -0.002516 0.000000 -0.000007 962
0.004898 -2.771103 -3.104935 -0.250300 0.000002 -0.000682 -0.002516 0.000000 -0.000007 963
0.004916 -2.779673 -3.113530 -0.250300 0.000002 -0.000682 -0.002516 0.000000 -0.000007 964
0.004934 -2.788267 -3.122147 -0.250300 0.000002 -0.000682 -0.002516 0.000000 -0.000007 965
0.004952 -2.796884 -3.130787 -0.250300 0.000002 -0.000682 -0.002516 0.000000 -0.000007 966
0.004970 -2.805524 -3.139449 -0.250300 0.000002 -0.000682 -0.002516 0.000000 -0.000007 967
0.004989 -2.814188 -3.148134 -0.250300 0.000002 -0.000682 -0.002516 0.000000 -0.000007 968
0.005007 -2.822876 -3.156841 -0.250300 0.000002 -0.000682 -0.002516 0.000000 -0.000007 969
0.005025 -2.831587 -3.165570 -0.250300 0.000002 -0.000682 -0.002516 0.000000 -0.000007 970
0.005044 -2.840322 -3.174323 -0.250300 0.000002 -0.000682 -0.002516 0.000000 -0.000007 971
0.005063 -2.849081 -3.183098 -0.250300 0.000002 -0.000682 -0.002516 0.000000 -0.000007 972
0.005081 -2.857864 -3.191895 -0.250300 0.000002 -0.000682 -0.002516 0.000000 -0.000007 973
0.005100 -2.866671 -3.200716 -0.250300 0.000002 -0.000682 -0.002516 0.000000 -0.000007 974
0.005119 -2.875502 -3.209559 -0.250300 0.000002 -0.000682 -0.002516 0.000000 -0.000007 975
0.005137 -2.884357 -3.218425 -0.250300 0.000002 -0.000682 -0.002516 0.000000 -0.000007 976
0.005156 -2.893236 -3.227315 -0.250300 0.000002 -0.000682 -0.002516 0.000000 -0.000007 977
0.005175 -2.902139 -3.236227 -0.250300 0.000002 -0.000682 -0.002516 0.000000 -0.000007 978
0.005194 -2.911066 -3.245162 -0.250300 0.000002 -0.000682 -0.002516 0.000000 -0.000007 979
0.005213 -2.920018 -3.254121 -0.250300 0.000002 -0.000682 -0.002516 0.000000 -0.000007 980
0.005232 -2.928994 -3.263103 -0.250300 0.000002 -0.000682 -0.002516 0.000000 -0.000007 981
0.005251 -2.937995 -3.272108 -0.250300 0.000002 -0.000682 -0.002516 0.000000 -0.000007 982
0.005271 -2.947020 -3.281136 -0.250300 0.000002 -0.000682 -0.002516 0.000000 -0.000007 983
0.005290 -2.956070 -3.290188 -0.250300 0.000002 -0.000682 -0.002516 0.000000 -0.000007 984
0.005309 -2.965144 -3.299264 -0.250300 0.000002 -0.000682 -0.002516 0.000000 -0.000007 985
0.005328 -2.974243 -3.308363 -0.250300 0.000002 -0.000682 -0.002516 0.000000 -0.000007 986
0.005348 -2.983367 -3.317486 -0.250300 0.000002 -0.000682 -0.002516 0.000000 -0.000007 987
0.005367 -2.992516 -3.326632 -0.250300 0.000002 -0.000682 -0.002516 0.000000 -0.000007 988
0.005387 -3.001690 -3.335802 -0.250300 0.000002 -0.000682 -0.002516 0.000000 -0.000007 989
0.005407 -3.010889 -3.344996 -0.250300 0.000002 -0.000682 -0.002516 0.000000 -0.000007 990
0.005426 -3.020112 -3.354214 -0.250300 0.000002 -0.000682 -0.002516 0.000000 -0.000007 991
0.005446 -3.029361 -3.363455 -0.250300 0.000002 -0.000682 -0.002516 0.000000 -0.000007 992
0.005466 -3.038635 -3.372721 -0.250300 0.000002 -0.000682 -0.002516 0.000000 -0.000007 993
0.005486 -3.047935 -3.382011 -0.250300 0.000002 -0.000682 -0.002516 0.000000 -0.000007 994
0.005506 -3.057259 -3.391325 -0.250300 0.000002 -0.000682 -0.002516 0.000000 -0.000007 995
0.005525 -3.066609 -3.400663 -0.250300 0.000002 -0.000682 -0.002516 0.000000 -0.000007 996
0.005546 -3.075985 -3.410026 -0.250300 0.000002 -0.000682 -0.002516 0.000000 -0.000007 997
0.005566 -3.085386 -3.419412 -0.250300 0.000002 -0.000682 -0.002516 0.000000 -0.000007 998
0.005586 -3.094813 -3.428824 -0.250300 0.000002 -0.000682 -0.002516 0.000000 -0.000007 999
0.005606 -3.104265 -3.438259 -0.250300 0.000002 -0.000682 -0.002516 0.000000 -0.000007 1000
