0.000000 0.000000 0.000000 0.000000 0.000000 0.000000 0.000000 0.000000 0.000000 0
0.000000 0.000000 -0.000814 -0.250311 0.000000 0.000000 -0.002516 0.000000 0.000000 1
-0.000000 -0.000262 -0.001632 -0.250316 0.000000 0.000000 -0.002516 0.000000 0.000000 2
-0.000000 -0.000526 -0.002451 -0.250316 0.000000 0.000000 -0.002516 0.000000 0.000000 3
-0.000000 -0.000792 -0.003272 -0.250316 0.000000 0.000000 -0.002516 0.000000 0.000000 4
-0.000000 -0.001060 -0.004095 -0.250316 0.000000 0.000000 -0.002516 0.000000 0.000000 5
-0.000000 -0.001330 -0.004919 -0.250316 0.000000 0.000000 -0.002516 0.000000 0.000000 6
-0.000000 -0.001602 -0.005746 -0.250316 0.000000 0.000000 -0.002516 0.000000 0.000000 7
-0.000000 -0.001877 -0.006574 -0.250316 0.000000 0.000000 -0.002516 0.000000 0.000000 8
-0.000000 -0.002154 -0.007404 -0.250316 0.000000 0.000000 -0.002516 0.000000 0.000000 9
-0.000000 -0.002433 -0.008237 -0.250316 0.000000 0.000000 -0.002516 0.000000 0.000000 10
-0.000000 -0.002714 -0.009070 -0.250316 0.000000 0.000000 -0.002516 0.000000 0.000000 11
-0.000000 -0.002998 -0.009906 -0.250316 0.000000 0.000000 -0.002516 0.000000 0.000000 12
-0.000000 -0.003283 -0.010744 -0.250316 0.000000 0.000000 -0.002516 0.000000 0.000000 13
-0.000000 -0.003571 -0.011583 -0.250316 0.000000 0.000000 -0.002516 0.000000 0.000000 14
-0.000000 -0.003861 -0.012425 -0.250316 0.000000 0.000000 -0.002516 0.000000 0.000000 15
-0.000000 -0.004154 -0.013268 -0.250316 0.000000 0.000000 -0.002516 0.000000 0.000000 16
-0.000000 -0.004448 -0.014113 -0.250316 0.000000 0.000000 -0.002516 0.000000 0.000000 17
-0.000000 -0.004745 -0.014961 -0.250316 0.000000 0.000000 -0.002516 0.000000 0.000000 18
-0.000000 -0.005044 -0.015809 -0.250316 0.000000 0.000000 -0.002516 0.000000 0.000000 19
-0.000000 -0.005345 -0.016660 -0.250316 0.000000 0.000000 -0.002516 0.000000 0.000000 20
-0.000000 -0.005648 -0.017513 -0.250316 0.000000 0.000000 -0.002516 0.000000 0.000000 21
-0.000000 -0.005954 -0.018368 -0.250316 0.000000 0.000000 -0.002516 0.000000 0.000000 22
-0.000000 -0.006262 -0.019225 -0.250316 0.000000 0.000000 -0.002516 0.000000 0.000000 23
-0.000000 -0.006572 -0.020083 -0.250316 0.000000 0.000000 -0.002516 0.000000 0.000000 24
-0.000000 -0.006885 -0.020944 -0.250316 0.000000 0.000000 -0.002516 0.000000 0.000000 25
-0.000000 -0.007199 -0.021806 -0.250316 0.000000 0.000000 -0.002516 0.000000 0.000000 26
-0.000000 -0.007516 -0.022670 -0.250316 0.000000 0.000000 -0.002516 0.000000 0.000000 27
-0.000000 -0.007836 -0.023537 -0.250316 0.000000 0.000000 -0.002516 0.000000 0.000000 28
-0.000000 -0.008157 -0.024405 -0.250316 0.000000 0.000000 -0.002516 0.000000 0.000000 29
-0.000000 -0.008481 -0.025275 -0.250316 0.000000 0.000000 -0.002516 0.000000 0.000000 30
-0.000000 -0.008807 -0.026147 -0.250316 0.000000 0.000000 -0.002516 0.000000 0.000000 31
-0.000000 -0.009136 -0.027021 -0.250316 0.000000 0.000000 -0.002516 0.000000 0.000000 32
-0.000000 -0.009466 -0.027897 -0.250316 0.000000 0.000000 -0.002516 0.000000 0.000000 33
-0.000000 -0.009799 -0.028775 -0.250316 0.000000 0.000000 -0.002516 0.000000 0.000000 34
-0.000000 -0.010135 -0.029655 -0.250316 0.000000 0.000000 -0.002516 0.000000 0.000000 35
-0.000000 -0.010472 -0.030537 -0.250316 0.000000 0.000000 -0.002516 0.000000 0.000000 36
-0.000000 -0.010812 -0.031421 -0.250316 0.000000 0.000000 -0.002516 0.000000 0.000000 37
-0.000000 -0.011155 -0.032307 -0.250316 0.000000 0.000000 -0.002516 0.000000 0.000000 38
-0.000000 -0.011500 -0.033195 -0.250316 0.000000 0.000000 -0.002516 0.000000 0.000000 39
-0.000000 -0.011847 -0.034085 -0.250316 0.000000 0.000000 -0.002516 0.000000 0.000000 40
-0.000000 -0.012196 -0.034977 -0.250316 0.000000 0.000000 -0.002516 0.000000 0.000000 41
-0.000000 -0.012548 -0.035871 -0.250316 0.000000 0.000000 -0.002516 0.000000 0.000000 42
-0.000000 -0.012902 -0.036767 -0.250316 0.000000 0.000000 -0.002516 0.000000 0.000000 43
-0.000000 -0.013258 -0.037666 -0.250316 0.000000 0.000000 -0.002516 0.000000 0.000000 44
-0.000000 -0.013617 -0.038566 -0.250316 0.000000 0.000000 -0.002516 0.000000 0.000000 45
-0.000000 -0.013978 -0.039468 -0.250316 0.000000 0.000000 -0.002516 0.000000 0.000000 46
-0.000000 -0.014342 -0.040372 -0.250316 0.000000 0.000000 -0.002516 0.000000 0.000000 47
-0.000000 -0.014708 -0.041278 -0.250316 0.000000 0.000000 -0.002516 0.000000 0.000000 48
-0.000000 -0.015076 -0.042186 -0.250316 0.000000 0.000000 -0.002516 0.000000 0.000000 49
-0.000000 -0.015447 -0.043097 -0.250316 0.000000 0.000000 -0.002516 0.000000 0.000000 50
-0.000000 -0.015820 -0.044009 -0.250316 0.000000 0.000000 -0.002516 0.000000 0.000000 51
-0.000000 -0.016195 -0.044924 -0.250316 0.000000 0.000000 -0.002516 0.000000 0.000000 52
-0.000000 -0.016573 -0.045840 -0.250316 0.000000 0.000000 -0.002516 0.000000 0.000000 53
-0.000000 -0.016953 -0.046759 -0.250316 0.000000 0.000000 -0.002516 0.000000 0.000000 54
-0.000000 -0.017336 -0.047679 -0.250316 0.000000 0.000000 -0.002516 0.000000 0.000000 55
-0.000000 -0.017721 -0.048602 -0.250316 0.000000 0.000000 -0.002516 0.000000 0.000000 56
-0.000000 -0.018109 -0.049527 -0.250316 0.000000 0.000000 -0.002516 0.000000 0.000000 57
-0.000000 -0.018499 -0.050454 -0.250316 0.000000 0.000000 -0.002516 0.000000 0.000000 58
-0.000000 -0.018892 -0.051383 -0.250316 0.000000 0.000000 -0.002516 0.000000 0.000000 59
-0.000000 -0.019287 -0.052314 -0.250316 0.000000 0.000000 -0.002516 0.000000 0.000000 60
-0.000000 -0.019684 -0.053248 -0.250316 0.000000 0.000000 -0.002516 0.000000 0.000000 61
-0.000000 -0.020084 -0.054183 -0.250316 0.000000 0.000000 -0.002516 0.000000 0.000000 62
-0.000000 -0.020486 -0.055121 -0.250316 0.000000 0.000000 -0.002516 0.000000 0.000000 63
-0.000000 -0.020891 -0.056060 -0.250316 0.000000 0.000000 -0.002516 0.000000 0.000000 64
-0.000000 -0.021298 -0.057002 -0.250316 0.000000 0.000000 -0.002516 0.000000 0.000000 65
-0.000000 -0.021708 -0.057946 -0.250316 0.000000 0.000000 -0.002516 0.000000 0.000000 66
-0.000000 -0.022120 -0.058892 -0.250316 0.000000 0.000000 -0.002516 0.000000 0.000000 67
-0.000000 -0.022535 -0.059840 -0.250316 0.000000 0.000000 -0.002516 0.000000 0.000000 68
-0.000000 -0.022952 -0.060791 -0.250316 0.000000 0.000000 -0.002516 0.000000 0.000000 69
-0.000000 -0.023372 -0.061743 -0.250316 0.000000 0.000000 -0.002516 0.000000 0.000000 70
-0.000000 -0.023794 -0.062698 -0.250316 0.000000 0.000000 -0.002516 0.000000 0.000000 71
-0.000000 -0.024219 -0.063655 -0.250316 0.000000 0.000000 -0.002516 0.000000 0.000000 72
-0.000000 -0.024646 -0.064614 -0.250316 0.000000 0.000000 -0.002516 0.000000 0.000000 73
-0.000000 -0.025076 -0.065575 -0.250316 0.000000 0.000000 -0.002516 0.000000 0.000000 74
-0.000000 -0.025509 -0.066539 -0.250316 0.000000 0.000000 -0.002516 0.000000 0.000000 75
-0.000000 -0.025943 -0.067505 -0.250316 0.000000 0.000000 -0.002516 0.000000 0.000000 76
-0.000000 -0.026381 -0.068473 -0.250316 0.000000 0.000000 -0.002516 0.000000 0.000000 77
-0.000000 -0.026821 -0.069443 -0.250316 0.000000 0.000000 -0.002516 0.000000 0.000000 78
-0.000000 -0.027263 -0.070415 -0.250316 0.000000 0.000000 -0.002516 0.000000 0.000000 79
-0.000000 -0.027709 -0.071390 -0.250316 0.000000 0.000000 -0.002516 0.000000 0.000000 80
-0.000000 -0.028156 -0.072366 -0.250316 0.000000 0.000000 -0.002516 0.000000 0.000000 81
-0.000000 -0.028607 -0.073345 -0.250316 0.000000 0.000000 -0.002516 0.000000 0.000000 82
-0.000000 -0.029059 -0.074327 -0.250316 0.000000 0.000000 -0.002516 0.000000 0.000000 83
-0.000000 -0.029515 -0.075310 -0.250316 0.000000 0.000000 -0.002516 0.000000 0.000000 84
-0.000000 -0.029973 -0.076296 -0.250316 0.000000 0.000000 -0.002516 0.000000 0.000000 85
-0.000000 -0.030434 -0.077284 -0.250316 0.000000 0.000000 -0.002516 0.000000 0.000000 86
-0.000000 -0.030897 -0.078274 -0.250316 0.000000 0.000000 -0.002516 0.000000 0.000000 87
-0.000000 -0.031363 -0.079267 -0.250316 0.000000 0.000000 -0.002516 0.000000 0.000000 88
-0.000000 -0.031831 -0.080262 -0.250316 0.000000 0.000000 -0.002516 0.000000 0.000000 89
-0.000000 -0.032302 -0.081259 -0.250316 0.000000 0.000000 -0.002516 0.000000 0.000000 90
-0.000000 -0.032776 -0.082258 -0.250316 0.000000 0.000000 -0.002516 0.000000 0.000000 91
-0.000000 -0.033252 -0.083260 -0.250316 0.000000 0.000000 -0.002516 0.000000 0.000000 92
-0.000000 -0.033731 -0.084264 -0.250316 0.000000 0.000000 -0.002516 0.000000 0.000000 93
-0.000000 -0.034213 -0.085270 -0.250316 0.000000 0.000000 -0.002516 0.000000 0.000000 94
-0.000000 -0.034697 -0.086278 -0.250316 0.000000 0.000000 -0.002516 0.000000 0.000000 95
-0.000000 -0.035184 -0.087289 -0.250316 0.000000 0.000000 -0.002516 0.000000 0.000000 96
-0.000000 -0.035674 -0.088303 -0.250316 0.000000 0.000000 -0.002516 0.000000 0.000000 97
-0.000000 -0.036166 -0.089318 -0.250316 0.000000 0.000000 -0.002516 0.000000 0.000000 98
-0.000000 -0.036661 -0.090336 -0.250316 0.000000 0.000000 -0.002516 0.000000 0.000000 99
-0.000000 -0.037159 -0.091356 -0.250316 0.000000 0.000000 -0.002516 0.000000 0.000000 100
-0.000000 -0.037659 -0.092379 -0.250316 0.000000 0.000000 -0.002516 0.000000 0.000000 101
-0.000000 -0.038162 -0.093404 -0.250316 0.000000 0.000000 -0.002516 0.000000 0.000000 102
-0.000000 -0.038668 -0.094431 -0.250316 0.000000 0.000000 -0.002516 0.000000 0.000000 103
-0.000000 -0.039176 -0.095461 -0.250316 0.000000 0.000000 -0.002516 0.000000 0.000000 104
-0.000000 -0.039687 -0.096493 -0.250316 0.000000 0.000000 -0.002516 0.000000 0.000000 105
-0.000000 -0.040201 -0.097527 -0.250316 0.000000 0.000000 -0.002516 0.000000 0.000000 106
-0.000000 -0.040718 -0.098564 -0.250316 0.000000 0.000000 -0.002516 0.000000 0.000000 107
-0.000000 -0.041237 -0.099603 -0.250316 0.000000 0.000000 -0.002516 0.000000 0.000000 108
-0.000000 -0.041759 -0.100645 -0.250316 0.000000 0.000000 -0.002516 0.000000 0.000000 109
-0.000000 -0.042284 -0.101689 -0.250316 0.000000 0.000000 -0.002516 0.000000 0.000000 110
-0.000000 -0.042812 -0.102735 -0.250316 0.000000 0.000000 -0.002516 0.000000 0.000000 111
-0.000000 -0.043342 -0.103784 -0.250316 0.000000 0.000000 -0.002516 0.000000 0.000000 112
-0.000000 -0.043875 -0.104835 -0.250316 0.000000 0.000000 -0.002516 0.000000 0.000000 113
-0.000000 -0.044411 -0.105889 -0.250316 0.000000 0.000000 -0.002516 0.000000 0.000000 114
-0.000000 -0.044950 -0.106945 -0.250316 0.000000 0.000000 -0.002516 0.000000 0.000000 115
-0.000000 -0.045491 -0.108003 -0.250316 0.000000 0.000000 -0.002516 0.000000 0.000000 116
-0.000000 -0.046036 -0.109064 -0.250316 0.000000 0.000000 -0.002516 0.000000 0.000000 117
-0.000000 -0.046583 -0.110127 -0.250316 0.000000 0.000000 -0.002516 0.000000 0.000000 118
-0.000000 -0.047132 -0.111193 -0.250316 0.000000 0.000000 -0.002516 0.000000 0.000000 119
-0.000000 -0.047685 -0.112262 -0.250316 0.000000 0.000000 -0.002516 0.000000 0.000000 120
-0.000000 -0.048241 -0.113332 -0.250316 0.000000 0.000000 -0.002516 0.000000 0.000000 121
-0.000000 -0.048799 -0.114406 -0.250316 0.000000 0.000000 -0.002516 0.000000 0.000000 122
-0.000000 -0.049360 -0.115481 -0.250316 0.000000 0.000000 -0.002516 0.000000 0.000000 123
-0.000000 -0.049924 -0.116560 -0.250316 0.000000 0.000000 -0.002516 0.000000 0.000000 124
-0.000000 -0.050491 -0.117640 -0.250316 0.000000 0.000000 -0.002516 0.000000 0.000000 125
-0.000000 -0.051061 -0.118724 -0.250316 0.000000 0.000000 -0.002516 0.000000 0.000000 126
-0.000000 -0.051633 -0.119809 -0.250316 0.000000 0.000000 -0.002516 0.000000 0.000000 127
-0.000000 -0.052208 -0.120898 -0.250316 0.000000 0.000000 -0.002516 0.000000 0.000000 128
-0.000000 -0.052787 -0.121988 -0.250316 0.000000 0.000000 -0.002516 0.000000 0.000000 129
-0.000000 -0.053368 -0.123082 -0.250316 0.000000 0.000000 -0.002516 0.000000 0.000000 130
-0.000000 -0.053952 -0.124177 -0.250316 0.000000 0.000000 -0.002516 0.000000 0.000000 131
-0.000000 -0.054539 -0.125276 -0.250316 0.000000 0.000000 -0.002516 0.000000 0.000000 132
-0.000000 -0.055129 -0.126377 -0.250316 0.000000 0.000000 -0.002516 0.000000 0.000000 133
-0.000000 -0.055721 -0.127480 -0.250316 0.000000 0.000000 -0.002516 0.000000 0.000000 134
-0.000000 -0.056317 -0.128586 -0.250316 0.000000 0.000000 -0.002516 0.000000 0.000000 135
-0.000000 -0.056915 -0.129695 -0.250316 0.000000 0.000000 -0.002516 0.000000 0.000000 136
-0.000000 -0.057517 -0.130806 -0.250316 0.000000 0.000000 -0.002516 0.000000 0.000000 137
-0.000000 -0.058121 -0.131920 -0.250316 0.000000 0.000000 -0.002516 0.000000 0.000000 138
-0.000000 -0.058729 -0.133036 -0.250316 0.000000 0.000000 -0.002516 0.000000 0.000000 139
-0.000000 -0.059339 -0.134155 -0.250316 0.000000 0.000000 -0.002516 0.000000 0.000000 140
-0.000000 -0.059952 -0.135277 -0.250316 0.000000 0.000000 -0.002516 0.000000 0.000000 141
-0.000000 -0.060568 -0.136401 -0.250316 0.000000 0.000000 -0.002516 0.000000 0.000000 142
-0.000000 -0.061188 -0.137528 -0.250316 0.000000 0.000000 -0.002516 0.000000 0.000000 143
-0.000000 -0.061810 -0.138657 -0.250316 0.000000 0.000000 -0.002516 0.000000 0.000000 144
-0.000000 -0.062435 -0.139789 -0.250316 0.000000 0.000000 -0.002516 0.000000 0.000000 145
-0.000000 -0.063063 -0.140924 -0.250316 0.000000 0.000000 -0.002516 0.000000 0.000000 146
-0.000000 -0.063694 -0.142061 -0.250316 0.000000 0.000000 -0.002516 0.000000 0.000000 147
-0.000000 -0.064328 -0.143201 -0.250316 0.000000 0.000000 -0.002516 0.000000 0.000000 148
-0.000000 -0.064965 -0.144344 -0.250316 0.000000 0.000000 -0.002516 0.000000 0.000000 149
-0.000000 -0.065605 -0.145489 -0.250316 0.000000 0.000000 -0.002516 0.000000 0.000000 150
-0.000000 -0.066248 -0.146637 -0.250316 0.000000 0.000000 -0.002516 0.000000 0.000000 151
-0.000000 -0.066895 -0.147787 -0.250316 0.000000 0.000000 -0.002516 0.000000 0.000000 152
-0.000000 -0.067544 -0.148941 -0.250316 0.000000 0.000000 -0.002516 0.000000 0.000000 153
-0.000000 -0.068196 -0.150097 -0.250316 0.000000 0.000000 -0.002516 0.000000 0.000000 154
-0.000000 -0.068851 -0.151255 -0.250316 0.000000 0.000000 -0.002516 0.000000 0.000000 155
-0.000000 -0.069510 -0.152417 -0.250316 0.000000 0.000000 -0.002516 0.000000 0.000000 156
-0.000000 -0.070171 -0.153581 -0.250316 0.000000 0.000000 -0.002516 0.000000 0.000000 157
-0.000000 -0.070836 -0.154748 -0.250316 0.000000 0.000000 -0.002516 0.000000 0.000000 158
-0.000000 -0.071503 -0.155917 -0.250316 0.000000 0.000000 -0.002516 0.000000 0.000000 159
-0.000000 -0.072174 -0.157090 -0.250316 0.000000 0.000000 -0.002516 0.000000 0.000000 160
-0.000000 -0.072848 -0.158265 -0.250316 0.000000 0.000000 -0.002516 0.000000 0.000000 161
-0.000000 -0.073525 -0.159442 -0.250316 0.000000 0.000000 -0.002516 0.000000 0.000000 162
-0.000000 -0.074204 -0.160623 -0.250316 0.000000 0.000000 -0.002516 0.000000 0.000000 163
-0.000000 -0.074888 -0.161806 -0.250316 0.000000 0.000000 -0.002516 0.000000 0.000000 164
-0.000000 -0.075574 -0.162992 -0.250316 0.000000 0.000000 -0.002516 0.000000 0.000000 165
-0.000000 -0.076263 -0.164181 -0.250316 0.000000 0.000000 -0.002516 0.000000 0.000000 166
-0.000000 -0.076956 -0.165372 -0.250316 0.000000 0.000000 -0.002516 0.000000 0.000000 167
-0.000000 -0.077651 -0.166567 -0.250316 0.000000 0.000000 -0.002516 0.000000 0.000000 168
-0.000000 -0.078350 -0.167764 -0.250316 0.000000 0.000000 -0.002516 0.000000 0.000000 169
-0.000000 -0.079052 -0.168964 -0.250316 0.000000 0.000000 -0.002516 0.000000 0.000000 170
-0.000000 -0.079757 -0.170167 -0.250316 0.000000 0.000000 -0.002516 0.000000 0.000000 171
-0.000000 -0.080465 -0.171372 -0.250316 0.000000 0.000000 -0.002516 0.000000 0.000000 172
-0.000000 -0.081177 -0.172581 -0.250316 0.000000 0.000000 -0.002516 0.000000 0.000000 173
-0.000000 -0.081891 -0.173792 -0.250316 0.000000 0.000000 -0.002516 0.000000 0.000000 174
-0.000000 -0.082609 -0.175006 -0.250316 0.000000 0.000000 -0.002516 0.000000 0.000000 175
-0.000000 -0.083330 -0.176223 -0.250316 0.000000 0.000000 -0.002516 0.000000 0.000000 176
-0.000000 -0.084054 -0.177443 -0.250316 0.000000 0.000000 -0.002516 0.000000 0.000000 177
-0.000000 -0.084782 -0.178666 -0.250316 0.000000 0.000000 -0.002516 0.000000 0.000000 178
-0.000000 -0.085513 -0.179891 -0.250316 0.000000 0.000000 -0.002516 0.000000 0.000000 179
-0.000000 -0.086246 -0.181120 -0.250316 0.000000 0.000000 -0.002516 0.000000 0.000000 180
-0.000000 -0.086984 -0.182351 -0.250316 0.000000 0.000000 -0.002516 0.000000 0.000000 181
-0.000000 -0.087724 -0.183585 -0.250316 0.000000 0.000000 -0.002516 0.000000 0.000000 182
-0.000000 -0.088468 -0.184822 -0.250316 0.000000 0.000000 -0.002516 0.000000 0.000000 183
-0.000000 -0.089215 -0.186062 -0.250316 0.000000 0.000000 -0.002516 0.000000 0.000000 184
-0.000000 -0.089965 -0.187305 -0.250316 0.000000 0.000000 -0.002516 0.000000 0.000000 185
-0.000000 -0.090718 -0.188551 -0.250316 0.000000 0.000000 -0.002516 0.000000 0.000000 186
-0.000000 -0.091475 -0.189800 -0.250316 0.000000 0.000000 -0.002516 0.000000 0.000000 187
-0.000000 -0.092235 -0.191051 -0.250316 0.000000 0.000000 -0.002516 0.000000 0.000000 188
-0.000000 -0.092999 -0.192306 -0.250316 0.000000 0.000000 -0.002516 0.000000 0.000000 189
-0.000000 -0.093765 -0.193563 -0.250316 0.000000 0.000000 -0.002516 0.000000 0.000000 190
-0.000000 -0.094535 -0.194824 -0.250316 0.000000 0.000000 -0.002516 0.000000 0.000000 191
-0.000000 -0.095309 -0.196088 -0.250316 0.000000 0.000000 -0.002516 0.000000 0.000000 192
-0.000000 -0.096085 -0.197354 -0.250316 0.000000 0.000000 -0.002516 0.000000 0.000000 193
-0.000000 -0.096865 -0.198623 -0.250316 0.000000 0.000000 -0.002516 0.000000 0.000000 194
-0.000000 -0.097649 -0.199896 -0.250316 0.000000 0.000000 -0.002516 0.000000 0.000000 195
-0.000000 -0.098436 -0.201171 -0.250316 0.000000 0.000000 -0.002516 0.000000 0.000000 196
-0.000000 -0.099226 -0.202450 -0.250316 0.000000 0.000000 -0.002516 0.000000 0.000000 197
-0.000000 -0.100019 -0.203731 -0.250316 0.000000 0.000000 -0.002516 0.000000 0.000000 198
-0.000000 -0.100816 -0.205016 -0.250316 0.000000 0.000000 -0.002516 0.000000 0.000000 199
-0.000000 -0.101616 -0.206303 -0.250316 0.000000 0.000000 -0.002516 0.000000 0.000000 200
-0.000000 -0.102420 -0.207594 -0.250316 0.000000 0.000000 -0.002516 0.000000 0.000000 201
-0.000000 -0.103227 -0.208887 -0.250316 0.000000 0.000000 -0.002516 0.000000 0.000000 202
-0.000000 -0.104037 -0.210184 -0.250316 0.000000 0.000000 -0.002516 0.000000 0.000000 203
-0.000000 -0.104851 -0.211484 -0.250316 0.000000 0.000000 -0.002516 0.000000 0.000000 204
-0.000000 -0.105669 -0.212787 -0.250316 0.000000 0.000000 -0.002516 0.000000 0.000000 205
-0.000000 -0.106490 -0.214092 -0.250316 0.000000 0.000000 -0.002516 0.000000 0.000000 206
-0.000000 -0.107314 -0.215401 -0.250316 0.000000 0.000000 -0.002516 0.000000 0.000000 207
-0.000000 -0.108141 -0.216713 -0.250316 0.000000 0.000000 -0.002516 0.000000 0.000000 208
-0.000000 -0.108973 -0.218029 -0.250316 0.000000 0.000000 -0.002516 0.000000 0.000000 209
-0.000000 -0.109807 -0.219347 -0.250316 0.000000 0.000000 -0.002516 0.000000 0.000000 210
-0.000000 -0.110645 -0.220668 -0.250316 0.000000 0.000000 -0.002516 0.000000 0.000000 211
-0.000000 -0.111487 -0.221993 -0.250316 0.000000 0.000000 -0.002516 0.000000 0.000000 212
-0.000000 -0.112332 -0.223320 -0.250316 0.000000 0.000000 -0.002516 0.000000 0.000000 213
-0.000000 -0.113181 -0.224651 -0.250316 0.000000 0.000000 -0.002516 0.000000 0.000000 214
-0.000000 -0.114033 -0.225985 -0.250316 0.000000 0.000000 -0.002516 0.000000 0.000000 215
-0.000000 -0.114888 -0.227322 -0.250316 0.000000 0.000000 -0.002516 0.000000 0.000000 216
-0.000000 -0.115747 -0.228662 -0.250316 0.000000 0.000000 -0.002516 0.000000 0.000000 217
-0.000000 -0.116610 -0.230005 -0.250316 0.000000 0.000000 -0.002516 0.000000 0.000000 218
-0.000000 -0.117476 -0.231352 -0.250316 0.000000 0.000000 -0.002516 0.000000 0.000000 219
-0.000000 -0.118346 -0.232702 -0.250316 0.000000 0.000000 -0.002516 0.000000 0.000000 220
-0.000000 -0.119219 -0.234055 -0.250316 0.000000 0.000000 -0.002516 0.000000 0.000000 221
-0.000000 -0.120096 -0.235411 -0.250316 0.000000 0.000000 -0.002516 0.000000 0.000000 222
-0.000000 -0.120977 -0.236770 -0.250316 0.000000 0.000000 -0.002516 0.000000 0.000000 223
-0.000000 -0.121861 -0.238133 -0.250316 0.000000 0.000000 -0.002516 0.000000 0.000000 224
-0.000000 -0.122749 -0.239499 -0.250316 0.000000 0.000000 -0.002516 0.000000 0.000000 225
-0.000000 -0.123640 -0.240868 -0.250316 0.000000 0.000000 -0.002516 0.000000 0.000000 226
-0.000000 -0.124535 -0.242240 -0.250316 0.000000 0.000000 -0.002516 0.000000 0.000000 227
-0.000000 -0.125434 -0.243615 -0.250316 0.000000 0.000000 -0.002516 0.000000 0.000000 228
-0.000000 -0.126336 -0.244994 -0.250316 0.000000 0.000000 -0.002516 0.000000 0.000000 229
-0.000000 -0.127242 -0.246376 -0.250316 0.000000 0.000000 -0.002516 0.000000 0.000000 230
-0.000000 -0.128151 -0.247762 -0.250316 0.000000 0.000000 -0.002516 0.000000 0.000000 231
-0.000000 -0.129064 -0.249150 -0.250316 0.000000 0.000000 -0.002516 0.000000 0.000000 232
-0.000000 -0.129981 -0.250542 -0.250316 0.000000 0.000000 -0.002516 0.000000 0.000000 233
-0.000000 -0.130901 -0.251938 -0.250316 0.000000 0.000000 -0.002516 0.000000 0.000000 234
-0.000000 -0.131826 -0.253336 -0.250316 0.000000 0.000000 -0.002516 0.000000 0.000000 235
-0.000000 -0.132753 -0.254738 -0.250316 0.000000 0.000000 -0.002516 0.000000 0.000000 236
-0.000000 -0.133685 -0.256143 -0.250316 0.000000 0.000000 -0.002516 0.000000 0.000000 237
-0.000000 -0.134620 -0.257552 -0.250316 0.000000 0.000000 -0.002516 0.000000 0.000000 238
-0.000000 -0.135559 -0.258964 -0.250316 0.000000 0.000000 -0.002516 0.000000 0.000000 239
-0.000000 -0.136502 -0.260379 -0.250316 0.000000 0.000000 -0.002516 0.000000 0.000000 240
-0.000000 -0.137449 -0.261798 -0.250316 0.000000 0.000000 -0.002516 0.000000 0.000000 241
-0.000000 -0.138399 -0.263220 -0.250316 0.000000 0.000000 -0.002516 0.000000 0.000000 242
-0.000000 -0.139353 -0.264645 -0.250316 0.000000 0.000000 -0.002516 0.000000 0.000000 243
-0.000000 -0.140310 -0.266074 -0.250316 0.000000 0.000000 -0.002516 0.000000 0.000000 244
-0.000000 -0.141272 -0.267506 -0.250316 0.000000 0.000000 -0.002516 0.000000 0.000000 245
-0.000000 -0.142237 -0.268942 -0.250316 0.000000 0.000000 -0.002516 0.000000 0.000000 246
-0.000000 -0.143206 -0.270381 -0.250316 0.000000 0.000000 -0.002516 0.000000 0.000000 247
-0.000000 -0.144179 -0.271823 -0.250316 0.000000 0.000000 -0.002516 0.000000 0.000000 248
-0.000000 -0.145156 -0.273269 -0.250316 0.000000 0.000000 -0.002516 0.000000 0.000000 249
-0.000000 -0.146136 -0.274718 -0.250316 0.000000 0.000000 -0.002516 0.000000 0.000000 250
-0.000000 -0.147121 -0.276171 -0.250316 0.000000 0.000000 -0.002516 0.000000 0.000000 251
-0.000000 -0.148109 -0.277627 -0.250316 0.000000 0.000000 -0.002516 0.000000 0.000000 252
-0.000000 -0.149101 -0.279087 -0.250316 0.000000 0.000000 -0.002516 0.000000 0.000000 253
-0.000000 -0.150097 -0.280550 -0.250316 0.000000 0.000000 -0.002516 0.000000 0.000000 254
-0.000000 -0.151097 -0.282017 -0.250316 0.000000 0.000000 -0.002516 0.000000 0.000000 255
-0.000000 -0.152100 -0.283487 -0.250316 0.000000 0.000000 -0.002516 0.000000 0.000000 256
-0.000000 -0.153108 -0.284961 -0.250316 0.000000 0.000000 -0.002516 0.000000 0.000000 257
-0.000000 -0.154119 -0.286438 -0.250316 0.000000 0.000000 -0.002516 0.000000 0.000000 258
-0.000000 -0.155135 -0.287919 -0.250316 0.000000 0.000000 -0.002516 0.000000 0.000000 259
-0.000000 -0.156154 -0.289403 -0.250316 0.000000 0.000000 -0.002516 0.000000 0.000000 260
-0.000000 -0.157177 -0.290891 -0.250316 0.000000 0.000000 -0.002516 0.000000 0.000000 261
-0.000000 -0.158204 -0.292382 -0.250316 0.000000 0.000000 -0.002516 0.000000 0.000000 262
-0.000000 -0.159235 -0.293877 -0.250316 0.000000 0.000000 -0.002516 0.000000 0.000000 263
-0.000000 -0.160270 -0.295375 -0.250316 0.000000 0.000000 -0.002516 0.000000 0.000000 264
-0.000000 -0.161309 -0.296877 -0.250316 0.000000 0.000000 -0.002516 0.000000 0.000000 265
-0.000000 -0.162352 -0.298383 -0.250316 0.000000 0.000000 -0.002516 0.000000 0.000000 266
-0.000000 -0.163399 -0.299892 -0.250316 0.000000 0.000000 -0.002516 0.000000 0.000000 267
-0.000000 -0.164450 -0.301405 -0.250316 0.000000 0.000000 -0.002516 0.000000 0.000000 268
-0.000000 -0.165504 -0.302922 -0.250316 0.000000 0.000000 -0.002516 0.000000 0.000000 269
-0.000000 -0.166563 -0.304442 -0.250316 0.000000 0.000000 -0.002516 0.000000 0.000000 270
-0.000000 -0.167626 -0.305966 -0.250316 0.000000 0.000000 -0.002516 0.000000 0.000000 271
-0.000000 -0.168693 -0.307493 -0.250316 0.000000 0.000000 -0.002516 0.000000 0.000000 272
-0.000000 -0.169764 -0.309024 -0.250316 0.000000 0.000000 -0.002516 0.000000 0.000000 273
-0.000000 -0.170839 -0.310559 -0.250316 0.000000 0.000000 -0.002516 0.000000 0.000000 274
-0.000000 -0.171918 -0.312097 -0.250316 0.000000 0.000000 -0.002516 0.000000 0.000000 275
-0.000000 -0.173001 -0.313639 -0.250316 0.000000 0.000000 -0.002516 0.000000 0.000000 276
-0.000000 -0.174088 -0.315185 -0.250316 0.000000 0.000000 -0.002516 0.000000 0.000000 277
-0.000000 -0.175180 -0.316734 -0.250316 0.000000 0.000000 -0.002516 0.000000 0.000000 278
-0.000000 -0.176275 -0.318287 -0.250316 0.000000 0.000000 -0.002516 0.000000 0.000000 279
-0.000000 -0.177375 -0.319844 -0.250316 0.000000 0.000000 -0.002516 0.000000 0.000000 280
-0.000000 -0.178478 -0.321405 -0.250316 0.000000 0.000000 -0.002516 0.000000 0.000000 281
-0.000000 -0.179586 -0.322969 -0.250316 0.000000 0.000000 -0.002516 0.000000 0.000000 282
-0.000000 -0.180698 -0.324537 -0.250316 0.000000 0.000000 -0.002516 0.000000 0.000000 283
-0.000000 -0.181814 -0.326109 -0.250316 0.000000 0.000000 -0.002516 0.000000 0.000000 284
-0.000000 -0.182934 -0.327685 -0.250316 0.000000 0.000000 -0.002516 0.000000 0.000000 285
-0.000000 -0.184058 -0.329264 -0.250316 0.000000 0.000000 -0.002516 0.000000 0.000000 286
-0.000000 -0.185187 -0.330848 -0.250316 0.000000 0.000000 -0.002516 0.000000 0.000000 287
-0.000000 -0.186319 -0.332435 -0.250316 0.000000 0.000000 -0.002516 0.000000 0.000000 288
-0.000000 -0.187456 -0.334025 -0.250316 0.000000 0.000000 -0.002516 0.000000 0.000000 289
-0.000000 -0.188597 -0.335620 -0.250316 0.000000 0.000000 -0.002516 0.000000 0.000000 290
-0.000000 -0.189743 -0.337218 -0.250316 0.000000 0.000000 -0.002516 0.000000 0.000000 291
-0.000000 -0.190892 -0.338821 -0.250316 0.000000 0.000000 -0.002516 0.000000 0.000000 292
-0.000000 -0.192046 -0.340427 -0.250316 0.000000 0.000000 -0.002516 0.000000 0.000000 293
-0.000000 -0.193204 -0.342037 -0.250316 0.000000 0.000000 -0.002516 0.000000 0.000000 294
-0.000000 -0.194366 -0.343651 -0.250316 0.000000 0.000000 -0.002516 0.000000 0.000000 295
-0.000000 -0.195533 -0.345268 -0.250316 0.000000 0.000000 -0.002516 0.000000 0.000000 296
-0.000000 -0.196704 -0.346890 -0.250316 0.000000 0.000000 -0.002516 0.000000 0.000000 297
-0.000000 -0.197879 -0.348516 -0.250316 0.000000 0.000000 -0.002516 0.000000 0.000000 298
-0.000000 -0.199058 -0.350145 -0.250316 0.000000 0.000000 -0.002516 0.000000 0.000000 299
-0.000000 -0.200242 -0.351778 -0.250316 0.000000 0.000000 -0.002516 0.000000 0.000000 300
-0.000000 -0.201430 -0.353416 -0.250316 0.000000 0.000000 -0.002516 0.000000 0.000000 301
-0.000000 -0.202622 -0.355057 -0.250316 0.000000 0.000000 -0.002516 0.000000 0.000000 302
-0.000000 -0.203819 -0.356702 -0.250316 0.000000 0.000000 -0.002516 0.000000 0.000000 303
-0.000000 -0.205020 -0.358351 -0.250316 0.000000 0.000000 -0.002516 0.000000 0.000000 304
-0.000000 -0.206225 -0.360004 -0.250316 0.000000 0.000000 -0.002516 0.000000 0.000000 305
-0.000000 -0.207435 -0.361661 -0.250316 0.000000 0.000000 -0.002516 0.000000 0.000000 306
-0.000000 -0.208649 -0.363322 -0.250316 0.000000 0.000000 -0.002516 0.000000 0.000000 307
-0.000000 -0.209868 -0.364987 -0.250316 0.000000 0.000000 -0.002516 0.000000 0.000000 308
-0.000000 -0.211091 -0.366657 -0.250316 0.000000 0.000000 -0.002516 0.000000 0.000000 309
-0.000000 -0.212318 -0.368330 -0.250316 0.000000 0.000000 -0.002516 0.000000 0.000000 310
-0.000000 -0.213550 -0.370007 -0.250316 0.000000 0.000000 -0.002516 0.000000 0.000000 311
-0.000000 -0.214786 -0.371688 -0.250316 0.000000 0.000000 -0.002516 0.000000 0.000000 312
-0.000000 -0.216027 -0.373373 -0.250316 0.000000 0.000000 -0.002516 0.000000 0.000000 313
-0.000000 -0.217272 -0.375062 -0.250316 0.000000 0.000000 -0.002516 0.000000 0.000000 314
-0.000000 -0.218522 -0.376756 -0.250316 0.000000 0.000000 -0.002516 0.000000 0.000000 315
-0.000000 -0.219776 -0.378453 -0.250316 0.000000 0.000000 -0.002516 0.000000 0.000000 316
-0.000000 -0.221034 -0.380155 -0.250316 0.000000 0.000000 -0.002516 0.000000 0.000000 317
-0.000000 -0.222297 -0.381860 -0.250316 0.000000 0.000000 -0.002516 0.000000 0.000000 318
-0.000000 -0.223565 -0.383570 -0.250316 0.000000 0.000000 -0.002516 0.000000 0.000000 319
-0.000000 -0.224837 -0.385284 -0.250316 0.000000 0.000000 -0.002516 0.000000 0.000000 320
-0.000000 -0.226114 -0.387002 -0.250316 0.000000 0.000000 -0.002516 0.000000 0.000000 321
-0.000000 -0.227395 -0.388724 -0.250316 0.000000 0.000000 -0.002516 0.000000 0.000000 322
-0.000000 -0.228681 -0.390450 -0.250316 0.000000 0.000000 -0.002516 0.000000 0.000000 323
-0.000000 -0.229971 -0.392181 -0.250316 0.000000 0.000000 -0.002516 0.000000 0.000000 324
-0.000000 -0.231266 -0.393915 -0.250316 0.000000 0.000000 -0.002516 0.000000 0.000000 325
-0.000000 -0.232565 -0.395654 -0.250316 0.000000 0.000000 -0.002516 0.000000 0.000000 326
-0.000000 -0.233869 -0.397397 -0.250316 0.000000 0.000000 -0.002516 0.000000 0.000000 327
-0.000000 -0.235178 -0.399145 -0.250316 0.000000 0.000000 -0.002516 0.000000 0.000000 328
-0.000000 -0.236491 -0.400896 -0.250316 0.000000 0.000000 -0.002516 0.000000 0.000000 329
-0.000000 -0.237809 -0.402652 -0.250316 0.000000 0.000000 -0.002516 0.000000 0.000000 330
-0.000000 -0.239132 -0.404412 -0.250316 0.000000 0.000000 -0.002516 0.000000 0.000000 331
-0.000000 -0.240459 -0.406176 -0.250316 0.000000 0.000000 -0.002516 0.000000 0.000000 332
-0.000000 -0.241791 -0.407944 -0.250316 0.000000 0.000000 -0.002516 0.000000 0.000000 333
-0.000000 -0.243127 -0.409717 -0.250316 0.000000 0.000000 -0.002516 0.000000 0.000000 334
-0.000000 -0.244469 -0.411494 -0.250316 0.000000 0.000000 -0.002516 0.000000 0.000000 335
-0.000000 -0.245815 -0.413275 -0.250316 0.000000 0.000000 -0.002516 0.000000 0.000000 336
-0.000000 -0.247165 -0.415061 -0.250316 0.000000 0.000000 -0.002516 0.000000 0.000000 337
-0.000000 -0.248521 -0.416851 -0.250316 0.000000 0.000000 -0.002516 0.000000 0.000000 338
-0.000000 -0.249881 -0.418645 -0.250316 0.000000 0.000000 -0.002516 0.000000 0.000000 339
-0.000000 -0.251246 -0.420444 -0.250316 0.000000 0.000000 -0.002516 0.000000 0.000000 340
-0.000000 -0.252615 -0.422247 -0.250316 0.000000 0.000000 -0.002516 0.000000 0.000000 341
-0.000000 -0.253990 -0.424054 -0.250316 0.000000 0.000000 -0.002516 0.000000 0.000000 342
-0.000000 -0.255369 -0.425866 -0.250316 0.000000 0.000000 -0.002516 0.000000 0.000000 343
-0.000000 -0.256753 -0.427682 -0.250316 0.000000 0.000000 -0.002516 0.000000 0.000000 344
-0.000000 -0.258142 -0.429502 -0.250316 0.000000 0.000000 -0.002516 0.000000 0.000000 345
-0.000000 -0.259535 -0.431327 -0.250316 0.000000 0.000000 -0.002516 0.000000 0.000000 346
-0.000000 -0.260934 -0.433157 -0.250316 0.000000 0.000000 -0.002516 0.000000 0.000000 347
-0.000000 -0.262337 -0.434990 -0.250316 0.000000 0.000000 -0.002516 0.000000 0.000000 348
-0.000000 -0.263745 -0.436829 -0.250316 0.000000 0.000000 -0.002516 0.000000 0.000000 349
-0.000000 -0.265158 -0.438671 -0.250316 0.000000 0.000000 -0.002516 0.000000 0.000000 350
-0.000000 -0.266576 -0.440518 -0.250316 0.000000 0.000000 -0.002516 0.000000 0.000000 351
-0.000000 -0.267999 -0.442370 -0.250316 0.000000 0.000000 -0.002516 0.000000 0.000000 352
-0.000000 -0.269427 -0.444226 -0.250316 0.000000 0.000000 -0.002516 0.000000 0.000000 353
-0.000000 -0.270859 -0.446087 -0.250316 0.000000 0.000000 -0.002516 0.000000 0.000000 354
-0.000000 -0.272297 -0.447952 -0.250316 0.000000 0.000000 -0.002516 0.000000 0.000000 355
-0.000000 -0.273739 -0.449822 -0.250316 0.000000 0.000000 -0.002516 0.000000 0.000000 356
-0.000000 -0.275187 -0.451696 -0.250316 0.000000 0.000000 -0.002516 0.000000 0.000000 357
-0.000000 -0.276639 -0.453574 -0.250316 0.000000 0.000000 -0.002516 0.000000 0.000000 358
-0.000000 -0.278096 -0.455458 -0.250316 0.000000 0.000000 -0.002516 0.000000 0.000000 359
-0.000000 -0.279559 -0.457346 -0.250316 0.000000 0.000000 -0.002516 0.000000 0.000000 360
-0.000000 -0.281026 -0.459238 -0.250316 0.000000 0.000000 -0.002516 0.000000 0.000000 361
-0.000000 -0.282498 -0.461135 -0.250316 0.000000 0.000000 -0.002516 0.000000 0.000000 362
-0.000000 -0.283976 -0.463037 -0.250316 0.000000 0.000000 -0.002516 0.000000 0.000000 363
-0.000000 -0.285458 -0.464943 -0.250316 0.000000 0.000000 -0.002516 0.000000 0.000000 364
-0.000000 -0.286945 -0.466854 -0.250316 0.000000 0.000000 -0.002516 0.000000 0.000000 365
-0.000000 -0.288438 -0.468769 -0.250316 0.000000 0.000000 -0.002516 0.000000 0.000000 366
-0.000000 -0.289935 -0.470690 -0.250316 0.000000 0.000000 -0.002516 0.000000 0.000000 367
-0.000000 -0.291438 -0.472615 -0.250316 0.000000 0.000000 -0.002516 0.000000 0.000000 368
-0.000000 -0.292946 -0.474544 -0.250316 0.000000 0.000000 -0.002516 0.000000 0.000000 369
-0.000000 -0.294459 -0.476478 -0.250316 0.000000 0.000000 -0.002516 0.000000 0.000000 370
-0.000000 -0.295977 -0.478417 -0.250316 0.000000 0.000000 -0.002516 0.000000 0.000000 371
-0.000000 -0.297500 -0.480361 -0.250316 0.000000 0.000000 -0.002516 0.000000 0.000000 372
-0.000000 -0.299028 -0.482309 -0.250316 0.000000 0.000000 -0.002516 0.000000 0.000000 373
-0.000000 -0.300561 -0.484262 -0.250316 0.000000 0.000000 -0.002516 0.000000 0.000000 374
-0.000000 -0.302100 -0.486220 -0.250316 0.000000 0.000000 -0.002516 0.000000 0.000000 375
-0.000000 -0.303644 -0.488183 -0.250316 0.000000 0.000000 -0.002516 0.000000 0.000000 376
-0.000000 -0.305193 -0.490150 -0.250316 0.000000 0.000000 -0.002516 0.000000 0.000000 377
-0.000000 -0.306747 -0.492123 -0.250316 0.000000 0.000000 -0.002516 0.000000 0.000000 378
-0.000000 -0.308306 -0.494100 -0.250316 0.000000 0.000000 -0.002516 0.000000 0.000000 379
-0.000000 -0.309871 -0.496081 -0.250316 0.000000 0.000000 -0.002516 0.000000 0.000000 380
-0.000000 -0.311441 -0.498068 -0.250316 0.000000 0.000000 -0.002516 0.000000 0.000000 381
-0.000000 -0.313016 -0.500060 -0.250316 0.000000 0.000000 -0.002516 0.000000 0.000000 382
-0.000000 -0.314596 -0.502056 -0.250316 0.000000 0.000000 -0.002516 0.000000 0.000000 383
-0.000000 -0.316182 -0.504057 -0.250316 0.000000 0.000000 -0.002516 0.000000 0.000000 384
-0.000000 -0.317773 -0.506063 -0.250316 0.000000 0.000000 -0.002516 0.000000 0.000000 385
-0.000000 -0.319369 -0.508074 -0.250316 0.000000 0.000000 -0.002516 0.000000 0.000000 386
-0.000000 -0.320971 -0.510090 -0.250316 0.000000 0.000000 -0.002516 0.000000 0.000000 387
-0.000000 -0.322578 -0.512111 -0.250316 0.000000 0.000000 -0.002516 0.000000 0.000000 388
-0.000000 -0.324190 -0.514137 -0.250316 0.000000 0.000000 -0.002516 0.000000 0.000000 389
-0.000000 -0.325808 -0.516167 -0.250316 0.000000 0.000000 -0.002516 0.000000 0.000000 390
-0.000000 -0.327431 -0.518203 -0.250316 0.000000 0.000000 -0.002516 0.000000 0.000000 391
-0.000000 -0.329059 -0.520243 -0.250316 0.000000 0.000000 -0.002516 0.000000 0.000000 392
-0.000000 -0.330693 -0.522289 -0.250316 0.000000 0.000000 -0.002516 0.000000 0.000000 393
-0.000000 -0.332332 -0.524339 -0.250316 0.000000 0.000000 -0.002516 0.000000 0.000000 394
-0.000000 -0.333977 -0.526395 -0.250316 0.000000 0.000000 -0.002516 0.000000 0.000000 395
-0.000000 -0.335627 -0.528456 -0.250316 0.000000 0.000000 -0.002516 0.000000 0.000000 396
-0.000000 -0.337283 -0.530521 -0.250316 0.000000 0.000000 -0.002516 0.000000 0.000000 397
-0.000000 -0.338944 -0.532592 -0.250316 0.000000 0.000000 -0.002516 0.000000 0.000000 398
-0.000000 -0.340610 -0.534667 -0.250316 0.000000 0.000000 -0.002516 0.000000 0.000000 399
-0.000000 -0.342282 -0.536748 -0.250316 0.000000 0.000000 -0.002516 0.000000 0.000000 400
-0.000000 -0.343960 -0.538834 -0.250316 0.000000 0.000000 -0.002516 0.000000 0.000000 401
-0.000000 -0.345643 -0.540925 -0.250316 0.000000 0.000000 -0.002516 0.000000 0.000000 402
-0.000000 -0.347332 -0.543021 -0.250316 0.000000 0.000000 -0.002516 0.000000 0.000000 403
-0.000000 -0.349026 -0.545122 -0.250316 0.000000 0.000000 -0.002516 0.000000 0.000000 404
-0.000000 -0.350726 -0.547228 -0.250316 0.000000 0.000000 -0.002516 0.000000 0.000000 405
-0.000000 -0.352431 -0.549340 -0.250316 0.000000 0.000000 -0.002516 0.000000 0.000000 406
-0.000000 -0.354142 -0.551457 -0.250316 0.000000 0.000000 -0.002516 0.000000 0.000000 407
-0.000000 -0.355858 -0.553578 -0.250316 0.000000 0.000000 -0.002516 0.000000 0.000000 408
-0.000000 -0.357581 -0.555705 -0.250316 0.000000 0.000000 -0.002516 0.000000 0.000000 409
-0.000000 -0.359308 -0.557837 -0.250316 0.000000 0.000000 -0.002516 0.000000 0.000000 410
-0.000000 -0.361042 -0.559975 -0.250316 0.000000 0.000000 -0.002516 0.000000 0.000000 411
-0.000000 -0.362781 -0.562117 -0.250316 0.000000 0.000000 -0.002516 0.000000 0.000000 412
-0.000000 -0.364526 -0.564265 -0.250316 0.000000 0.000000 -0.002516 0.000000 0.000000 413
-0.000000 -0.366276 -0.566418 -0.250316 0.000000 0.000000 -0.002516 0.000000 0.000000 414
-0.000000 -0.368032 -0.568577 -0.250316 0.000000 0.000000 -0.002516 0.000000 0.000000 415
-0.000000 -0.369794 -0.570740 -0.250316 0.000000 0.000000 -0.002516 0.000000 0.000000 416
-0.000000 -0.371562 -0.572909 -0.250316 0.000000 0.000000 -0.002516 0.000000 0.000000 417
-0.000000 -0.373335 -0.575084 -0.250316 0.000000 0.000000 -0.002516 0.000000 0.000000 418
-0.000000 -0.375114 -0.577263 -0.250316 0.000000 0.000000 -0.002516 0.000000 0.000000 419
-0.000000 -0.376899 -0.579448 -0.250316 0.000000 0.000000 -0.002516 0.000000 0.000000 420
-0.000000 -0.378690 -0.581638 -0.250316 0.000000 0.000000 -0.002516 0.000000 0.000000 421
-0.000000 -0.380487 -0.583834 -0.250316 0.000000 0.000000 -0.002516 0.000000 0.000000 422
-0.000000 -0.382289 -0.586035 -0.250316 0.000000 0.000000 -0.002516 0.000000 0.000000 423
-0.000000 -0.384097 -0.588241 -0.250316 0.000000 0.000000 -0.002516 0.000000 0.000000 424
-0.000000 -0.385911 -0.590453 -0.250316 0.000000 0.000000 -0.002516 0.000000 0.000000 425
-0.000000 -0.387731 -0.592670 -0.250316 0.000000 0.000000 -0.002516 0.000000 0.000000 426
-0.000000 -0.389557 -0.594893 -0.250316 0.000000 0.000000 -0.002516 0.000000 0.000000 427
-0.000000 -0.391388 -0.597121 -0.250316 0.000000 0.000000 -0.002516 0.000000 0.000000 428
-0.000000 -0.393226 -0.599355 -0.250316 0.000000 0.000000 -0.002516 0.000000 0.000000 429
-0.000000 -0.395069 -0.601594 -0.250316 0.000000 0.000000 -0.002516 0.000000 0.000000 430
-0.000000 -0.396919 -0.603838 -0.250316 0.000000 0.000000 -0.002516 0.000000 0.000000 431
-0.000000 -0.398774 -0.606088 -0.250316 0.000000 0.000000 -0.002516 0.000000 0.000000 432
-0.000000 -0.400635 -0.608344 -0.250316 0.000000 0.000000 -0.002516 0.000000 0.000000 433
-0.000000 -0.402503 -0.610605 -0.250316 0.000000 0.000000 -0.002516 0.000000 0.000000 434
-0.000000 -0.404376 -0.612872 -0.250316 0.000000 0.000000 -0.002516 0.000000 0.000000 435
-0.000000 -0.406255 -0.615144 -0.250316 0.000000 0.000000 -0.002516 0.000000 0.000000 436
-0.000000 -0.408141 -0.617422 -0.250316 0.000000 0.000000 -0.002516 0.000000 0.000000 437
-0.000000 -0.410032 -0.619705 -0.250316 0.000000 0.000000 -0.002516 0.000000 0.000000 438
-0.000000 -0.411929 -0.621994 -0.250316 0.000000 0.000000 -0.002516 0.000000 0.000000 439
-0.000000 -0.413833 -0.624289 -0.250316 0.000000 0.000000 -0.002516 0.000000 0.000000 440
-0.000000 -0.415743 -0.626589 -0.250316 0.000000 0.000000 -0.002516 0.000000 0.000000 441
-0.000000 -0.417658 -0.628895 -0.250316 0.000000 0.000000 -0.002516 0.000000 0.000000 442
-0.000000 -0.419580 -0.631206 -0.250316 0.000000 0.000000 -0.002516 0.000000 0.000000 443
-0.000000 -0.421508 -0.633523 -0.250316 0.000000 0.000000 -0.002516 0.000000 0.000000 444
-0.000000 -0.423442 -0.635846 -0.250316 0.000000 0.000000 -0.002516 0.000000 0.000000 445
-0.000000 -0.425382 -0.638175 -0.250316 0.000000 0.000000 -0.002516 0.000000 0.000000 446
-0.000000 -0.427329 -0.640509 -0.250316 0.000000 0.000000 -0.002516 0.000000 0.000000 447
-0.000000 -0.429281 -0.642849 -0.250316 0.000000 0.000000 -0.002516 0.000000 0.000000 448
-0.000000 -0.431240 -0.645195 -0.250316 0.000000 0.000000 -0.002516 0.000000 0.000000 449
-0.000000 -0.433205 -0.647547 -0.250316 0.000000 0.000000 -0.002516 0.000000 0.000000 450
-0.000000 -0.435176 -0.649904 -0.250316 0.000000 0.000000 -0.002516 0.000000 0.000000 451
-0.000000 -0.437154 -0.652267 -0.250316 0.000000 0.000000 -0.002516 0.000000 0.000000 452
-0.000000 -0.439138 -0.654636 -0.250316 0.000000 0.000000 -0.002516 0.000000 0.000000 453
-0.000000 -0.441128 -0.657011 -0.250316 0.000000 0.000000 -0.002516 0.000000 0.000000 454
-0.000000 -0.443124 -0.659392 -0.250316 0.000000 0.000000 -0.002516 0.000000 0.000000 455
-0.000000 -0.445127 -0.661778 -0.250316 0.000000 0.000000 -0.002516 0.000000 0.000000 456
-0.000000 -0.447136 -0.664171 -0.250316 0.000000 0.000000 -0.002516 0.000000 0.000000 457
-0.000000 -0.449151 -0.666569 -0.250316 0.000000 0.000000 -0.002516 0.000000 0.000000 458
-0.000000 -0.451173 -0.668973 -0.250316 0.000000 0.000000 -0.002516 0.000000 0.000000 459
-0.000000 -0.453201 -0.671383 -0.250316 0.000000 0.000000 -0.002516 0.000000 0.000000 460
-0.000000 -0.455235 -0.673799 -0.250316 0.000000 0.000000 -0.002516 0.000000 0.000000 461
-0.000000 -0.457276 -0.676221 -0.250316 0.000000 0.000000 -0.002516 0.000000 0.000000 462
-0.000000 -0.459323 -0.678649 -0.250316 0.000000 0.000000 -0.002516 0.000000 0.000000 463
-0.000000 -0.461377 -0.681083 -0.250316 0.000000 0.000000 -0.002516 0.000000 0.000000 464
-0.000000 -0.463437 -0.683523 -0.250316 0.000000 0.000000 -0.002516 0.000000 0.000000 465
-0.000000 -0.465504 -0.685969 -0.250316 0.000000 0.000000 -0.002516 0.000000 0.000000 466
-0.000000 -0.467577 -0.688421 -0.250316 0.000000 0.000000 -0.002516 0.000000 0.000000 467
-0.000000 -0.469657 -0.690879 -0.250316 0.000000 0.000000 -0.002516 0.000000 0.000000 468
-0.000000 -0.471743 -0.693343 -0.250316 0.000000 0.000000 -0.002516 0.000000 0.000000 469
-0.000000 -0.473836 -0.695813 -0.250316 0.000000 0.000000 -0.002516 0.000000 0.000000 470
-0.000000 -0.475935 -0.698289 -0.250316 0.000000 0.000000 -0.002516 0.000000 0.000000 471
-0.000000 -0.478041 -0.700771 -0.250316 0.000000 0.000000 -0.002516 0.000000 0.000000 472
-0.000000 -0.480153 -0.703260 -0.250316 0.000000 0.000000 -0.002516 0.000000 0.000000 473
-0.000000 -0.482272 -0.705754 -0.250316 0.000000 0.000000 -0.002516 0.000000 0.000000 474
-0.000000 -0.484398 -0.708255 -0.250316 0.000000 0.000000 -0.002516 0.000000 0.000000 475
-0.000000 -0.486530 -0.710762 -0.250316 0.000000 0.000000 -0.002516 0.000000 0.000000 476
-0.000000 -0.488669 -0.713275 -0.250316 0.000000 0.000000 -0.002516 0.000000 0.000000 477
-0.000000 -0.490815 -0.715794 -0.250316 0.000000 0.000000 -0.002516 0.000000 0.000000 478
-0.000000 -0.492967 -0.718320 -0.250316 0.000000 0.000000 -0.002516 0.000000 0.000000 479
-0.000000 -0.495126 -0.720851 -0.250316 0.000000 0.000000 -0.002516 0.000000 0.000000 480
-0.000000 -0.497292 -0.723389 -0.250316 0.000000 0.000000 -0.002516 0.000000 0.000000 481
-0.000000 -0.499465 -0.725933 -0.250316 0.000000 0.000000 -0.002516 0.000000 0.000000 482
-0.000000 -0.501644 -0.728484 -0.250316 0.000000 0.000000 -0.002516 0.000000 0.000000 483
-0.000000 -0.503830 -0.731041 -0.250316 0.000000 0.000000 -0.002516 0.000000 0.000000 484
-0.000000 -0.506023 -0.733604 -0.250316 0.000000 0.000000 -0.002516 0.000000 0.000000 485
-0.000000 -0.508222 -0.736173 -0.250316 0.000000 0.000000 -0.002516 0.000000 0.000000 486
-0.000000 -0.510429 -0.738749 -0.250316 0.000000 0.000000 -0.002516 0.000000 0.000000 487
-0.000000 -0.512642 -0.741331 -0.250316 0.000000 0.000000 -0.002516 0.000000 0.000000 488
-0.000000 -0.514862 -0.743919 -0.250316 0.000000 0.000000 -0.002516 0.000000 0.000000 489
-0.000000 -0.517089 -0.746514 -0.250316 0.000000 0.000000 -0.002516 0.000000 0.000000 490
-0.000000 -0.519323 -0.749116 -0.250316 0.000000 0.000000 -0.002516 0.000000 0.000000 491
-0.000000 -0.521563 -0.751723 -0.250316 0.000000 0.000000 -0.002516 0.000000 0.000000 492
-0.000000 -0.523811 -0.754337 -0.250316 0.000000 0.000000 -0.002516 0.000000 0.000000 493
-0.000000 -0.526066 -0.756958 -0.250316 0.000000 0.000000 -0.002516 0.000000 0.000000 494
-0.000000 -0.528327 -0.759585 -0.250316 0.000000 0.000000 -0.002516 0.000000 0.000000 495
-0.000000 -0.530596 -0.762219 -0.250316 0.000000 0.000000 -0.002516 0.000000 0.000000 496
-0.000000 -0.532871 -0.764859 -0.250316 0.000000 0.000000 -0.002516 0.000000 0.000000 497
-0.000000 -0.535154 -0.767505 -0.250316 0.000000 0.000000 -0.002516 0.000000 0.000000 498
-0.000000 -0.537444 -0.770159 -0.250316 0.000000 0.000000 -0.002516 0.000000 0.000000 499
-0.000000 -0.539740 -0.772818 -0.250316 0.000000 0.000000 -0.002516 0.000000 0.000000 500
-0.000000 -0.542044 -0.775485 -0.250316 0.000000 0.000000 -0.002516 0.000000 0.000000 501
-0.000000 -0.544355 -0.778158 -0.250316 0.000000 0.000000 -0.002516 0.000000 0.000000 502
-0.000000 -0.546673 -0.780837 -0.250316 0.000000 0.000000 -0.002516 0.000000 0.000000 503
-0.000000 -0.548998 -0.783523 -0.250316 0.000000 0.000000 -0.002516 0.000000 0.000000 504
-0.000000 -0.551330 -0.786216 -0.250316 0.000000 0.000000 -0.002516 0.000000 0.000000 505
-0.000000 -0.553669 -0.788916 -0.250316 0.000000 0.000000 -0.002516 0.000000 0.000000 506
-0.000000 -0.556015 -0.791622 -0.250316 0.000000 0.000000 -0.002516 0.000000 0.000000 507
-0.000000 -0.558369 -0.794335 -0.250316 0.000000 0.000000 -0.002516 0.000000 0.000000 508
-0.000000 -0.560730 -0.797054 -0.250316 0.000000 0.000000 -0.002516 0.000000 0.000000 509
-0.000000 -0.563098 -0.799780 -0.250316 0.000000 0.000000 -0.002516 0.000000 0.000000 510
-0.000000 -0.565473 -0.802513 -0.250316 0.000000 0.000000 -0.002516 0.000000 0.000000 511
-0.000000 -0.567856 -0.805253 -0.250316 0.000000 0.000000 -0.002516 0.000000 0.000000 512
-0.000000 -0.570246 -0.808000 -0.250316 0.000000 0.000000 -0.002516 0.000000 0.000000 513
-0.000000 -0.572643 -0.810753 -0.250316 0.000000 0.000000 -0.002516 0.000000 0.000000 514
-0.000000 -0.575047 -0.813513 -0.250316 0.000000 0.000000 -0.002516 0.000000 0.000000 515
-0.000000 -0.577459 -0.816280 -0.250316 0.000000 0.000000 -0.002516 0.000000 0.000000 516
-0.000000 -0.579878 -0.819054 -0.250316 0.000000 0.000000 -0.002516 0.000000 0.000000 517
-0.000000 -0.582305 -0.821835 -0.250316 0.000000 0.000000 -0.002516 0.000000 0.000000 518
-0.000000 -0.584739 -0.824623 -0.250316 0.000000 0.000000 -0.002516 0.000000 0.000000 519
-0.000000 -0.587180 -0.827417 -0.250316 0.000000 0.000000 -0.002516 0.000000 0.000000 520
-0.000000 -0.589629 -0.830219 -0.250316 0.000000 0.000000 -0.002516 0.000000 0.000000 521
-0.000000 -0.592085 -0.833027 -0.250316 0.000000 0.000000 -0.002516 0.000000 0.000000 522
-0.000000 -0.594548 -0.835843 -0.250316 0.000000 0.000000 -0.002516 0.000000 0.000000 523
-0.000000 -0.597019 -0.838665 -0.250316 0.000000 0.000000 -0.002516 0.000000 0.000000 524
-0.000000 -0.599498 -0.841495 -0.250316 0.000000 0.000000 -0.002516 0.000000 0.000000 525
-0.000000 -0.601984 -0.844331 -0.250316 0.000000 0.000000 -0.002516 0.000000 0.000000 526
-0.000000 -0.604478 -0.847174 -0.250316 0.000000 0.000000 -0.002516 0.000000 0.000000 527
-0.000000 -0.606979 -0.850025 -0.250316 0.000000 0.000000 -0.002516 0.000000 0.000000 528
-0.000000 -0.609488 -0.852882 -0.250316 0.000000 0.000000 -0.002516 0.000000 0.000000 529
-0.000000 -0.612004 -0.855747 -0.250316 0.000000 0.000000 -0.002516 0.000000 0.000000 530
-0.000000 -0.614528 -0.858619 -0.250316 0.000000 0.000000 -0.002516 0.000000 0.000000 531
-0.000000 -0.617060 -0.861498 -0.250316 0.000000 0.000000 -0.002516 0.000000 0.000000 532
-0.000000 -0.619599 -0.864384 -0.250316 0.000000 0.000000 -0.002516 0.000000 0.000000 533
-0.000000 -0.622146 -0.867277 -0.250316 0.000000 0.000000 -0.002516 0.000000 0.000000 534
-0.000000 -0.624701 -0.870177 -0.250316 0.000000 0.000000 -0.002516 0.000000 0.000000 535
-0.000000 -0.627263 -0.873085 -0.250316 0.000000 0.000000 -0.002516 0.000000 0.000000 536
-0.000000 -0.629833 -0.876000 -0.250316 0.000000 0.000000 -0.002516 0.000000 0.000000 537
-0.000000 -0.632411 -0.878922 -0.250316 0.000000 0.000000 -0.002516 0.000000 0.000000 538
-0.000000 -0.634997 -0.881851 -0.250316 0.000000 0.000000 -0.002516 0.000000 0.000000 539
-0.000000 -0.637590 -0.884788 -0.250316 0.000000 0.000000 -0.002516 0.000000 0.000000 540
-0.000000 -0.640191 -0.887732 -0.250316 0.000000 0.000000 -0.002516 0.000000 0.000000 541
-0.000000 -0.642800 -0.890683 -0.250316 0.000000 0.000000 -0.002516 0.000000 0.000000 542
-0.000000 -0.645417 -0.893641 -0.250316 0.000000 0.000000 -0.002516 0.000000 0.000000 543
-0.000000 -0.648042 -0.896607 -0.250316 0.000000 0.000000 -0.002516 0.000000 0.000000 544
-0.000000 -0.650674 -0.899581 -0.250316 0.000000 0.000000 -0.002516 0.000000 0.000000 545
-0.000000 -0.653315 -0.902561 -0.250316 0.000000 0.000000 -0.002516 0.000000 0.000000 546
-0.000000 -0.655963 -0.905549 -0.250316 0.000000 0.000000 -0.002516 0.000000 0.000000 547
-0.000000 -0.658620 -0.908545 -0.250316 0.000000 0.000000 -0.002516 0.000000 0.000000 548
-0.000000 -0.661284 -0.911548 -0.250316 0.000000 0.000000 -0.002516 0.000000 0.000000 549
-0.000000 -0.663957 -0.914558 -0.250316 0.000000 0.000000 -0.002516 0.000000 0.000000 550
-0.000000 -0.666637 -0.917576 -0.250316 0.000000 0.000000 -0.002516 0.000000 0.000000 551
-0.000000 -0.669325 -0.920601 -0.250316 0.000000 0.000000 -0.002516 0.000000 0.000000 552
-0.000000 -0.672022 -0.923634 -0.250316 0.000000 0.000000 -0.002516 0.000000 0.000000 553
-0.000000 -0.674726 -0.926675 -0.250316 0.000000 0.000000 -0.002516 0.000000 0.000000 554
-0.000000 -0.677439 -0.929723 -0.250316 0.000000 0.000000 -0.002516 0.000000 0.000000 555
-0.000000 -0.680159 -0.932778 -0.250316 0.000000 0.000000 -0.002516 0.000000 0.000000 556
-0.000000 -0.682888 -0.935841 -0.250316 0.000000 0.000000 -0.002516 0.000000 0.000000 557
-0.000000 -0.685625 -0.938912 -0.250316 0.000000 0.000000 -0.002516 0.000000 0.000000 558
-0.000000 -0.688370 -0.941991 -0.250316 0.000000 0.000000 -0.002516 0.000000 0.000000 559
-0.000000 -0.691124 -0.945077 -0.250316 0.000000 0.000000 -0.002516 0.000000 0.000000 560
-0.000000 -0.693885 -0.948171 -0.250316 0.000000 0.000000 -0.002516 0.000000 0.000000 561
-0.000000 -0.696655 -0.951272 -0.250316 0.000000 0.000000 -0.002516 0.000000 0.000000 562
-0.000000 -0.699433 -0.954382 -0.250316 0.000000 0.000000 -0.002516 0.000000 0.000000 563
-0.000000 -0.702219 -0.957499 -0.250316 0.000000 0.000000 -0.002516 0.000000 0.000000 564
-0.000000 -0.705014 -0.960623 -0.250316 0.000000 0.000000 -0.002516 0.000000 0.000000 565
-0.000000 -0.707817 -0.963756 -0.250316 0.000000 0.000000 -0.002516 0.000000 0.000000 566
-0.000000 -0.710628 -0.966896 -0.250316 0.000000 0.000000 -0.002516 0.000000 0.000000 567
-0.000000 -0.713447 -0.970044 -0.250316 0.000000 0.000000 -0.002516 0.000000 0.000000 568
-0.000000 -0.716275 -0.973200 -0.250316 0.000000 0.000000 -0.002516 0.000000 0.000000 569
-0.000000 -0.719112 -0.976364 -0.250316 0.000000 0.000000 -0.002516 0.000000 0.000000 570
-0.000000 -0.721957 -0.979536 -0.250316 0.000000 0.000000 -0.002516 0.000000 0.000000 571
-0.000000 -0.724810 -0.982716 -0.250316 0.000000 0.000000 -0.002516 0.000000 0.000000 572
-0.000000 -0.727671 -0.985903 -0.250316 0.000000 0.000000 -0.002516 0.000000 0.000000 573
-0.000000 -0.730542 -0.989099 -0.250316 0.000000 0.000000 -0.002516 0.000000 0.000000 574
-0.000000 -0.733420 -0.992302 -0.250316 0.000000 0.000000 -0.002516 0.000000 0.000000 575
-0.000000 -0.736307 -0.995514 -0.250316 0.000000 0.000000 -0.002516 0.000000 0.000000 576
-0.000000 -0.739203 -0.998733 -0.250316 0.000000 0.000000 -0.002516 0.000000 0.000000 577
-0.000000 -0.742107 -1.001961 -0.250316 0.000000 0.000000 -0.002516 0.000000 0.000000 578
-0.000000 -0.745020 -1.005196 -0.250316 0.000000 0.000000 -0.002516 0.000000 0.000000 579
-0.000000 -0.747942 -1.008440 -0.250316 0.000000 0.000000 -0.002516 0.000000 0.000000 580
-0.000000 -0.750872 -1.011692 -0.250316 0.000000 0.000000 -0.002516 0.000000 0.000000 581
-0.000000 -0.753811 -1.014952 -0.250316 0.000000 0.000000 -0.002516 0.000000 0.000000 582
-0.000000 -0.756758 -1.018220 -0.250316 0.000000 0.000000 -0.002516 0.000000 0.000000 583
-0.000000 -0.759714 -1.021496 -0.250316 0.000000 0.000000 -0.002516 0.000000 0.000000 584
-0.000000 -0.762679 -1.024780 -0.250316 0.000000 0.000000 -0.002516 0.000000 0.000000 585
-0.000000 -0.765653 -1.028072 -0.250316 0.000000 0.000000 -0.002516 0.000000 0.000000 586
-0.000000 -0.768635 -1.031373 -0.250316 0.000000 0.000000 -0.002516 0.000000 0.000000 587
-0.000000 -0.771626 -1.034682 -0.250316 0.000000 0.000000 -0.002516 0.000000 0.000000 588
-0.000000 -0.774626 -1.037999 -0.250316 0.000000 0.000000 -0.002516 0.000000 0.000000 589
-0.000000 -0.777635 -1.041325 -0.250316 0.000000 0.000000 -0.002516 0.000000 0.000000 590
-0.000000 -0.780653 -1.044659 -0.250316 0.000000 0.000000 -0.002516 0.000000 0.000000 591
-0.000000 -0.783679 -1.048001 -0.250316 0.000000 0.000000 -0.002516 0.000000 0.000000 592
-0.000000 -0.786715 -1.051351 -0.250316 0.000000 0.000000 -0.002516 0.000000 0.000000 593
-0.000000 -0.789759 -1.054710 -0.250316 0.000000 0.000000 -0.002516 0.000000 0.000000 594
-0.000000 -0.792813 -1.058078 -0.250316 0.000000 0.000000 -0.002516 0.000000 0.000000 595
-0.000000 -0.795875 -1.061453 -0.250316 0.000000 0.000000 -0.002516 0.000000 0.000000 596
-0.000000 -0.798946 -1.064837 -0.250316 0.000000 0.000000 -0.002516 0.000000 0.000000 597
-0.000000 -0.802026 -1.068230 -0.250316 0.000000 0.000000 -0.002516 0.000000 0.000000 598
-0.000000 -0.805116 -1.071631 -0.250316 0.000000 0.000000 -0.002516 0.000000 0.000000 599
-0.000000 -0.808214 -1.075040 -0.250316 0.000000 0.000000 -0.002516 0.000000 0.000000 600
-0.000000 -0.811322 -1.078459 -0.250316 0.000000 0.000000 -0.002516 0.000000 0.000000 601
-0.000000 -0.814438 -1.081885 -0.250316 0.000000 0.000000 -0.002516 0.000000 0.000000 602
-0.000000 -0.817564 -1.085320 -0.250316 0.000000 0.000000 -0.002516 0.000000 0.000000 603
-0.000000 -0.820699 -1.088764 -0.250316 0.000000 0.000000 -0.002516 0.000000 0.000000 604
-0.000000 -0.823843 -1.092216 -0.250316 0.000000 0.000000 -0.002516 0.000000 0.000000 605
-0.000000 -0.826996 -1.095677 -0.250316 0.000000 0.000000 -0.002516 0.000000 0.000000 606
-0.000000 -0.830158 -1.099147 -0.250316 0.000000 0.000000 -0.002516 0.000000 0.000000 607
-0.000000 -0.833330 -1.102625 -0.250316 0.000000 0.000000 -0.002516 0.000000 0.000000 608
-0.000000 -0.836511 -1.106113 -0.250316 0.000000 0.000000 -0.002516 0.000000 0.000000 609
-0.000000 -0.839701 -1.109608 -0.250316 0.000000 0.000000 -0.002516 0.000000 0.000000 610
-0.000000 -0.842901 -1.113113 -0.250316 0.000000 0.000000 -0.002516 0.000000 0.000000 611
-0.000000 -0.846110 -1.116626 -0.250316 0.000000 0.000000 -0.002516 0.000000 0.000000 612
-0.000000 -0.849328 -1.120148 -0.250316 0.000000 0.000000 -0.002516 0.000000 0.000000 613
-0.000000 -0.852556 -1.123679 -0.250316 0.000000 0.000000 -0.002516 0.000000 0.000000 614
-0.000000 -0.855793 -1.127219 -0.250316 0.000000 0.000000 -0.002516 0.000000 0.000000 615
-0.000000 -0.859039 -1.130767 -0.250316 0.000000 0.000000 -0.002516 0.000000 0.000000 616
-0.000000 -0.862295 -1.134325 -0.250316 0.000000 0.000000 -0.002516 0.000000 0.000000 617
-0.000000 -0.865561 -1.137891 -0.250316 0.000000 0.000000 -0.002516 0.000000 0.000000 618
-0.000000 -0.868836 -1.141467 -0.250316 0.000000 0.000000 -0.002516 0.000000 0.000000 619
-0.000000 -0.872120 -1.145051 -0.250316 0.000000 0.000000 -0.002516 0.000000 0.000000 620
-0.000000 -0.875414 -1.148644 -0.250316 0.000000 0.000000 -0.002516 0.000000 0.000000 621
-0.000000 -0.878718 -1.152246 -0.250316 0.000000 0.000000 -0.002516 0.000000 0.000000 622
-0.000000 -0.882031 -1.155858 -0.250316 0.000000 0.000000 -0.002516 0.000000 0.000000 623
-0.000000 -0.885354 -1.159478 -0.250316 0.000000 0.000000 -0.002516 0.000000 0.000000 624
-0.000000 -0.888686 -1.163107 -0.250316 0.000000 0.000000 -0.002516 0.000000 0.000000 625
-0.000000 -0.892028 -1.166746 -0.250316 0.000000 0.000000 -0.002516 0.000000 0.000000 626
-0.000000 -0.895380 -1.170394 -0.250316 0.000000 0.000000 -0.002516 0.000000 0.000000 627
-0.000000 -0.898742 -1.174050 -0.250316 0.000000 0.000000 -0.002516 0.000000 0.000000 628
-0.000000 -0.902113 -1.177716 -0.250316 0.000000 0.000000 -0.002516 0.000000 0.000000 629
-0.000000 -0.905494 -1.181391 -0.250316 0.000000 0.000000 -0.002516 0.000000 0.000000 630
-0.000000 -0.908885 -1.185076 -0.250316 0.000000 0.000000 -0.002516 0.000000 0.000000 631
-0.000000 -0.912286 -1.188769 -0.250316 0.000000 0.000000 -0.002516 0.000000 0.000000 632
-0.000000 -0.915696 -1.192472 -0.250316 0.000000 0.000000 -0.002516 0.000000 0.000000 633
-0.000000 -0.919117 -1.196184 -0.250316 0.000000 0.000000 -0.002516 0.000000 0.000000 634
-0.000000 -0.922547 -1.199906 -0.250316 0.000000 0.000000 -0.002516 0.000000 0.000000 635
-0.000000 -0.925987 -1.203636 -0.250316 0.000000 0.000000 -0.002516 0.000000 0.000000 636
-0.000000 -0.929438 -1.207377 -0.250316 0.000000 0.000000 -0.002516 0.000000 0.000000 637
-0.000000 -0.932898 -1.211126 -0.250316 0.000000 0.000000 -0.002516 0.000000 0.000000 638
-0.000000 -0.936368 -1.214885 -0.250316 0.000000 0.000000 -0.002516 0.000000 0.000000 639
-0.000000 -0.939848 -1.218653 -0.250316 0.000000 0.000000 -0.002516 0.000000 0.000000 640
-0.000000 -0.943339 -1.222431 -0.250316 0.000000 0.000000 -0.002516 0.000000 0.000000 641
-0.000000 -0.946839 -1.226218 -0.250316 0.000000 0.000000 -0.002516 0.000000 0.000000 642
-0.000000 -0.950349 -1.230015 -0.250316 0.000000 0.000000 -0.002516 0.000000 0.000000 643
-0.000000 -0.953870 -1.233822 -0.250316 0.000000 0.000000 -0.002516 0.000000 0.000000 644
-0.000000 -0.957401 -1.237637 -0.250316 0.000000 0.000000 -0.002516 0.000000 0.000000 645
-0.000000 -0.960942 -1.241463 -0.250316 0.000000 0.000000 -0.002516 0.000000 0.000000 646
-0.000000 -0.964493 -1.245298 -0.250316 0.000000 0.000000 -0.002516 0.000000 0.000000 647
-0.000000 -0.968054 -1.249143 -0.250316 0.000000 0.000000 -0.002516 0.000000 0.000000 648
-0.000000 -0.971626 -1.252997 -0.250316 0.000000 0.000000 -0.002516 0.000000 0.000000 649
-0.000000 -0.975208 -1.256861 -0.250316 0.000000 0.000000 -0.002516 0.000000 0.000000 650
-0.000000 -0.978800 -1.260735 -0.250316 0.000000 0.000000 -0.002516 0.000000 0.000000 651
-0.000000 -0.982403 -1.264618 -0.250316 0.000000 0.000000 -0.002516 0.000000 0.000000 652
-0.000000 -0.986015 -1.268511 -0.250316 0.000000 0.000000 -0.002516 0.000000 0.000000 653
-0.000000 -0.989639 -1.272415 -0.250316 0.000000 0.000000 -0.002516 0.000000 0.000000 654
-0.000000 -0.993273 -1.276327 -0.250316 0.000000 0.000000 -0.002516 0.000000 0.000000 655
-0.000000 -0.996917 -1.280250 -0.250316 0.000000 0.000000 -0.002516 0.000000 0.000000 656
-0.000000 -1.000571 -1.284182 -0.250316 0.000000 0.000000 -0.002516 0.000000 0.000000 657
-0.000000 -1.004236 -1.288125 -0.250316 0.000000 0.000000 -0.002516 0.000000 0.000000 658
-0.000000 -1.007912 -1.292077 -0.250316 0.000000 0.000000 -0.002516 0.000000 0.000000 659
-0.000000 -1.011598 -1.296039 -0.250316 0.000000 0.000000 -0.002516 0.000000 0.000000 660
-0.000000 -1.015295 -1.300012 -0.250316 0.000000 0.000000 -0.002516 0.000000 0.000000 661
-0.000000 -1.019003 -1.303994 -0.250316 0.000000 0.000000 -0.002516 0.000000 0.000000 662
-0.000000 -1.022721 -1.307986 -0.250316 0.000000 0.000000 -0.002516 0.000000 0.000000 663
-0.000000 -1.026449 -1.311988 -0.250316 0.000000 0.000000 -0.002516 0.000000 0.000000 664
-0.000000 -1.030189 -1.316001 -0.250316 0.000000 0.000000 -0.002516 0.000000 0.000000 665
-0.000000 -1.033939 -1.320023 -0.250316 0.000000 0.000000 -0.002516 0.000000 0.000000 666
-0.000000 -1.037700 -1.324056 -0.250316 0.000000 0.000000 -0.002516 0.000000 0.000000 667
-0.000000 -1.041471 -1.328098 -0.250316 0.000000 0.000000 -0.002516 0.000000 0.000000 668
-0.000000 -1.045254 -1.332151 -0.250316 0.000000 0.000000 -0.002516 0.000000 0.000000 669
-0.000000 -1.049047 -1.336214 -0.250316 0.000000 0.000000 -0.002516 0.000000 0.000000 670
-0.000000 -1.052851 -1.340288 -0.250316 0.000000 0.000000 -0.002516 0.000000 0.000000 671
-0.000000 -1.056666 -1.344371 -0.250316 0.000000 0.000000 -0.002516 0.000000 0.000000 672
-0.000000 -1.060492 -1.348465 -0.250316 0.000000 0.000000 -0.002516 0.000000 0.000000 673
-0.000000 -1.064328 -1.352569 -0.250316 0.000000 0.000000 -0.002516 0.000000 0.000000 674
-0.000000 -1.068176 -1.356683 -0.250316 0.000000 0.000000 -0.002516 0.000000 0.000000 675
-0.000000 -1.072035 -1.360808 -0.250316 0.000000 0.000000 -0.002516 0.000000 0.000000 676
-0.000000 -1.075905 -1.364943 -0.250316 0.000000 0.000000 -0.002516 0.000000 0.000000 677
-0.000000 -1.079785 -1.369089 -0.250316 0.000000 0.000000 -0.002516 0.000000 0.000000 678
-0.000000 -1.083677 -1.373245 -0.250316 0.000000 0.000000 -0.002516 0.000000 0.000000 679
-0.000000 -1.087580 -1.377412 -0.250316 0.000000 0.000000 -0.002516 0.000000 0.000000 680
-0.000000 -1.091494 -1.381589 -0.250316 0.000000 0.000000 -0.002516 0.000000 0.000000 681
-0.000000 -1.095420 -1.385776 -0.250316 0.000000 0.000000 -0.002516 0.000000 0.000000 682
-0.000000 -1.099356 -1.389974 -0.250316 0.000000 0.000000 -0.002516 0.000000 0.000000 683
-0.000000 -1.103304 -1.394183 -0.250316 0.000000 0.000000 -0.002516 0.000000 0.000000 684
-0.000000 -1.107263 -1.398402 -0.250316 0.000000 0.000000 -0.002516 0.000000 0.000000 685
-0.000000 -1.111233 -1.402632 -0.250316 0.000000 0.000000 -0.002516 0.000000 0.000000 686
-0.000000 -1.115214 -1.406873 -0.250316 0.000000 0.000000 -0.002516 0.000000 0.000000 687
-0.000000 -1.119207 -1.411124 -0.250316 0.000000 0.000000 -0.002516 0.000000 0.000000 688
-0.000000 -1.123212 -1.415386 -0.250316 0.000000 0.000000 -0.002516 0.000000 0.000000 689
-0.000000 -1.127227 -1.419659 -0.250316 0.000000 0.000000 -0.002516 0.000000 0.000000 690
-0.000000 -1.131254 -1.423942 -0.250316 0.000000 0.000000 -0.002516 0.000000 0.000000 691
-0.000000 -1.135293 -1.428237 -0.250316 0.000000 0.000000 -0.002516 0.000000 0.000000 692
-0.000000 -1.139343 -1.432542 -0.250316 0.000000 0.000000 -0.002516 0.000000 0.000000 693
-0.000000 -1.143404 -1.436858 -0.250316 0.000000 0.000000 -0.002516 0.000000 0.000000 694
-0.000000 -1.147477 -1.441185 -0.250316 0.000000 0.000000 -0.002516 0.000000 0.000000 695
-0.000000 -1.151562 -1.445522 -0.250316 0.000000 0.000000 -0.002516 0.000000 0.000000 696
-0.000000 -1.155658 -1.449871 -0.250316 0.000000 0.000000 -0.002516 0.000000 0.000000 697
-0.000000 -1.159766 -1.454231 -0.250316 0.000000 0.000000 -0.002516 0.000000 0.000000 698
-0.000000 -1.163885 -1.458602 -0.250316 0.000000 0.000000 -0.002516 0.000000 0.000000 699
-0.000000 -1.168016 -1.462983 -0.250316 0.000000 0.000000 -0.002516 0.000000 0.000000 700
-0.000000 -1.172159 -1.467376 -0.250316 0.000000 0.000000 -0.002516 0.000000 0.000000 701
-0.000000 -1.176314 -1.471780 -0.250316 0.000000 0.000000 -0.002516 0.000000 0.000000 702
-0.000000 -1.180480 -1.476195 -0.250316 0.000000 0.000000 -0.002516 0.000000 0.000000 703
-0.000000 -1.184658 -1.480621 -0.250316 0.000000 0.000000 -0.002516 0.000000 0.000000 704
-0.000000 -1.188848 -1.485059 -0.250316 0.000000 0.000000 -0.002516 0.000000 0.000000 705
-0.000000 -1.193050 -1.489507 -0.250316 0.000000 0.000000 -0.002516 0.000000 0.000000 706
-0.000000 -1.197264 -1.493967 -0.250316 0.000000 0.000000 -0.002516 0.000000 0.000000 707
-0.000000 -1.201490 -1.498438 -0.250316 0.000000 0.000000 -0.002516 0.000000 0.000000 708
-0.000000 -1.205727 -1.502920 -0.250316 0.000000 0.000000 -0.002516 0.000000 0.000000 709
-0.000000 -1.209977 -1.507414 -0.250316 0.000000 0.000000 -0.002516 0.000000 0.000000 710
-0.000000 -1.214239 -1.511919 -0.250316 0.000000 0.000000 -0.002516 0.000000 0.000000 711
-0.000000 -1.218512 -1.516435 -0.250316 0.000000 0.000000 -0.002516 0.000000 0.000000 712
-0.000000 -1.222798 -1.520963 -0.250316 0.000000 0.000000 -0.002516 0.000000 0.000000 713
-0.000000 -1.227096 -1.525503 -0.250316 0.000000 0.000000 -0.002516 0.000000 0.000000 714
-0.000000 -1.231406 -1.530053 -0.250316 0.000000 0.000000 -0.002516 0.000000 0.000000 715
-0.000000 -1.235728 -1.534616 -0.250316 0.000000 0.000000 -0.002516 0.000000 0.000000 716
-0.000000 -1.240063 -1.539189 -0.250316 0.000000 0.000000 -0.002516 0.000000 0.000000 717
-0.000000 -1.244410 -1.543775 -0.250316 0.000000 0.000000 -0.002516 0.000000 0.000000 718
-0.000000 -1.248769 -1.548372 -0.250316 0.000000 0.000000 -0.002516 0.000000 0.000000 719
-0.000000 -1.253140 -1.552980 -0.250316 0.000000 0.000000 -0.002516 0.000000 0.000000 720
-0.000000 -1.257524 -1.557600 -0.250316 0.000000 0.000000 -0.002516 0.000000 0.000000 721
-0.000000 -1.261920 -1.562232 -0.250316 0.000000 0.000000 -0.002516 0.000000 0.000000 722
-0.000000 -1.266328 -1.566876 -0.250316 0.000000 0.000000 -0.002516 0.000000 0.000000 723
-0.000000 -1.270749 -1.571531 -0.250316 0.000000 0.000000 -0.002516 0.000000 0.000000 724
-0.000000 -1.275182 -1.576198 -0.250316 0.000000 0.000000 -0.002516 0.000000 0.000000 725
-0.000000 -1.279628 -1.580877 -0.250316 0.000000 0.000000 -0.002516 0.000000 0.000000 726
-0.000000 -1.284086 -1.585568 -0.250316 0.000000 0.000000 -0.002516 0.000000 0.000000 727
-0.000000 -1.288557 -1.590270 -0.250316 0.000000 0.000000 -0.002516 0.000000 0.000000 728
-0.000000 -1.293040 -1.594985 -0.250316 0.000000 0.000000 -0.002516 0.000000 0.000000 729
-0.000000 -1.297536 -1.599711 -0.250316 0.000000 0.000000 -0.002516 0.000000 0.000000 730
-0.000000 -1.302045 -1.604450 -0.250316 0.000000 0.000000 -0.002516 0.000000 0.000000 731
-0.000000 -1.306567 -1.609200 -0.250316 0.000000 0.000000 -0.002516 0.000000 0.000000 732
-0.000000 -1.311101 -1.613963 -0.250316 0.000000 0.000000 -0.002516 0.000000 0.000000 733
-0.000000 -1.315648 -1.618737 -0.250316 0.000000 0.000000 -0.002516 0.000000 0.000000 734
-0.000000 -1.320207 -1.623524 -0.250316 0.000000 0.000000 -0.002516 0.000000 0.000000 735
-0.000000 -1.324780 -1.628322 -0.250316 0.000000 0.000000 -0.002516 0.000000 0.000000 736
-0.000000 -1.329365 -1.633133 -0.250316 0.000000 0.000000 -0.002516 0.000000 0.000000 737
-0.000000 -1.333963 -1.637956 -0.250316 0.000000 0.000000 -0.002516 0.000000 0.000000 738
-0.000000 -1.338575 -1.642792 -0.250316 0.000000 0.000000 -0.002516 0.000000 0.000000 739
-0.000000 -1.343199 -1.647639 -0.250316 0.000000 0.000000 -0.002516 0.000000 0.000000 740
-0.000000 -1.347836 -1.652499 -0.250316 0.000000 0.000000 -0.002516 0.000000 0.000000 741
-0.000000 -1.352486 -1.657371 -0.250316 0.000000 0.000000 -0.002516 0.000000 0.000000 742
-0.000000 -1.357149 -1.662255 -0.250316 0.000000 0.000000 -0.002516 0.000000 0.000000 743
-0.000000 -1.361825 -1.667152 -0.250316 0.000000 0.000000 -0.002516 0.000000 0.000000 744
-0.000000 -1.366515 -1.672062 -0.250316 0.000000 0.000000 -0.002516 0.000000 0.000000 745
-0.000000 -1.371217 -1.676983 -0.250316 0.000000 0.000000 -0.002516 0.000000 0.000000 746
-0.000000 -1.375933 -1.681917 -0.250316 0.000000 0.000000 -0.002516 0.000000 0.000000 747
-0.000000 -1.380662 -1.686864 -0.250316 0.000000 0.000000 -0.002516 0.000000 0.000000 748
-0.000000 -1.385404 -1.691823 -0.250316 0.000000 0.000000 -0.002516 0.000000 0.000000 749
-0.000000 -1.390160 -1.696795 -0.250316 0.000000 0.000000 -0.002516 0.000000 0.000000 750
-0.000000 -1.394929 -1.701779 -0.250316 0.000000 0.000000 -0.002516 0.000000 0.000000 751
-0.000000 -1.399711 -1.706776 -0.250316 0.000000 0.000000 -0.002516 0.000000 0.000000 752
-0.000000 -1.404507 -1.711786 -0.250316 0.000000 0.000000 -0.002516 0.000000 0.000000 753
-0.000000 -1.409316 -1.716809 -0.250316 0.000000 0.000000 -0.002516 0.000000 0.000000 754
-0.000000 -1.414138 -1.721844 -0.250316 0.000000 0.000000 -0.002516 0.000000 0.000000 755
-0.000000 -1.418974 -1.726892 -0.250316 0.000000 0.000000 -0.002516 0.000000 0.000000 756
-0.000000 -1.423824 -1.731952 -0.250316 0.000000 0.000000 -0.002516 0.000000 0.000000 757
-0.000000 -1.428687 -1.737026 -0.250316 0.000000 0.000000 -0.002516 0.000000 0.000000 758
-0.000000 -1.433563 -1.742112 -0.250316 0.000000 0.000000 -0.002516 0.000000 0.000000 759
-0.000000 -1.438454 -1.747212 -0.250316 0.000000 0.000000 -0.002516 0.000000 0.000000 760
-0.000000 -1.443358 -1.752324 -0.250316 0.000000 0.000000 -0.002516 0.000000 0.000000 761
-0.000000 -1.448275 -1.757449 -0.250316 0.000000 0.000000 -0.002516 0.000000 0.000000 762
-0.000000 -1.453207 -1.762588 -0.250316 0.000000 0.000000 -0.002516 0.000000 0.000000 763
-0.000000 -1.458152 -1.767739 -0.250316 0.000000 0.000000 -0.002516 0.000000 0.000000 764
-0.000000 -1.463111 -1.772903 -0.250316 0.000000 0.000000 -0.002516 0.000000 0.000000 765
-0.000000 -1.468084 -1.778081 -0.250316 0.000000 0.000000 -0.002516 0.000000 0.000000 766
-0.000000 -1.473071 -1.783271 -0.250316 0.000000 0.000000 -0.002516 0.000000 0.000000 767
-0.000000 -1.478072 -1.788475 -0.250316 0.000000 0.000000 -0.002516 0.000000 0.000000 768
-0.000000 -1.483086 -1.793692 -0.250316 0.000000 0.000000 -0.002516 0.000000 0.000000 769
-0.000000 -1.488115 -1.798923 -0.250316 0.000000 0.000000 -0.002516 0.000000 0.000000 770
-0.000000 -1.493158 -1.804166 -0.250316 0.000000 0.000000 -0.002516 0.000000 0.000000 771
-0.000000 -1.498215 -1.809423 -0.250316 0.000000 0.000000 -0.002516 0.000000 0.000000 772
-0.000000 -1.503286 -1.814694 -0.250316 0.000000 0.000000 -0.002516 0.000000 0.000000 773
-0.000000 -1.508371 -1.819977 -0.250316 0.000000 0.000000 -0.002516 0.000000 0.000000 774
-0.000000 -1.513470 -1.825274 -0.250316 0.000000 0.000000 -0.002516 0.000000 0.000000 775
-0.000000 -1.518583 -1.830585 -0.250316 0.000000 0.000000 -0.002516 0.000000 0.000000 776
-0.000000 -1.523711 -1.835909 -0.250316 0.000000 0.000000 -0.002516 0.000000 0.000000 777
-0.000000 -1.528853 -1.841247 -0.250316 0.000000 0.000000 -0.002516 0.000000 0.000000 778
-0.000000 -1.534009 -1.846598 -0.250316 0.000000 0.000000 -0.002516 0.000000 0.000000 779
-0.000000 -1.539180 -1.851963 -0.250316 0.000000 0.000000 -0.002516 0.000000 0.000000 780
-0.000000 -1.544365 -1.857341 -0.250316 0.000000 0.000000 -0.002516 0.000000 0.000000 781
-0.000000 -1.549565 -1.862733 -0.250316 0.000000 0.000000 -0.002516 0.000000 0.000000 782
-0.000000 -1.554779 -1.868139 -0.250316 0.000000 0.000000 -0.002516 0.000000 0.000000 783
-0.000000 -1.560007 -1.873559 -0.250316 0.000000 0.000000 -0.002516 0.000000 0.000000 784
-0.000000 -1.565250 -1.878992 -0.250316 0.000000 0.000000 -0.002516 0.000000 0.000000 785
-0.000000 -1.570508 -1.884439 -0.250316 0.000000 0.000000 -0.002516 0.000000 0.000000 786
-0.000000 -1.575780 -1.889900 -0.250316 0.000000 0.000000 -0.002516 0.000000 0.000000 787
-0.000000 -1.581067 -1.895375 -0.250316 0.000000 0.000000 -0.002516 0.000000 0.000000 788
-0.000000 -1.586369 -1.900864 -0.250316 0.000000 0.000000 -0.002516 0.000000 0.000000 789
-0.000000 -1.591685 -1.906367 -0.250316 0.000000 0.000000 -0.002516 0.000000 0.000000 790
-0.000000 -1.597017 -1.911884 -0.250316 0.000000 0.000000 -0.002516 0.000000 0.000000 791
-0.000000 -1.602363 -1.917414 -0.250316 0.000000 0.000000 -0.002516 0.000000 0.000000 792
-0.000000 -1.607724 -1.922959 -0.250316 0.000000 0.000000 -0.002516 0.000000 0.000000 793
-0.000000 -1.613099 -1.928518 -0.250316 0.000000 0.000000 -0.002516 0.000000 0.000000 794
-0.000000 -1.618490 -1.934092 -0.250316 0.000000 0.000000 -0.002516 0.000000 0.000000 795
-0.000000 -1.623896 -1.939679 -0.250316 0.000000 0.000000 -0.002516 0.000000 0.000000 796
-0.000000 -1.629316 -1.945281 -0.250316 0.000000 0.000000 -0.002516 0.000000 0.000000 797
-0.000000 -1.634752 -1.950897 -0.250316 0.000000 0.000000 -0.002516 0.000000 0.000000 798
-0.000000 -1.640203 -1.956527 -0.250316 0.000000 0.000000 -0.002516 0.000000 0.000000 799
-0.000000 -1.645669 -1.962172 -0.250316 0.000000 0.000000 -0.002516 0.000000 0.000000 800
-0.000000 -1.651150 -1.967830 -0.250316 0.000000 0.000000 -0.002516 0.000000 0.000000 801
-0.000000 -1.656647 -1.973504 -0.250316 0.000000 0.000000 -0.002516 0.000000 0.000000 802
-0.000000 -1.662158 -1.979192 -0.250316 0.000000 0.000000 -0.002516 0.000000 0.000000 803
-0.000000 -1.667685 -1.984894 -0.250316 0.000000 0.000000 -0.002516 0.000000 0.000000 804
-0.000000 -1.673227 -1.990611 -0.250316 0.000000 0.000000 -0.002516 0.000000 0.000000 805
-0.000000 -1.678785 -1.996342 -0.250316 0.000000 0.000000 -0.002516 0.000000 0.000000 806
-0.000000 -1.684358 -2.002088 -0.250316 0.000000 0.000000 -0.002516 0.000000 0.000000 807
-0.000000 -1.689946 -2.007849 -0.250316 0.000000 0.000000 -0.002516 0.000000 0.000000 808
-0.000000 -1.695550 -2.013624 -0.250316 0.000000 0.000000 -0.002516 0.000000 0.000000 809
-0.000000 -1.701170 -2.019414 -0.250316 0.000000 0.000000 -0.002516 0.000000 0.000000 810
-0.000000 -1.706805 -2.025219 -0.250316 0.000000 0.000000 -0.002516 0.000000 0.000000 811
-0.000000 -1.712455 -2.031039 -0.250316 0.000000 0.000000 -0.002516 0.000000 0.000000 812
-0.000000 -1.718122 -2.036873 -0.250316 0.000000 0.000000 -0.002516 0.000000 0.000000 813
-0.000000 -1.723804 -2.042723 -0.250316 0.000000 0.000000 -0.002516 0.000000 0.000000 814
-0.000000 -1.729502 -2.048587 -0.250316 0.000000 0.000000 -0.002516 0.000000 0.000000 815
-0.000000 -1.735215 -2.054466 -0.250316 0.000000 0.000000 -0.002516 0.000000 0.000000 816
-0.000000 -1.740944 -2.060361 -0.250316 0.000000 0.000000 -0.002516 0.000000 0.000000 817
-0.000000 -1.746690 -2.066270 -0.250316 0.000000 0.000000 -0.002516 0.000000 0.000000 818
-0.000000 -1.752451 -2.072194 -0.250316 0.000000 0.000000 -0.002516 0.000000 0.000000 819
-0.000000 -1.758228 -2.078134 -0.250316 0.000000 0.000000 -0.002516 0.000000 0.000000 820
-0.000000 -1.764021 -2.084089 -0.250316 0.000000 0.000000 -0.002516 0.000000 0.000000 821
-0.000000 -1.769830 -2.090058 -0.250316 0.000000 0.000000 -0.002516 0.000000 0.000000 822
-0.000000 -1.775655 -2.096044 -0.250316 0.000000 0.000000 -0.002516 0.000000 0.000000 823
-0.000000 -1.781496 -2.102044 -0.250316 0.000000 0.000000 -0.002516 0.000000 0.000000 824
-0.000000 -1.787353 -2.108060 -0.250316 0.000000 0.000000 -0.002516 0.000000 0.000000 825
-0.000000 -1.793227 -2.114091 -0.250316 0.000000 0.000000 -0.002516 0.000000 0.000000 826
-0.000000 -1.799117 -2.120137 -0.250316 0.000000 0.000000 -0.002516 0.000000 0.000000 827
-0.000000 -1.805023 -2.126199 -0.250316 0.000000 0.000000 -0.002516 0.000000 0.000000 828
-0.000000 -1.810945 -2.132277 -0.250316 0.000000 0.000000 -0.002516 0.000000 0.000000 829
-0.000000 -1.816884 -2.138370 -0.250316 0.000000 0.000000 -0.002516 0.000000 0.000000 830
-0.000000 -1.822839 -2.144478 -0.250316 0.000000 0.000000 -0.002516 0.000000 0.000000 831
-0.000000 -1.828811 -2.150602 -0.250316 0.000000 0.000000 -0.002516 0.000000 0.000000 832
-0.000000 -1.834799 -2.156742 -0.250316 0.000000 0.000000 -0.002516 0.000000 0.000000 833
-0.000000 -1.840803 -2.162897 -0.250316 0.000000 0.000000 -0.002516 0.000000 0.000000 834
-0.000000 -1.846825 -2.169069 -0.250316 0.000000 0.000000 -0.002516 0.000000 0.000000 835
-0.000000 -1.852862 -2.175256 -0.250316 0.000000 0.000000 -0.002516 0.000000 0.000000 836
-0.000000 -1.858917 -2.181458 -0.250316 0.000000 0.000000 -0.002516 0.000000 0.000000 837
-0.000000 -1.864988 -2.187677 -0.250316 0.000000 0.000000 -0.002516 0.000000 0.000000 838
-0.000000 -1.871076 -2.193911 -0.250316 0.000000 0.000000 -0.002516 0.000000 0.000000 839
-0.000000 -1.877181 -2.200162 -0.250316 0.000000 0.000000 -0.002516 0.000000 0.000000 840
-0.000000 -1.883302 -2.206428 -0.250316 0.000000 0.000000 -0.002516 0.000000 0.000000 841
-0.000000 -1.889441 -2.212711 -0.250316 0.000000 0.000000 -0.002516 0.000000 0.000000 842
-0.000000 -1.895596 -2.219009 -0.250316 0.000000 0.000000 -0.002516 0.000000 0.000000 843
-0.000000 -1.901769 -2.225324 -0.250316 0.000000 0.000000 -0.002516 0.000000 0.000000 844
-0.000000 -1.907958 -2.231655 -0.250316 0.000000 0.000000 -0.002516 0.000000 0.000000 845
-0.000000 -1.914164 -2.238002 -0.250316 0.000000 0.000000 -0.002516 0.000000 0.000000 846
-0.000000 -1.920388 -2.244365 -0.250316 0.000000 0.000000 -0.002516 0.000000 0.000000 847
-0.000000 -1.926629 -2.250745 -0.250316 0.000000 0.000000 -0.002516 0.000000 0.000000 848
-0.000000 -1.932887 -2.257141 -0.250316 0.000000 0.000000 -0.002516 0.000000 0.000000 849
-0.000000 -1.939162 -2.263553 -0.250316 0.000000 0.000000 -0.002516 0.000000 0.000000 850
-0.000000 -1.945454 -2.269982 -0.250316 0.000000 0.000000 -0.002516 0.000000 0.000000 851
-0.000000 -1.951764 -2.276427 -0.250316 0.000000 0.000000 -0.002516 0.000000 0.000000 852
-0.000000 -1.958091 -2.282888 -0.250316 0.000000 0.000000 -0.002516 0.000000 0.000000 853
-0.000000 -1.964436 -2.289366 -0.250316 0.000000 0.000000 -0.002516 0.000000 0.000000 854
-0.000000 -1.970798 -2.295861 -0.250316 0.000000 0.000000 -0.002516 0.000000 0.000000 855
-0.000000 -1.977177 -2.302373 -0.250316 0.000000 0.000000 -0.002516 0.000000 0.000000 856
-0.000000 -1.983574 -2.308901 -0.250316 0.000000 0.000000 -0.002516 0.000000 0.000000 857
-0.000000 -1.989989 -2.315445 -0.250316 0.000000 0.000000 -0.002516 0.000000 0.000000 858
-0.000000 -1.996421 -2.322007 -0.250316 0.000000 0.000000 -0.002516 0.000000 0.000000 859
-0.000000 -2.002872 -2.328585 -0.250316 0.000000 0.000000 -0.002516 0.000000 0.000000 860
-0.000000 -2.009339 -2.335181 -0.250316 0.000000 0.000000 -0.002516 0.000000 0.000000 861
-0.000000 -2.015825 -2.341793 -0.250316 0.000000 0.000000 -0.002516 0.000000 0.000000 862
-0.000000 -2.022328 -2.348422 -0.250316 0.000000 0.000000 -0.002516 0.000000 0.000000 863
-0.000000 -2.028850 -2.355068 -0.250316 0.000000 0.000000 -0.002516 0.000000 0.000000 864
-0.000000 -2.035389 -2.361731 -0.250316 0.000000 0.000000 -0.002516 0.000000 0.000000 865
-0.000000 -2.041946 -2.368411 -0.250316 0.000000 0.000000 -0.002516 0.000000 0.000000 866
-0.000000 -2.048522 -2.375108 -0.250316 0.000000 0.000000 -0.002516 0.000000 0.000000 867
-0.000000 -2.055115 -2.381823 -0.250316 0.000000 0.000000 -0.002516 0.000000 0.000000 868
-0.000000 -2.061726 -2.388554 -0.250316 0.000000 0.000000 -0.002516 0.000000 0.000000 869
-0.000000 -2.068356 -2.395303 -0.250316 0.000000 0.000000 -0.002516 0.000000 0.000000 870
-0.000000 -2.075004 -2.402070 -0.250316 0.000000 0.000000 -0.002516 0.000000 0.000000 871
-0.000000 -2.081670 -2.408853 -0.250316 0.000000 0.000000 -0.002516 0.000000 0.000000 872
-0.000000 -2.088354 -2.415654 -0.250316 0.000000 0.000000 -0.002516 0.000000 0.000000 873
-0.000000 -2.095057 -2.422473 -0.250316 0.000000 0.000000 -0.002516 0.000000 0.000000 874
-0.000000 -2.101778 -2.429309 -0.250316 0.000000 0.000000 -0.002516 0.000000 0.000000 875
-0.000000 -2.108518 -2.436162 -0.250316 0.000000 0.000000 -0.002516 0.000000 0.000000 876
-0.000000 -2.115276 -2.443033 -0.250316 0.000000 0.000000 -0.002516 0.000000 0.000000 877
-0.000000 -2.122053 -2.449922 -0.250316 0.000000 0.000000 -0.002516 0.000000 0.000000 878
-0.000000 -2.128848 -2.456828 -0.250316 0.000000 0.000000 -0.002516 0.000000 0.000000 879
-0.000000 -2.135662 -2.463753 -0.250316 0.000000 0.000000 -0.002516 0.000000 0.000000 880
-0.000000 -2.142495 -2.470695 -0.250316 0.000000 0.000000 -0.002516 0.000000 0.000000 881
-0.000000 -2.149347 -2.477654 -0.250316 0.000000 0.000000 -0.002516 0.000000 0.000000 882
-0.000000 -2.156217 -2.484632 -0.250316 0.000000 0.000000 -0.002516 0.000000 0.000000 883
-0.000000 -2.163106 -2.491627 -0.250316 0.000000 0.000000 -0.002516 0.000000 0.000000 884
-0.000000 -2.170014 -2.498641 -0.250316 0.000000 0.000000 -0.002516 0.000000 0.000000 885
-0.000000 -2.176941 -2.505672 -0.250316 0.000000 0.000000 -0.002516 0.000000 0.000000 886
-0.000000 -2.183887 -2.512722 -0.250316 0.000000 0.000000 -0.002516 0.000000 0.000000 887
-0.000000 -2.190852 -2.519790 -0.250316 0.000000 0.000000 -0.002516 0.000000 0.000000 888
-0.000000 -2.197836 -2.526875 -0.250316 0.000000 0.000000 -0.002516 0.000000 0.000000 889
-0.000000 -2.204840 -2.533980 -0.250316 0.000000 0.000000 -0.002516 0.000000 0.000000 890
-0.000000 -2.211862 -2.541102 -0.250316 0.000000 0.000000 -0.002516 0.000000 0.000000 891
-0.000000 -2.218904 -2.548242 -0.250316 0.000000 0.000000 -0.002516 0.000000 0.000000 892
-0.000000 -2.225965 -2.555401 -0.250316 0.000000 0.000000 -0.002516 0.000000 0.000000 893
-0.000000 -2.233045 -2.562579 -0.250316 0.000000 0.000000 -0.002516 0.000000 0.000000 894
-0.000000 -2.240145 -2.569775 -0.250316 0.000000 0.000000 -0.002516 0.000000 0.000000 895
-0.000000 -2.247264 -2.576989 -0.250316 0.000000 0.000000 -0.002516 0.000000 0.000000 896
-0.000000 -2.254403 -2.584222 -0.250316 0.000000 0.000000 -0.002516 0.000000 0.000000 897
-0.000000 -2.261562 -2.591473 -0.250316 0.000000 0.000000 -0.002516 0.000000 0.000000 898
-0.000000 -2.268740 -2.598743 -0.250316 0.000000 0.000000 -0.002516 0.000000 0.000000 899
-0.000000 -2.275937 -2.606032 -0.250316 0.000000 0.000000 -0.002516 0.000000 0.000000 900
-0.000000 -2.283155 -2.613340 -0.250316 0.000000 0.000000 -0.002516 0.000000 0.000000 901
-0.000000 -2.290392 -2.620666 -0.250316 0.000000 0.000000 -0.002516 0.000000 0.000000 902
-0.000000 -2.297649 -2.628011 -0.250316 0.000000 0.000000 -0.002516 0.000000 0.000000 903
-0.000000 -2.304926 -2.635376 -0.250316 0.000000 0.000000 -0.002516 0.000000 0.000000 904
-0.000000 -2.312222 -2.642759 -0.250316 0.000000 0.000000 -0.002516 0.000000 0.000000 905
-0.000000 -2.319539 -2.650161 -0.250316 0.000000 0.000000 -0.002516 0.000000 0.000000 906
-0.000000 -2.326876 -2.657582 -0.250316 0.000000 0.000000 -0.002516 0.000000 0.000000 907
-0.000000 -2.334233 -2.665022 -0.250316 0.000000 0.000000 -0.002516 0.000000 0.000000 908
-0.000000 -2.341610 -2.672482 -0.250316 0.000000 0.000000 -0.002516 0.000000 0.000000 909
-0.000000 -2.349007 -2.679960 -0.250316 0.000000 0.000000 -0.002516 0.000000 0.000000 910
-0.000000 -2.356424 -2.687458 -0.250316 0.000000 0.000000 -0.002516 0.000000 0.000000 911
-0.000000 -2.363862 -2.694975 -0.250316 0.000000 0.000000 -0.002516 0.000000 0.000000 912
-0.000000 -2.371320 -2.702512 -0.250316 0.000000 0.000000 -0.002516 0.000000 0.000000 913
-0.000000 -2.378799 -2.710068 -0.250316 0.000000 0.000000 -0.002516 0.000000 0.000000 914
-0.000000 -2.386298 -2.717643 -0.250316 0.000000 0.000000 -0.002516 0.000000 0.000000 915
-0.000000 -2.393817 -2.725238 -0.250316 0.000000 0.000000 -0.002516 0.000000 0.000000 916
-0.000000 -2.401357 -2.732853 -0.250316 0.000000 0.000000 -0.002516 0.000000 0.000000 917
-0.000000 -2.408918 -2.740487 -0.250316 0.000000 0.000000 -0.002516 0.000000 0.000000 918
-0.000000 -2.416499 -2.748141 -0.250316 0.000000 0.000000 -0.002516 0.000000 0.000000 919
-0.000000 -2.424101 -2.755814 -0.250316 0.000000 0.000000 -0.002516 0.000000 0.000000 920
-0.000000 -2.431724 -2.763507 -0.250316 0.000000 0.000000 -0.002516 0.000000 0.000000 921
-0.000000 -2.439368 -2.771221 -0.250316 0.000000 0.000000 -0.002516 0.000000 0.000000 922
-0.000000 -2.447033 -2.778954 -0.250316 0.000000 0.000000 -0.002516 0.000000 0.000000 923
-0.000000 -2.454718 -2.786707 -0.250316 0.000000 0.000000 -0.002516 0.000000 0.000000 924
-0.000000 -2.462425 -2.794480 -0.250316 0.000000 0.000000 -0.002516 0.000000 0.000000 925
-0.000000 -2.470152 -2.802273 -0.250316 0.000000 0.000000 -0.002516 0.000000 0.000000 926
-0.000000 -2.477901 -2.810086 -0.250316 0.000000 0.000000 -0.002516 0.000000 0.000000 927
-0.000000 -2.485671 -2.817919 -0.250316 0.000000 0.000000 -0.002516 0.000000 0.000000 928
-0.000000 -2.493462 -2.825772 -0.250316 0.000000 0.000000 -0.002516 0.000000 0.000000 929
-0.000000 -2.501275 -2.833646 -0.250316 0.000000 0.000000 -0.002516 0.000000 0.000000 930
-0.000000 -2.509109 -2.841540 -0.250316 0.000000 0.000000 -0.002516 0.000000 0.000000 931
-0.000000 -2.516964 -2.849455 -0.250316 0.000000 0.000000 -0.002516 0.000000 0.000000 932
-0.000000 -2.524841 -2.857390 -0.250316 0.000000 0.000000 -0.002516 0.000000 0.000000 933
-0.000000 -2.532739 -2.865345 -0.250316 0.000000 0.000000 -0.002516 0.000000 0.000000 934
-0.000000 -2.540659 -2.873321 -0.250316 0.000000 0.000000 -0.002516 0.000000 0.000000 935
-0.000000 -2.548600 -2.881317 -0.250316 0.000000 0.000000 -0.002516 0.000000 0.000000 936
-0.000000 -2.556564 -2.889334 -0.250316 0.000000 0.000000 -0.002516 0.000000 0.000000 937
-0.000000 -2.564549 -2.897372 -0.250316 0.000000 0.000000 -0.002516 0.000000 0.000000 938
-0.000000 -2.572555 -2.905431 -0.250316 0.000000 0.000000 -0.002516 0.000000 0.000000 939
-0.000000 -2.580584 -2.913510 -0.250316 0.000000 0.000000 -0.002516 0.000000 0.000000 940
-0.000000 -2.588634 -2.921611 -0.250316 0.000000 0.000000 -0.002516 0.000000 0.000000 941
-0.000000 -2.596707 -2.929732 -0.250316 0.000000 0.000000 -0.002516 0.000000 0.000000 942
-0.000000 -2.604801 -2.937874 -0.250316 0.000000 0.000000 -0.002516 0.000000 0.000000 943
-0.000000 -2.612918 -2.946037 -0.250316 0.000000 0.000000 -0.002516 0.000000 0.000000 944
-0.000000 -2.621057 -2.954221 -0.250316 0.000000 0.000000 -0.002516 0.000000 0.000000 945
-0.000000 -2.629218 -2.962427 -0.250316 0.000000 0.000000 -0.002516 0.000000 0.000000 946
-0.000000 -2.637401 -2.970654 -0.250316 0.000000 0.000000 -0.002516 0.000000 0.000000 947
-0.000000 -2.645607 -2.978902 -0.250316 0.000000 0.000000 -0.002516 0.000000 0.000000 948
-0.000000 -2.653835 -2.987171 -0.250316 0.000000 0.000000 -0.002516 0.000000 0.000000 949
-0.000000 -2.662085 -2.995461 -0.250316 0.000000 0.000000 -0.002516 0.000000 0.000000 950
-0.000000 -2.670358 -3.003774 -0.250316 0.000000 0.000000 -0.002516 0.000000 0.000000 951
-0.000000 -2.678654 -3.012107 -0.250316 0.000000 0.000000 -0.002516 0.000000 0.000000 952
-0.000000 -2.686972 -3.020462 -0.250316 0.000000 0.000000 -0.002516 0.000000 0.000000 953
-0.000000 -2.695313 -3.028839 -0.250316 0.000000 0.000000 -0.002516 0.000000 0.000000 954
-0.000000 -2.703677 -3.037238 -0.250316 0.000000 0.000000 -0.002516 0.000000 0.000000 955
-0.000000 -2.712063 -3.045658 -0.250316 0.000000 0.000000 -0.002516 0.000000 0.000000 956
-0.000000 -2.720473 -3.054100 -0.250316 0.000000 0.000000 -0.002516 0.000000 0.000000 957
-0.000000 -2.728905 -3.062563 -0.250316 0.000000 0.000000 -0.002516 0.000000 0.000000 958
-0.000000 -2.737360 -3.071049 -0.250316 0.000000 0.000000 -0.002516 0.000000 0.000000 959
-0.000000 -2.745839 -3.079557 -0.250316 0.000000 0.000000 -0.002516 0.000000 0.000000 960
-0.000000 -2.754340 -3.088087 -0.250316 0.000000 0.000000 -0.002516 0.000000 0.000000 961
-0.000000 -2.762865 -3.096638 -0.250316 0.000000 0.000000 -0.002516 0.000000 0.000000 962
-0.000000 -2.771413 -3.105212 -0.250316 0.000000 0.000000 -0.002516 0.000000 0.000000 963
-0.000000 -2.779984 -3.113808 -0.250316 0.000000 0.000000 -0.002516 0.000000 0.000000 964
-0.000000 -2.788579 -3.122427 -0.250316 0.000000 0.000000 -0.002516 0.000000 0.000000 965
-0.000000 -2.797197 -3.131068 -0.250316 0.000000 0.000000 -0.002516 0.000000 0.000000 966
-0.000000 -2.805838 -3.139731 -0.250316 0.000000 0.000000 -0.002516 0.000000 0.000000 967
-0.000000 -2.814504 -3.148416 -0.250316 0.000000 0.000000 -0.002516 0.000000 0.000000 968
-0.000000 -2.823192 -3.157124 -0.250316 0.000000 0.000000 -0.002516 0.000000 0.000000 969
-0.000000 -2.831905 -3.165855 -0.250316 0.000000 0.000000 -0.002516 0.000000 0.000000 970
-0.000000 -2.840641 -3.174608 -0.250316 0.000000 0.000000 -0.002516 0.000000 0.000000 971
-0.000000 -2.849401 -3.183384 -0.250316 0.000000 0.000000 -0.002516 0.000000 0.000000 972
-0.000000 -2.858185 -3.192183 -0.250316 0.000000 0.000000 -0.002516 0.000000 0.000000 973
-0.000000 -2.866993 -3.201004 -0.250316 0.000000 0.000000 -0.002516 0.000000 0.000000 974
-0.000000 -2.875825 -3.209849 -0.250316 0.000000 0.000000 -0.002516 0.000000 0.000000 975
-0.000000 -2.884681 -3.218716 -0.250316 0.000000 0.000000 -0.002516 0.000000 0.000000 976
-0.000000 -2.893561 -3.227606 -0.250316 0.000000 0.000000 -0.002516 0.000000 0.000000 977
-0.000000 -2.902465 -3.236520 -0.250316 0.000000 0.000000 -0.002516 0.000000 0.000000 978
-0.000000 -2.911394 -3.245456 -0.250316 0.000000 0.000000 -0.002516 0.000000 0.000000 979
-0.000000 -2.920347 -3.254416 -0.250316 0.000000 0.000000 -0.002516 0.000000 0.000000 980
-0.000000 -2.929324 -3.263399 -0.250316 0.000000 0.000000 -0.002516 0.000000 0.000000 981
-0.000000 -2.938326 -3.272405 -0.250316 0.000000 0.000000 -0.002516 0.000000 0.000000 982
-0.000000 -2.947352 -3.281434 -0.250316 0.000000 0.000000 -0.002516 0.000000 0.000000 983
-0.000000 -2.956403 -3.290487 -0.250316 0.000000 0.000000 -0.002516 0.000000 0.000000 984
-0.000000 -2.965478 -3.299564 -0.250316 0.000000 0.000000 -0.002516 0.000000 0.000000 985
-0.000000 -2.974579 -3.308664 -0.250316 0.000000 0.000000 -0.002516 0.000000 0.000000 986
-0.000000 -2.983704 -3.317788 -0.250316 0.000000 0.000000 -0.002516 0.000000 0.000000 987
-0.000000 -2.992854 -3.326935 -0.250316 0.000000 0.000000 -0.002516 0.000000 0.000000 988
-0.000000 -3.002028 -3.336106 -0.250316 0.000000 0.000000 -0.002516 0.000000 0.000000 989
-0.000000 -3.011228 -3.345301 -0.250316 0.000000 0.000000 -0.002516 0.000000 0.000000 990
-0.000000 -3.020453 -3.354520 -0.250316 0.000000 0.000000 -0.002516 0.000000 0.000000 991
-0.000000 -3.029703 -3.363763 -0.250316 0.000000 0.000000 -0.002516 0.000000 0.000000 992
-0.000000 -3.038978 -3.373030 -0.250316 0.000000 0.000000 -0.002516 0.000000 0.000000 993
-0.000000 -3.048279 -3.382321 -0.250316 0.000000 0.000000 -0.002516 0.000000 0.000000 994
-0.000000 -3.057605 -3.391636 -0.250316 0.000000 0.000000 -0.002516 0.000000 0.000000 995
-0.000000 -3.066956 -3.400975 -0.250316 0.000000 0.000000 -0.002516 0.000000 0.000000 996
-0.000000 -3.076333 -3.410339 -0.250316 0.000000 0.000000 -0.002516 0.000000 0.000000 997
-0.000000 -3.085735 -3.419726 -0.250316 0.000000 0.000000 -0.002516 0.000000 0.000000 998
-0.000000 -3.095163 -3.429139 -0.250316 0.000000 0.000000 -0.002516 0.000000 0.000000 999
-0.000000 -3.104616 -3.438576 -0.250316 0.000000 0.000000 -0.002516 0.000000 0.000000 1000
