0.000000 0.000000 0.000000 0.000000 0.000000 0.000000 0.000000 0.000000 0.000000 0
0.000000 0.000000 -0.006324 0.000000 0.000000 0.000000 0.000000 0.000000 0.000000 1
-0.000000 0.000000 -0.012649 0.000000 0.000000 0.000000 0.000000 0.000000 0.000000 2
-0.000000 0.000000 -0.018973 0.000000 0.000000 0.000000 0.000000 0.000000 0.000000 3
-0.000000 0.000000 -0.025298 0.000000 0.000000 0.000000 0.000000 0.000000 0.000000 4
-0.000000 0.000000 -0.031623 0.000000 0.000000 0.000000 0.000000 0.000000 0.000000 5
-0.000000 0.000000 -0.037949 0.000000 0.000000 0.000000 0.000000 0.000000 0.000000 6
-0.000000 0.000000 -0.044274 0.000000 0.000000 0.000000 0.000000 0.000000 0.000000 7
-0.000000 0.000000 -0.050600 0.000000 0.000000 0.000000 0.000000 0.000000 0.000000 8
-0.000000 0.000000 -0.056926 0.000000 0.000000 0.000000 0.000000 0.000000 0.000000 9
-0.000000 0.000000 -0.063252 0.000000 0.000000 0.000000 0.000000 0.000000 0.000000 10
-0.000000 0.000000 -0.069578 0.000000 0.000000 0.000000 0.000000 0.000000 0.000000 11
-0.000000 0.000000 -0.075905 0.000000 0.000000 0.000000 0.000000 0.000000 0.000000 12
-0.000000 0.000000 -0.082231 0.000000 0.000000 0.000000 0.000000 0.000000 0.000000 13
-0.000000 0.000000 -0.088558 0.000000 0.000000 0.000000 0.000000 0.000000 0.000000 14
-0.000000 0.000000 -0.094885 0.000000 0.000000 0.000000 0.000000 0.000000 0.000000 15
-0.000000 0.000000 -0.101213 0.000000 0.000000 0.000000 0.000000 0.000000 0.000000 16
-0.000000 0.000000 -0.107540 0.000000 0.000000 0.000000 0.000000 0.000000 0.000000 17
-0.000000 0.000000 -0.113868 0.000000 0.000000 0.000000 0.000000 0.000000 0.000000 18
-0.000000 0.000000 -0.120196 0.000000 0.000000 0.000000 0.000000 0.000000 0.000000 19
-0.000000 0.000000 -0.126524 0.000000 0.000000 0.000000 0.000000 0.000000 0.000000 20
-0.000000 0.000000 -0.132852 0.000000 0.000000 0.000000 0.000000 0.000000 0.000000 21
-0.000000 0.000000 -0.139180 0.000000 0.000000 0.000000 0.000000 0.000000 0.000000 22
-0.000000 0.000000 -0.145509 0.000000 0.000000 0.000000 0.000000 0.000000 0.000000 23
-0.000000 0.000000 -0.151838 0.000000 0.000000 0.000000 0.000000 0.000000 0.000000 24
-0.000000 0.000000 -0.158167 0.000000 0.000000 0.000000 0.000000 0.000000 0.000000 25
-0.000000 0.000000 -0.164496 0.000000 0.000000 0.000000 0.000000 0.000000 0.000000 26
-0.000000 0.000000 -0.170826 0.000000 0.000000 0.000000 0.000000 0.000000 0.000000 27
-0.000000 0.000000 -0.177156 0.000000 0.000000 0.000000 0.000000 0.000000 0.000000 28
-0.000000 0.000000 -0.183485 0.000000 0.000000 0.000000 0.000000 0.000000 0.000000 29
-0.000000 0.000000 -0.189815 0.000000 0.000000 0.000000 0.000000 0.000000 0.000000 30
-0.000000 0.000000 -0.196146 0.000000 0.000000 0.000000 0.000000 0.000000 0.000000 31
-0.000000 0.000000 -0.202476 0.000000 0.000000 0.000000 0.000000 0.000000 0.000000 32
-0.000000 0.000000 -0.208807 0.000000 0.000000 0.000000 0.000000 0.000000 0.000000 33
-0.000000 0.000000 -0.215138 0.000000 0.000000 0.000000 0.000000 0.000000 0.000000 34
-0.000000 0.000000 -0.221469 0.000000 0.000000 0.000000 0.000000 0.000000 0.000000 35
-0.000000 0.000000 -0.227800 0.000000 0.000000 0.000000 0.000000 0.000000 0.000000 36
-0.000000 0.000000 -0.234132 0.000000 0.000000 0.000000 0.000000 0.000000 0.000000 37
-0.000000 0.000000 -0.240463 0.000000 0.000000 0.000000 0.000000 0.000000 0.000000 38
-0.000000 0.000000 -0.246795 0.000000 0.000000 0.000000 0.000000 0.000000 0.000000 39
-0.000000 0.000000 -0.253127 0.000000 0.000000 0.000000 0.000000 0.000000 0.000000 40
-0.000000 0.000000 -0.259460 0.000000 0.000000 0.000000 0.000000 0.000000 0.000000 41
-0.000000 0.000000 -0.265792 0.000000 0.000000 0.000000 0.000000 0.000000 0.000000 42
-0.000000 0.000000 -0.272125 0.000000 0.000000 0.000000 0.000000 0.000000 0.000000 43
-0.000000 0.000000 -0.278458 0.000000 0.000000 0.000000 0.000000 0.000000 0.000000 44
-0.000000 0.000000 -0.284791 0.000000 0.000000 0.000000 0.000000 0.000000 0.000000 45
-0.000000 0.000000 -0.291124 0.000000 0.000000 0.000000 0.000000 0.000000 0.000000 46
-0.000000 0.000000 -0.297458 0.000000 0.000000 0.000000 0.000000 0.000000 0.000000 47
-0.000000 0.000000 -0.303791 0.000000 0.000000 0.000000 0.000000 0.000000 0.000000 48
-0.000000 0.000000 -0.310125 0.000000 0.000000 0.000000 0.000000 0.000000 0.000000 49
-0.000000 0.000000 -0.316459 0.000000 0.000000 0.000000 0.000000 0.000000 0.000000 50
-0.000000 0.000000 -0.322794 0.000000 0.000000 0.000000 0.000000 0.000000 0.000000 51
-0.000000 0.000000 -0.329128 0.000000 0.000000 0.000000 0.000000 0.000000 0.000000 52
-0.000000 0.000000 -0.335463 0.000000 0.000000 0.000000 0.000000 0.000000 0.000000 53
-0.000000 0.000000 -0.341798 0.000000 0.000000 0.000000 0.000000 0.000000 0.000000 54
-0.000000 0.000000 -0.348133 0.000000 0.000000 0.000000 0.000000 0.000000 0.000000 55
-0.000000 0.000000 -0.354468 0.000000 0.000000 0.000000 0.000000 0.000000 0.000000 56
-0.000000 0.000000 -0.360804 0.000000 0.000000 0.000000 0.000000 0.000000 0.000000 57
-0.000000 0.000000 -0.367139 0.000000 0.000000 0.000000 0.000000 0.000000 0.000000 58
-0.000000 0.000000 -0.373475 0.000000 0.000000 0.000000 0.000000 0.000000 0.000000 59
-0.000000 0.000000 -0.379811 0.000000 0.000000 0.000000 0.000000 0.000000 0.000000 60
-0.000000 0.000000 -0.386148 0.000000 0.000000 0.000000 0.000000 0.000000 0.000000 61
-0.000000 0.000000 -0.392484 0.000000 0.000000 0.000000 0.000000 0.000000 0.000000 62
-0.000000 0.000000 -0.398821 0.000000 0.000000 0.000000 0.000000 0.000000 0.000000 63
-0.000000 0.000000 -0.405158 0.000000 0.000000 0.000000 0.000000 0.000000 0.000000 64
-0.000000 0.000000 -0.411495 0.000000 0.000000 0.000000 0.000000 0.000000 0.000000 65
-0.000000 0.000000 -0.417832 0.000000 0.000000 0.000000 0.000000 0.000000 0.000000 66
-0.000000 0.000000 -0.424170 0.000000 0.000000 0.000000 0.000000 0.000000 0.000000 67
-0.000000 0.000000 -0.430508 0.000000 0.000000 0.000000 0.000000 0.000000 0.000000 68
-0.000000 0.000000 -0.436845 0.000000 0.000000 0.000000 0.000000 0.000000 0.000000 69
-0.000000 0.000000 -0.443184 0.000000 0.000000 0.000000 0.000000 0.000000 0.000000 70
-0.000000 0.000000 -0.449522 0.000000 0.000000 0.000000 0.000000 0.000000 0.000000 71
-0.000000 0.000000 -0.455860 0.000000 0.000000 0.000000 0.000000 0.000000 0.000000 72
-0.000000 0.000000 -0.462199 0.000000 0.000000 0.000000 0.000000 0.000000 0.000000 73
-0.000000 0.000000 -0.468538 0.000000 0.000000 0.000000 0.000000 0.000000 0.000000 74
-0.000000 0.000000 -0.474877 0.000000 0.000000 0.000000 0.000000 0.000000 0.000000 75
-0.000000 0.000000 -0.481216 0.000000 0.000000 0.000000 0.000000 0.000000 0.000000 76
-0.000000 0.000000 -0.487556 0.000000 0.000000 0.000000 0.000000 0.000000 0.000000 77
-0.000000 0.000000 -0.493896 0.000000 0.000000 0.000000 0.000000 0.000000 0.000000 78
-0.000000 0.000000 -0.500236 0.000000 0.000000 0.000000 0.000000 0.000000 0.000000 79
-0.000000 0.000000 -0.506576 0.000000 0.000000 0.000000 0.000000 0.000000 0.000000 80
-0.000000 0.000000 -0.512916 0.000000 0.000000 0.000000 0.000000 0.000000 0.000000 81
-0.000000 0.000000 -0.519257 0.000000 0.000000 0.000000 0.000000 0.000000 0.000000 82
-0.000000 0.000000 -0.525597 0.000000 0.000000 0.000000 0.000000 0.000000 0.000000 83
-0.000000 0.000000 -0.531938 0.000000 0.000000 0.000000 0.000000 0.000000 0.000000 84
-0.000000 0.000000 -0.538279 0.000000 0.000000 0.000000 0.000000 0.000000 0.000000 85
-0.000000 0.000000 -0.544621 0.000000 0.000000 0.000000 0.000000 0.000000 0.000000 86
-0.000000 0.000000 -0.550962 0.000000 0.000000 0.000000 0.000000 0.000000 0.000000 87
-0.000000 0.000000 -0.557304 0.000000 0.000000 0.000000 0.000000 0.000000 0.000000 88
-0.000000 0.000000 -0.563646 0.000000 0.000000 0.000000 0.000000 0.000000 0.000000 89
-0.000000 0.000000 -0.569988 0.000000 0.000000 0.000000 0.000000 0.000000 0.000000 90
-0.000000 0.000000 -0.576330 0.000000 0.000000 0.000000 0.000000 0.000000 0.000000 91
-0.000000 0.000000 -0.582673 0.000000 0.000000 0.000000 0.000000 0.000000 0.000000 92
-0.000000 0.000000 -0.589016 0.000000 0.000000 0.000000 0.000000 0.000000 0.000000 93
-0.000000 0.000000 -0.595359 0.000000 0.000000 0.000000 0.000000 0.000000 0.000000 94
-0.000000 0.000000 -0.601702 0.000000 0.000000 0.000000 0.000000 0.000000 0.000000 95
-0.000000 0.000000 -0.608045 0.000000 0.000000 0.000000 0.000000 0.000000 0.000000 96
-0.000000 0.000000 -0.614389 0.000000 0.000000 0.000000 0.000000 0.000000 0.000000 97
-0.000000 0.000000 -0.620733 0.000000 0.000000 0.000000 0.000000 0.000000 0.000000 98
-0.000000 0.000000 -0.627076 0.000000 0.000000 0.000000 0.000000 0.000000 0.000000 99
-0.000000 0.000000 -0.633421 0.000000 0.000000 0.000000 0.000000 0.000000 0.000000 100
-0.000000 0.000000 -0.639765 0.000000 0.000000 0.000000 0.000000 0.000000 0.000000 101
-0.000000 0.000000 -0.646110 0.000000 0.000000 0.000000 0.000000 0.000000 0.000000 102
-0.000000 0.000000 -0.652454 0.000000 0.000000 0.000000 0.000000 0.000000 0.000000 103
-0.000000 0.000000 -0.658799 0.000000 0.000000 0.000000 0.000000 0.000000 0.000000 104
-0.000000 0.000000 -0.665144 0.000000 0.000000 0.000000 0.000000 0.000000 0.000000 105
-0.000000 0.000000 -0.671490 0.000000 0.000000 0.000000 0.000000 0.000000 0.000000 106
-0.000000 0.000000 -0.677835 0.000000 0.000000 0.000000 0.000000 0.000000 0.000000 107
-0.000000 0.000000 -0.684181 0.000000 0.000000 0.000000 0.000000 0.000000 0.000000 108
-0.000000 0.000000 -0.690527 0.000000 0.000000 0.000000 0.000000 0.000000 0.000000 109
-0.000000 0.000000 -0.696873 0.000000 0.000000 0.000000 0.000000 0.000000 0.000000 110
-0.000000 0.000000 -0.703220 0.000000 0.000000 0.000000 0.000000 0.000000 0.000000 111
-0.000000 0.000000 -0.709566 0.000000 0.000000 0.000000 0.000000 0.000000 0.000000 112
-0.000000 0.000000 -0.715913 0.000000 0.000000 0.000000 0.000000 0.000000 0.000000 113
-0.000000 0.000000 -0.722260 0.000000 0.000000 0.000000 0.000000 0.000000 0.000000 114
-0.000000 0.000000 -0.728607 0.000000 0.000000 0.000000 0.000000 0.000000 0.000000 115
-0.000000 0.000000 -0.734955 0.000000 0.000000 0.000000 0.000000 0.000000 0.000000 116
-0.000000 0.000000 -0.741302 0.000000 0.000000 0.000000 0.000000 0.000000 0.000000 117
-0.000000 0.000000 -0.747650 0.000000 0.000000 0.000000 0.000000 0.000000 0.000000 118
-0.000000 0.000000 -0.753998 0.000000 0.000000 0.000000 0.000000 0.000000 0.000000 119
-0.000000 0.000000 -0.760346 0.000000 0.000000 0.000000 0.000000 0.000000 0.000000 120
-0.000000 0.000000 -0.766694 0.000000 0.000000 0.000000 0.000000 0.000000 0.000000 121
-0.000000 0.000000 -0.773043 0.000000 0.000000 0.000000 0.000000 0.000000 0.000000 122
-0.000000 0.000000 -0.779392 0.000000 0.000000 0.000000 0.000000 0.000000 0.000000 123
-0.000000 0.000000 -0.785741 0.000000 0.000000 0.000000 0.000000 0.000000 0.000000 124
-0.000000 0.000000 -0.792090 0.000000 0.000000 0.000000 0.000000 0.000000 0.000000 125
-0.000000 0.000000 -0.798439 0.000000 0.000000 0.000000 0.000000 0.000000 0.000000 126
-0.000000 0.000000 -0.804789 0.000000 0.000000 0.000000 0.000000 0.000000 0.000000 127
-0.000000 0.000000 -0.811139 0.000000 0.000000 0.000000 0.000000 0.000000 0.000000 128
-0.000000 0.000000 -0.817489 0.000000 0.000000 0.000000 0.000000 0.000000 0.000000 129
-0.000000 0.000000 -0.823839 0.000000 0.000000 0.000000 0.000000 0.000000 0.000000 130
-0.000000 0.000000 -0.830189 0.000000 0.000000 0.000000 0.000000 0.000000 0.000000 131
-0.000000 0.000000 -0.836540 0.000000 0.000000 0.000000 0.000000 0.000000 0.000000 132
-0.000000 0.000000 -0.842891 0.000000 0.000000 0.000000 0.000000 0.000000 0.000000 133
-0.000000 0.000000 -0.849242 0.000000 0.000000 0.000000 0.000000 0.000000 0.000000 134
-0.000000 0.000000 -0.855593 0.000000 0.000000 0.000000 0.000000 0.000000 0.000000 135
-0.000000 0.000000 -0.861945 0.000000 0.000000 0.000000 0.000000 0.000000 0.000000 136
-0.000000 0.000000 -0.868296 0.000000 0.000000 0.000000 0.000000 0.000000 0.000000 137
-0.000000 0.000000 -0.874648 0.000000 0.000000 0.000000 0.000000 0.000000 0.000000 138
-0.000000 0.000000 -0.881000 0.000000 0.000000 0.000000 0.000000 0.000000 0.000000 139
-0.000000 0.000000 -0.887352 0.000000 0.000000 0.000000 0.000000 0.000000 0.000000 140
-0.000000 0.000000 -0.893705 0.000000 0.000000 0.000000 0.000000 0.000000 0.000000 141
-0.000000 0.000000 -0.900057 0.000000 0.000000 0.000000 0.000000 0.000000 0.000000 142
-0.000000 0.000000 -0.906410 0.000000 0.000000 0.000000 0.000000 0.000000 0.000000 143
-0.000000 0.000000 -0.912763 0.000000 0.000000 0.000000 0.000000 0.000000 0.000000 144
-0.000000 0.000000 -0.919116 0.000000 0.000000 0.000000 0.000000 0.000000 0.000000 145
-0.000000 0.000000 -0.925470 0.000000 0.000000 0.000000 0.000000 0.000000 0.000000 146
-0.000000 0.000000 -0.931823 0.000000 0.000000 0.000000 0.000000 0.000000 0.000000 147
-0.000000 0.000000 -0.938177 0.000000 0.000000 0.000000 0.000000 0.000000 0.000000 148
-0.000000 0.000000 -0.944531 0.000000 0.000000 0.000000 0.000000 0.000000 0.000000 149
-0.000000 0.000000 -0.950886 0.000000 0.000000 0.000000 0.000000 0.000000 0.000000 150
-0.000000 0.000000 -0.957240 0.000000 0.000000 0.000000 0.000000 0.000000 0.000000 151
-0.000000 0.000000 -0.963595 0.000000 0.000000 0.000000 0.000000 0.000000 0.000000 152
-0.000000 0.000000 -0.969950 0.000000 0.000000 0.000000 0.000000 0.000000 0.000000 153
-0.000000 0.000000 -0.976305 0.000000 0.000000 0.000000 0.000000 0.000000 0.000000 154
-0.000000 0.000000 -0.982660 0.000000 0.000000 0.000000 0.000000 0.000000 0.000000 155
-0.000000 0.000000 -0.989015 0.000000 0.000000 0.000000 0.000000 0.000000 0.000000 156
-0.000000 0.000000 -0.995371 0.000000 0.000000 0.000000 0.000000 0.000000 0.000000 157
-0.000000 0.000000 -1.001727 0.000000 0.000000 0.000000 0.000000 0.000000 0.000000 158
-0.000000 0.000000 -1.008083 0.000000 0.000000 0.000000 0.000000 0.000000 0.000000 159
-0.000000 0.000000 -1.014439 0.000000 0.000000 0.000000 0.000000 0.000000 0.000000 160
-0.000000 0.000000 -1.020796 0.000000 0.000000 0.000000 0.000000 0.000000 0.000000 161
-0.000000 0.000000 -1.027152 0.000000 0.000000 0.000000 0.000000 0.000000 0.000000 162
-0.000000 0.000000 -1.033509 0.000000 0.000000 0.000000 0.000000 0.000000 0.000000 163
-0.000000 0.000000 -1.039866 0.000000 0.000000 0.000000 0.000000 0.000000 0.000000 164
-0.000000 0.000000 -1.046224 0.000000 0.000000 0.000000 0.000000 0.000000 0.000000 165
-0.000000 0.000000 -1.052581 0.000000 0.000000 0.000000 0.000000 0.000000 0.000000 166
-0.000000 0.000000 -1.058939 0.000000 0.000000 0.000000 0.000000 0.000000 0.000000 167
-0.000000 0.000000 -1.065297 0.000000 0.000000 0.000000 0.000000 0.000000 0.000000 168
-0.000000 0.000000 -1.071655 0.000000 0.000000 0.000000 0.000000 0.000000 0.000000 169
-0.000000 0.000000 -1.078013 0.000000 0.000000 0.000000 0.000000 0.000000 0.000000 170
-0.000000 0.000000 -1.084372 0.000000 0.000000 0.000000 0.000000 0.000000 0.000000 171
-0.000000 0.000000 -1.090730 0.000000 0.000000 0.000000 0.000000 0.000000 0.000000 172
-0.000000 0.000000 -1.097089 0.000000 0.000000 0.000000 0.000000 0.000000 0.000000 173
-0.000000 0.000000 -1.103448 0.000000 0.000000 0.000000 0.000000 0.000000 0.000000 174
-0.000000 0.000000 -1.109808 0.000000 0.000000 0.000000 0.000000 0.000000 0.000000 175
-0.000000 0.000000 -1.116167 0.000000 0.000000 0.000000 0.000000 0.000000 0.000000 176
-0.000000 0.000000 -1.122527 0.000000 0.000000 0.000000 0.000000 0.000000 0.000000 177
-0.000000 0.000000 -1.128887 0.000000 0.000000 0.000000 0.000000 0.000000 0.000000 178
-0.000000 0.000000 -1.135247 0.000000 0.000000 0.000000 0.000000 0.000000 0.000000 179
-0.000000 0.000000 -1.141607 0.000000 0.000000 0.000000 0.000000 0.000000 0.000000 180
-0.000000 0.000000 -1.147968 0.000000 0.000000 0.000000 0.000000 0.000000 0.000000 181
-0.000000 0.000000 -1.154328 0.000000 0.000000 0.000000 0.000000 0.000000 0.000000 182
-0.000000 0.000000 -1.160689 0.000000 0.000000 0.000000 0.000000 0.000000 0.000000 183
-0.000000 0.000000 -1.167051 0.000000 0.000000 0.000000 0.000000 0.000000 0.000000 184
-0.000000 0.000000 -1.173412 0.000000 0.000000 0.000000 0.000000 0.000000 0.000000 185
-0.000000 0.000000 -1.179773 0.000000 0.000000 0.000000 0.000000 0.000000 0.000000 186
-0.000000 0.000000 -1.186135 0.000000 0.000000 0.000000 0.000000 0.000000 0.000000 187
-0.000000 0.000000 -1.192497 0.000000 0.000000 0.000000 0.000000 0.000000 0.000000 188
-0.000000 0.000000 -1.198859 0.000000 0.000000 0.000000 0.000000 0.000000 0.000000 189
-0.000000 0.000000 -1.205222 0.000000 0.000000 0.000000 0.000000 0.000000 0.000000 190
-0.000000 0.000000 -1.211584 0.000000 0.000000 0.000000 0.000000 0.000000 0.000000 191
-0.000000 0.000000 -1.217947 0.000000 0.000000 0.000000 0.000000 0.000000 0.000000 192
-0.000000 0.000000 -1.224310 0.000000 0.000000 0.000000 0.000000 0.000000 0.000000 193
-0.000000 0.000000 -1.230673 0.000000 0.000000 0.000000 0.000000 0.000000 0.000000 194
-0.000000 0.000000 -1.237036 0.000000 0.000000 0.000000 0.000000 0.000000 0.000000 195
-0.000000 0.000000 -1.243400 0.000000 0.000000 0.000000 0.000000 0.000000 0.000000 196
-0.000000 0.000000 -1.249764 0.000000 0.000000 0.000000 0.000000 0.000000 0.000000 197
-0.000000 0.000000 -1.256128 0.000000 0.000000 0.000000 0.000000 0.000000 0.000000 198
-0.000000 0.000000 -1.262492 0.000000 0.000000 0.000000 0.000000 0.000000 0.000000 199
-0.000000 0.000000 -1.268856 0.000000 0.000000 0.000000 0.000000 0.000000 0.000000 200
-0.000000 0.000000 -1.275221 0.000000 0.000000 0.000000 0.000000 0.000000 0.000000 201
-0.000000 0.000000 -1.281586 0.000000 0.000000 0.000000 0.000000 0.000000 0.000000 202
-0.000000 0.000000 -1.287951 0.000000 0.000000 0.000000 0.000000 0.000000 0.000000 203
-0.000000 0.000000 -1.294316 0.000000 0.000000 0.000000 0.000000 0.000000 0.000000 204
-0.000000 0.000000 -1.300681 0.000000 0.000000 0.000000 0.000000 0.000000 0.000000 205
-0.000000 0.000000 -1.307047 0.000000 0.000000 0.000000 0.000000 0.000000 0.000000 206
-0.000000 0.000000 -1.313413 0.000000 0.000000 0.000000 0.000000 0.000000 0.000000 207
-0.000000 0.000000 -1.319779 0.000000 0.000000 0.000000 0.000000 0.000000 0.000000 208
-0.000000 0.000000 -1.326145 0.000000 0.000000 0.000000 0.000000 0.000000 0.000000 209
-0.000000 0.000000 -1.332511 0.000000 0.000000 0.000000 0.000000 0.000000 0.000000 210
-0.000000 0.000000 -1.338878 0.000000 0.000000 0.000000 0.000000 0.000000 0.000000 211
-0.000000 0.000000 -1.345245 0.000000 0.000000 0.000000 0.000000 0.000000 0.000000 212
-0.000000 0.000000 -1.351612 0.000000 0.000000 0.000000 0.000000 0.000000 0.000000 213
-0.000000 0.000000 -1.357979 0.000000 0.000000 0.000000 0.000000 0.000000 0.000000 214
-0.000000 0.000000 -1.364346 0.000000 0.000000 0.000000 0.000000 0.000000 0.000000 215
-0.000000 0.000000 -1.370714 0.000000 0.000000 0.000000 0.000000 0.000000 0.000000 216
-0.000000 0.000000 -1.377082 0.000000 0.000000 0.000000 0.000000 0.000000 0.000000 217
-0.000000 0.000000 -1.383450 0.000000 0.000000 0.000000 0.000000 0.000000 0.000000 218
-0.000000 0.000000 -1.389818 0.000000 0.000000 0.000000 0.000000 0.000000 0.000000 219
-0.000000 0.000000 -1.396186 0.000000 0.000000 0.000000 0.000000 0.000000 0.000000 220
-0.000000 0.000000 -1.402555 0.000000 0.000000 0.000000 0.000000 0.000000 0.000000 221
-0.000000 0.000000 -1.408924 0.000000 0.000000 0.000000 0.000000 0.000000 0.000000 222
-0.000000 0.000000 -1.415293 0.000000 0.000000 0.000000 0.000000 0.000000 0.000000 223
-0.000000 0.000000 -1.421662 0.000000 0.000000 0.000000 0.000000 0.000000 0.000000 224
-0.000000 0.000000 -1.428032 0.000000 0.000000 0.000000 0.000000 0.000000 0.000000 225
-0.000000 0.000000 -1.434401 0.000000 0.000000 0.000000 0.000000 0.000000 0.000000 226
-0.000000 0.000000 -1.440771 0.000000 0.000000 0.000000 0.000000 0.000000 0.000000 227
-0.000000 0.000000 -1.447141 0.000000 0.000000 0.000000 0.000000 0.000000 0.000000 228
-0.000000 0.000000 -1.453512 0.000000 0.000000 0.000000 0.000000 0.000000 0.000000 229
-0.000000 0.000000 -1.459882 0.000000 0.000000 0.000000 0.000000 0.000000 0.000000 230
-0.000000 0.000000 -1.466253 0.000000 0.000000 0.000000 0.000000 0.000000 0.000000 231
-0.000000 0.000000 -1.472624 0.000000 0.000000 0.000000 0.000000 0.000000 0.000000 232
-0.000000 0.000000 -1.478995 0.000000 0.000000 0.000000 0.000000 0.000000 0.000000 233
-0.000000 0.000000 -1.485366 0.000000 0.000000 0.000000 0.000000 0.000000 0.000000 234
-0.000000 0.000000 -1.491738 0.000000 0.000000 0.000000 0.000000 0.000000 0.000000 235
-0.000000 0.000000 -1.498109 0.000000 0.000000 0.000000 0.000000 0.000000 0.000000 236
-0.000000 0.000000 -1.504481 0.000000 0.000000 0.000000 0.000000 0.000000 0.000000 237
-0.000000 0.000000 -1.510853 0.000000 0.000000 0.000000 0.000000 0.000000 0.000000 238
-0.000000 0.000000 -1.517226 0.000000 0.000000 0.000000 0.000000 0.000000 0.000000 239
-0.000000 0.000000 -1.523598 0.000000 0.000000 0.000000 0.000000 0.000000 0.000000 240
-0.000000 0.000000 -1.529971 0.000000 0.000000 0.000000 0.000000 0.000000 0.000000 241
-0.000000 0.000000 -1.536344 0.000000 0.000000 0.000000 0.000000 0.000000 0.000000 242
-0.000000 0.000000 -1.542717 0.000000 0.000000 0.000000 0.000000 0.000000 0.000000 243
-0.000000 0.000000 -1.549090 0.000000 0.000000 0.000000 0.000000 0.000000 0.000000 244
-0.000000 0.000000 -1.555464 0.000000 0.000000 0.000000 0.000000 0.000000 0.000000 245
-0.000000 0.000000 -1.561837 0.000000 0.000000 0.000000 0.000000 0.000000 0.000000 246
-0.000000 0.000000 -1.568211 0.000000 0.000000 0.000000 0.000000 0.000000 0.000000 247
-0.000000 0.000000 -1.574585 0.000000 0.000000 0.000000 0.000000 0.000000 0.000000 248
-0.000000 0.000000 -1.580960 0.000000 0.000000 0.000000 0.000000 0.000000 0.000000 249
-0.000000 0.000000 -1.587334 0.000000 0.000000 0.000000 0.000000 0.000000 0.000000 250
-0.000000 0.000000 -1.593709 0.000000 0.000000 0.000000 0.000000 0.000000 0.000000 251
-0.000000 0.000000 -1.600084 0.000000 0.000000 0.000000 0.000000 0.000000 0.000000 252
-0.000000 0.000000 -1.606459 0.000000 0.000000 0.000000 0.000000 0.000000 0.000000 253
-0.000000 0.000000 -1.612835 0.000000 0.000000 0.000000 0.000000 0.000000 0.000000 254
-0.000000 0.000000 -1.619210 0.000000 0.000000 0.000000 0.000000 0.000000 0.000000 255
-0.000000 0.000000 -1.625586 0.000000 0.000000 0.000000 0.000000 0.000000 0.000000 256
-0.000000 0.000000 -1.631962 0.000000 0.000000 0.000000 0.000000 0.000000 0.000000 257
-0.000000 0.000000 -1.638338 0.000000 0.000000 0.000000 0.000000 0.000000 0.000000 258
-0.000000 0.000000 -1.644714 0.000000 0.000000 0.000000 0.000000 0.000000 0.000000 259
-0.000000 0.000000 -1.651091 0.000000 0.000000 0.000000 0.000000 0.000000 0.000000 260
-0.000000 0.000000 -1.657468 0.000000 0.000000 0.000000 0.000000 0.000000 0.000000 261
-0.000000 0.000000 -1.663845 0.000000 0.000000 0.000000 0.000000 0.000000 0.000000 262
-0.000000 0.000000 -1.670222 0.000000 0.000000 0.000000 0.000000 0.000000 0.000000 263
-0.000000 0.000000 -1.676599 0.000000 0.000000 0.000000 0.000000 0.000000 0.000000 264
-0.000000 0.000000 -1.682977 0.000000 0.000000 0.000000 0.000000 0.000000 0.000000 265
-0.000000 0.000000 -1.689355 0.000000 0.000000 0.000000 0.000000 0.000000 0.000000 266
-0.000000 0.000000 -1.695733 0.000000 0.000000 0.000000 0.000000 0.000000 0.000000 267
-0.000000 0.000000 -1.702111 0.000000 0.000000 0.000000 0.000000 0.000000 0.000000 268
-0.000000 0.000000 -1.708490 0.000000 0.000000 0.000000 0.000000 0.000000 0.000000 269
-0.000000 0.000000 -1.714868 0.000000 0.000000 0.000000 0.000000 0.000000 0.000000 270
-0.000000 0.000000 -1.721247 0.000000 0.000000 0.000000 0.000000 0.000000 0.000000 271
-0.000000 0.000000 -1.727626 0.000000 0.000000 0.000000 0.000000 0.000000 0.000000 272
-0.000000 0.000000 -1.734005 0.000000 0.000000 0.000000 0.000000 0.000000 0.000000 273
-0.000000 0.000000 -1.740385 0.000000 0.000000 0.000000 0.000000 0.000000 0.000000 274
-0.000000 0.000000 -1.746764 0.000000 0.000000 0.000000 0.000000 0.000000 0.000000 275
-0.000000 0.000000 -1.753144 0.000000 0.000000 0.000000 0.000000 0.000000 0.000000 276
-0.000000 0.000000 -1.759524 0.000000 0.000000 0.000000 0.000000 0.000000 0.000000 277
-0.000000 0.000000 -1.765904 0.000000 0.000000 0.000000 0.000000 0.000000 0.000000 278
-0.000000 0.000000 -1.772285 0.000000 0.000000 0.000000 0.000000 0.000000 0.000000 279
-0.000000 0.000000 -1.778666 0.000000 0.000000 0.000000 0.000000 0.000000 0.000000 280
-0.000000 0.000000 -1.785047 0.000000 0.000000 0.000000 0.000000 0.000000 0.000000 281
-0.000000 0.000000 -1.791428 0.000000 0.000000 0.000000 0.000000 0.000000 0.000000 282
-0.000000 0.000000 -1.797809 0.000000 0.000000 0.000000 0.000000 0.000000 0.000000 283
-0.000000 0.000000 -1.804190 0.000000 0.000000 0.000000 0.000000 0.000000 0.000000 284
-0.000000 0.000000 -1.810572 0.000000 0.000000 0.000000 0.000000 0.000000 0.000000 285
-0.000000 0.000000 -1.816954 0.000000 0.000000 0.000000 0.000000 0.000000 0.000000 286
-0.000000 0.000000 -1.823336 0.000000 0.000000 0.000000 0.000000 0.000000 0.000000 287
-0.000000 0.000000 -1.829718 0.000000 0.000000 0.000000 0.000000 0.000000 0.000000 288
-0.000000 0.000000 -1.836101 0.000000 0.000000 0.000000 0.000000 0.000000 0.000000 289
-0.000000 0.000000 -1.842484 0.000000 0.000000 0.000000 0.000000 0.000000 0.000000 290
-0.000000 0.000000 -1.848866 0.000000 0.000000 0.000000 0.000000 0.000000 0.000000 291
-0.000000 0.000000 -1.855250 0.000000 0.000000 0.000000 0.000000 0.000000 0.000000 292
-0.000000 0.000000 -1.861633 0.000000 0.000000 0.000000 0.000000 0.000000 0.000000 293
-0.000000 0.000000 -1.868016 0.000000 0.000000 0.000000 0.000000 0.000000 0.000000 294
-0.000000 0.000000 -1.874400 0.000000 0.000000 0.000000 0.000000 0.000000 0.000000 295
-0.000000 0.000000 -1.880784 0.000000 0.000000 0.000000 0.000000 0.000000 0.000000 296
-0.000000 0.000000 -1.887168 0.000000 0.000000 0.000000 0.000000 0.000000 0.000000 297
-0.000000 0.000000 -1.893553 0.000000 0.000000 0.000000 0.000000 0.000000 0.000000 298
-0.000000 0.000000 -1.899937 0.000000 0.000000 0.000000 0.000000 0.000000 0.000000 299
-0.000000 0.000000 -1.906322 0.000000 0.000000 0.000000 0.000000 0.000000 0.000000 300
-0.000000 0.000000 -1.912707 0.000000 0.000000 0.000000 0.000000 0.000000 0.000000 301
-0.000000 0.000000 -1.919092 0.000000 0.000000 0.000000 0.000000 0.000000 0.000000 302
-0.000000 0.000000 -1.925477 0.000000 0.000000 0.000000 0.000000 0.000000 0.000000 303
-0.000000 0.000000 -1.931863 0.000000 0.000000 0.000000 0.000000 0.000000 0.000000 304
-0.000000 0.000000 -1.938249 0.000000 0.000000 0.000000 0.000000 0.000000 0.000000 305
-0.000000 0.000000 -1.944635 0.000000 0.000000 0.000000 0.000000 0.000000 0.000000 306
-0.000000 0.000000 -1.951021 0.000000 0.000000 0.000000 0.000000 0.000000 0.000000 307
-0.000000 0.000000 -1.957407 0.000000 0.000000 0.000000 0.000000 0.000000 0.000000 308
-0.000000 0.000000 -1.963794 0.000000 0.000000 0.000000 0.000000 0.000000 0.000000 309
-0.000000 0.000000 -1.970181 0.000000 0.000000 0.000000 0.000000 0.000000 0.000000 310
-0.000000 0.000000 -1.976568 0.000000 0.000000 0.000000 0.000000 0.000000 0.000000 311
-0.000000 0.000000 -1.982955 0.000000 0.000000 0.000000 0.000000 0.000000 0.000000 312
-0.000000 0.000000 -1.989342 0.000000 0.000000 0.000000 0.000000 0.000000 0.000000 313
-0.000000 0.000000 -1.995730 0.000000 0.000000 0.000000 0.000000 0.000000 0.000000 314
-0.000000 0.000000 -2.002118 0.000000 0.000000 0.000000 0.000000 0.000000 0.000000 315
-0.000000 0.000000 -2.008506 0.000000 0.000000 0.000000 0.000000 0.000000 0.000000 316
-0.000000 0.000000 -2.014894 0.000000 0.000000 0.000000 0.000000 0.000000 0.000000 317
-0.000000 0.000000 -2.021282 0.000000 0.000000 0.000000 0.000000 0.000000 0.000000 318
-0.000000 0.000000 -2.027671 0.000000 0.000000 0.000000 0.000000 0.000000 0.000000 319
-0.000000 0.000000 -2.034060 0.000000 0.000000 0.000000 0.000000 0.000000 0.000000 320
-0.000000 0.000000 -2.040449 0.000000 0.000000 0.000000 0.000000 0.000000 0.000000 321
-0.000000 0.000000 -2.046838 0.000000 0.000000 0.000000 0.000000 0.000000 0.000000 322
-0.000000 0.000000 -2.053228 0.000000 0.000000 0.000000 0.000000 0.000000 0.000000 323
-0.000000 0.000000 -2.059617 0.000000 0.000000 0.000000 0.000000 0.000000 0.000000 324
-0.000000 0.000000 -2.066007 0.000000 0.000000 0.000000 0.000000 0.000000 0.000000 325
-0.000000 0.000000 -2.072397 0.000000 0.000000 0.000000 0.000000 0.000000 0.000000 326
-0.000000 0.000000 -2.078788 0.000000 0.000000 0.000000 0.000000 0.000000 0.000000 327
-0.000000 0.000000 -2.085178 0.000000 0.000000 0.000000 0.000000 0.000000 0.000000 328
-0.000000 0.000000 -2.091569 0.000000 0.000000 0.000000 0.000000 0.000000 0.000000 329
-0.000000 0.000000 -2.097960 0.000000 0.000000 0.000000 0.000000 0.000000 0.000000 330
-0.000000 0.000000 -2.104351 0.000000 0.000000 0.000000 0.000000 0.000000 0.000000 331
-0.000000 0.000000 -2.110742 0.000000 0.000000 0.000000 0.000000 0.000000 0.000000 332
-0.000000 0.000000 -2.117134 0.000000 0.000000 0.000000 0.000000 0.000000 0.000000 333
-0.000000 0.000000 -2.123525 0.000000 0.000000 0.000000 0.000000 0.000000 0.000000 334
-0.000000 0.000000 -2.129917 0.000000 0.000000 0.000000 0.000000 0.000000 0.000000 335
-0.000000 0.000000 -2.136309 0.000000 0.000000 0.000000 0.000000 0.000000 0.000000 336
-0.000000 0.000000 -2.142702 0.000000 0.000000 0.000000 0.000000 0.000000 0.000000 337
-0.000000 0.000000 -2.149094 0.000000 0.000000 0.000000 0.000000 0.000000 0.000000 338
-0.000000 0.000000 -2.155487 0.000000 0.000000 0.000000 0.000000 0.000000 0.000000 339
-0.000000 0.000000 -2.161880 0.000000 0.000000 0.000000 0.000000 0.000000 0.000000 340
-0.000000 0.000000 -2.168273 0.000000 0.000000 0.000000 0.000000 0.000000 0.000000 341
-0.000000 0.000000 -2.174666 0.000000 0.000000 0.000000 0.000000 0.000000 0.000000 342
-0.000000 0.000000 -2.181060 0.000000 0.000000 0.000000 0.000000 0.000000 0.000000 343
-0.000000 0.000000 -2.187454 0.000000 0.000000 0.000000 0.000000 0.000000 0.000000 344
-0.000000 0.000000 -2.193848 0.000000 0.000000 0.000000 0.000000 0.000000 0.000000 345
-0.000000 0.000000 -2.200242 0.000000 0.000000 0.000000 0.000000 0.000000 0.000000 346
-0.000000 0.000000 -2.206636 0.000000 0.000000 0.000000 0.000000 0.000000 0.000000 347
-0.000000 0.000000 -2.213031 0.000000 0.000000 0.000000 0.000000 0.000000 0.000000 348
-0.000000 0.000000 -2.219426 0.000000 0.000000 0.000000 0.000000 0.000000 0.000000 349
-0.000000 0.000000 -2.225821 0.000000 0.000000 0.000000 0.000000 0.000000 0.000000 350
-0.000000 0.000000 -2.232216 0.000000 0.000000 0.000000 0.000000 0.000000 0.000000 351
-0.000000 0.000000 -2.238611 0.000000 0.000000 0.000000 0.000000 0.000000 0.000000 352
-0.000000 0.000000 -2.245007 0.000000 0.000000 0.000000 0.000000 0.000000 0.000000 353
-0.000000 0.000000 -2.251403 0.000000 0.000000 0.000000 0.000000 0.000000 0.000000 354
-0.000000 0.000000 -2.257799 0.000000 0.000000 0.000000 0.000000 0.000000 0.000000 355
-0.000000 0.000000 -2.264195 0.000000 0.000000 0.000000 0.000000 0.000000 0.000000 356
-0.000000 0.000000 -2.270591 0.000000 0.000000 0.000000 0.000000 0.000000 0.000000 357
-0.000000 0.000000 -2.276988 0.000000 0.000000 0.000000 0.000000 0.000000 0.000000 358
-0.000000 0.000000 -2.283385 0.000000 0.000000 0.000000 0.000000 0.000000 0.000000 359
-0.000000 0.000000 -2.289782 0.000000 0.000000 0.000000 0.000000 0.000000 0.000000 360
-0.000000 0.000000 -2.296179 0.000000 0.000000 0.000000 0.000000 0.000000 0.000000 361
-0.000000 0.000000 -2.302577 0.000000 0.000000 0.000000 0.000000 0.000000 0.000000 362
-0.000000 0.000000 -2.308974 0.000000 0.000000 0.000000 0.000000 0.000000 0.000000 363
-0.000000 0.000000 -2.315372 0.000000 0.000000 0.000000 0.000000 0.000000 0.000000 364
-0.000000 0.000000 -2.321770 0.000000 0.000000 0.000000 0.000000 0.000000 0.000000 365
-0.000000 0.000000 -2.328169 0.000000 0.000000 0.000000 0.000000 0.000000 0.000000 366
-0.000000 0.000000 -2.334567 0.000000 0.000000 0.000000 0.000000 0.000000 0.000000 367
-0.000000 0.000000 -2.340966 0.000000 0.000000 0.000000 0.000000 0.000000 0.000000 368
-0.000000 0.000000 -2.347365 0.000000 0.000000 0.000000 0.000000 0.000000 0.000000 369
-0.000000 0.000000 -2.353764 0.000000 0.000000 0.000000 0.000000 0.000000 0.000000 370
-0.000000 0.000000 -2.360163 0.000000 0.000000 0.000000 0.000000 0.000000 0.000000 371
-0.000000 0.000000 -2.366563 0.000000 0.000000 0.000000 0.000000 0.000000 0.000000 372
-0.000000 0.000000 -2.372962 0.000000 0.000000 0.000000 0.000000 0.000000 0.000000 373
-0.000000 0.000000 -2.379362 0.000000 0.000000 0.000000 0.000000 0.000000 0.000000 374
-0.000000 0.000000 -2.385762 0.000000 0.000000 0.000000 0.000000 0.000000 0.000000 375
-0.000000 0.000000 -2.392163 0.000000 0.000000 0.000000 0.000000 0.000000 0.000000 376
-0.000000 0.000000 -2.398563 0.000000 0.000000 0.000000 0.000000 0.000000 0.000000 377
-0.000000 0.000000 -2.404964 0.000000 0.000000 0.000000 0.000000 0.000000 0.000000 378
-0.000000 0.000000 -2.411365 0.000000 0.000000 0.000000 0.000000 0.000000 0.000000 379
-0.000000 0.000000 -2.417766 0.000000 0.000000 0.000000 0.000000 0.000000 0.000000 380
-0.000000 0.000000 -2.424168 0.000000 0.000000 0.000000 0.000000 0.000000 0.000000 381
-0.000000 0.000000 -2.430569 0.000000 0.000000 0.000000 0.000000 0.000000 0.000000 382
-0.000000 0.000000 -2.436971 0.000000 0.000000 0.000000 0.000000 0.000000 0.000000 383
-0.000000 0.000000 -2.443373 0.000000 0.000000 0.000000 0.000000 0.000000 0.000000 384
-0.000000 0.000000 -2.449775 0.000000 0.000000 0.000000 0.000000 0.000000 0.000000 385
-0.000000 0.000000 -2.456178 0.000000 0.000000 0.000000 0.000000 0.000000 0.000000 386
-0.000000 0.000000 -2.462580 0.000000 0.000000 0.000000 0.000000 0.000000 0.000000 387
-0.000000 0.000000 -2.468983 0.000000 0.000000 0.000000 0.000000 0.000000 0.000000 388
-0.000000 0.000000 -2.475386 0.000000 0.000000 0.000000 0.000000 0.000000 0.000000 389
-0.000000 0.000000 -2.481789 0.000000 0.000000 0.000000 0.000000 0.000000 0.000000 390
-0.000000 0.000000 -2.488193 0.000000 0.000000 0.000000 0.000000 0.000000 0.000000 391
-0.000000 0.000000 -2.494596 0.000000 0.000000 0.000000 0.000000 0.000000 0.000000 392
-0.000000 0.000000 -2.501000 0.000000 0.000000 0.000000 0.000000 0.000000 0.000000 393
-0.000000 0.000000 -2.507404 0.000000 0.000000 0.000000 0.000000 0.000000 0.000000 394
-0.000000 0.000000 -2.513808 0.000000 0.000000 0.000000 0.000000 0.000000 0.000000 395
-0.000000 0.000000 -2.520213 0.000000 0.000000 0.000000 0.000000 0.000000 0.000000 396
-0.000000 0.000000 -2.526617 0.000000 0.000000 0.000000 0.000000 0.000000 0.000000 397
-0.000000 0.000000 -2.533022 0.000000 0.000000 0.000000 0.000000 0.000000 0.000000 398
-0.000000 0.000000 -2.539427 0.000000 0.000000 0.000000 0.000000 0.000000 0.000000 399
-0.000000 0.000000 -2.545833 0.000000 0.000000 0.000000 0.000000 0.000000 0.000000 400
-0.000000 0.000000 -2.552238 0.000000 0.000000 0.000000 0.000000 0.000000 0.000000 401
-0.000000 0.000000 -2.558644 0.000000 0.000000 0.000000 0.000000 0.000000 0.000000 402
-0.000000 0.000000 -2.565050 0.000000 0.000000 0.000000 0.000000 0.000000 0.000000 403
-0.000000 0.000000 -2.571456 0.000000 0.000000 0.000000 0.000000 0.000000 0.000000 404
-0.000000 0.000000 -2.577862 0.000000 0.000000 0.000000 0.000000 0.000000 0.000000 405
-0.000000 0.000000 -2.584269 0.000000 0.000000 0.000000 0.000000 0.000000 0.000000 406
-0.000000 0.000000 -2.590675 0.000000 0.000000 0.000000 0.000000 0.000000 0.000000 407
-0.000000 0.000000 -2.597082 0.000000 0.000000 0.000000 0.000000 0.000000 0.000000 408
-0.000000 0.000000 -2.603490 0.000000 0.000000 0.000000 0.000000 0.000000 0.000000 409
-0.000000 0.000000 -2.609897 0.000000 0.000000 0.000000 0.000000 0.000000 0.000000 410
-0.000000 0.000000 -2.616304 0.000000 0.000000 0.000000 0.000000 0.000000 0.000000 411
-0.000000 0.000000 -2.622712 0.000000 0.000000 0.000000 0.000000 0.000000 0.000000 412
-0.000000 0.000000 -2.629120 0.000000 0.000000 0.000000 0.000000 0.000000 0.000000 413
-0.000000 0.000000 -2.635528 0.000000 0.000000 0.000000 0.000000 0.000000 0.000000 414
-0.000000 0.000000 -2.641937 0.000000 0.000000 0.000000 0.000000 0.000000 0.000000 415
-0.000000 0.000000 -2.648345 0.000000 0.000000 0.000000 0.000000 0.000000 0.000000 416
-0.000000 0.000000 -2.654754 0.000000 0.000000 0.000000 0.000000 0.000000 0.000000 417
-0.000000 0.000000 -2.661163 0.000000 0.000000 0.000000 0.000000 0.000000 0.000000 418
-0.000000 0.000000 -2.667572 0.000000 0.000000 0.000000 0.000000 0.000000 0.000000 419
-0.000000 0.000000 -2.673982 0.000000 0.000000 0.000000 0.000000 0.000000 0.000000 420
-0.000000 0.000000 -2.680391 0.000000 0.000000 0.000000 0.000000 0.000000 0.000000 421
-0.000000 0.000000 -2.686801 0.000000 0.000000 0.000000 0.000000 0.000000 0.000000 422
-0.000000 0.000000 -2.693211 0.000000 0.000000 0.000000 0.000000 0.000000 0.000000 423
-0.000000 0.000000 -2.699621 0.000000 0.000000 0.000000 0.000000 0.000000 0.000000 424
-0.000000 0.000000 -2.706032 0.000000 0.000000 0.000000 0.000000 0.000000 0.000000 425
-0.000000 0.000000 -2.712442 0.000000 0.000000 0.000000 0.000000 0.000000 0.000000 426
-0.000000 0.000000 -2.718853 0.000000 0.000000 0.000000 0.000000 0.000000 0.000000 427
-0.000000 0.000000 -2.725264 0.000000 0.000000 0.000000 0.000000 0.000000 0.000000 428
-0.000000 0.000000 -2.731676 0.000000 0.000000 0.000000 0.000000 0.000000 0.000000 429
-0.000000 0.000000 -2.738087 0.000000 0.000000 0.000000 0.000000 0.000000 0.000000 430
-0.000000 0.000000 -2.744499 0.000000 0.000000 0.000000 0.000000 0.000000 0.000000 431
-0.000000 0.000000 -2.750911 0.000000 0.000000 0.000000 0.000000 0.000000 0.000000 432
-0.000000 0.000000 -2.757323 0.000000 0.000000 0.000000 0.000000 0.000000 0.000000 433
-0.000000 0.000000 -2.763735 0.000000 0.000000 0.000000 0.000000 0.000000 0.000000 434
-0.000000 0.000000 -2.770148 0.000000 0.000000 0.000000 0.000000 0.000000 0.000000 435
-0.000000 0.000000 -2.776560 0.000000 0.000000 0.000000 0.000000 0.000000 0.000000 436
-0.000000 0.000000 -2.782973 0.000000 0.000000 0.000000 0.000000 0.000000 0.000000 437
-0.000000 0.000000 -2.789386 0.000000 0.000000 0.000000 0.000000 0.000000 0.000000 438
-0.000000 0.000000 -2.795800 0.000000 0.000000 0.000000 0.000000 0.000000 0.000000 439
-0.000000 0.000000 -2.802213 0.000000 0.000000 0.000000 0.000000 0.000000 0.000000 440
-0.000000 0.000000 -2.808627 0.000000 0.000000 0.000000 0.000000 0.000000 0.000000 441
-0.000000 0.000000 -2.815041 0.000000 0.000000 0.000000 0.000000 0.000000 0.000000 442
-0.000000 0.000000 -2.821455 0.000000 0.000000 0.000000 0.000000 0.000000 0.000000 443
-0.000000 0.000000 -2.827869 0.000000 0.000000 0.000000 0.000000 0.000000 0.000000 444
-0.000000 0.000000 -2.834284 0.000000 0.000000 0.000000 0.000000 0.000000 0.000000 445
-0.000000 0.000000 -2.840699 0.000000 0.000000 0.000000 0.000000 0.000000 0.000000 446
-0.000000 0.000000 -2.847114 0.000000 0.000000 0.000000 0.000000 0.000000 0.000000 447
-0.000000 0.000000 -2.853529 0.000000 0.000000 0.000000 0.000000 0.000000 0.000000 448
-0.000000 0.000000 -2.859944 0.000000 0.000000 0.000000 0.000000 0.000000 0.000000 449
-0.000000 0.000000 -2.866360 0.000000 0.000000 0.000000 0.000000 0.000000 0.000000 450
-0.000000 0.000000 -2.872776 0.000000 0.000000 0.000000 0.000000 0.000000 0.000000 451
-0.000000 0.000000 -2.879192 0.000000 0.000000 0.000000 0.000000 0.000000 0.000000 452
-0.000000 0.000000 -2.885608 0.000000 0.000000 0.000000 0.000000 0.000000 0.000000 453
-0.000000 0.000000 -2.892024 0.000000 0.000000 0.000000 0.000000 0.000000 0.000000 454
-0.000000 0.000000 -2.898441 0.000000 0.000000 0.000000 0.000000 0.000000 0.000000 455
-0.000000 0.000000 -2.904858 0.000000 0.000000 0.000000 0.000000 0.000000 0.000000 456
-0.000000 0.000000 -2.911275 0.000000 0.000000 0.000000 0.000000 0.000000 0.000000 457
-0.000000 0.000000 -2.917692 0.000000 0.000000 0.000000 0.000000 0.000000 0.000000 458
-0.000000 0.000000 -2.924110 0.000000 0.000000 0.000000 0.000000 0.000000 0.000000 459
-0.000000 0.000000 -2.930527 0.000000 0.000000 0.000000 0.000000 0.000000 0.000000 460
-0.000000 0.000000 -2.936945 0.000000 0.000000 0.000000 0.000000 0.000000 0.000000 461
-0.000000 0.000000 -2.943363 0.000000 0.000000 0.000000 0.000000 0.000000 0.000000 462
-0.000000 0.000000 -2.949782 0.000000 0.000000 0.000000 0.000000 0.000000 0.000000 463
-0.000000 0.000000 -2.956200 0.000000 0.000000 0.000000 0.000000 0.000000 0.000000 464
-0.000000 0.000000 -2.962619 0.000000 0.000000 0.000000 0.000000 0.000000 0.000000 465
-0.000000 0.000000 -2.969038 0.000000 0.000000 0.000000 0.000000 0.000000 0.000000 466
-0.000000 0.000000 -2.975457 0.000000 0.000000 0.000000 0.000000 0.000000 0.000000 467
-0.000000 0.000000 -2.981876 0.000000 0.000000 0.000000 0.000000 0.000000 0.000000 468
-0.000000 0.000000 -2.988296 0.000000 0.000000 0.000000 0.000000 0.000000 0.000000 469
-0.000000 0.000000 -2.994715 0.000000 0.000000 0.000000 0.000000 0.000000 0.000000 470
-0.000000 0.000000 -3.001135 0.000000 0.000000 0.000000 0.000000 0.000000 0.000000 471
-0.000000 0.000000 -3.007556 0.000000 0.000000 0.000000 0.000000 0.000000 0.000000 472
-0.000000 0.000000 -3.013976 0.000000 0.000000 0.000000 0.000000 0.000000 0.000000 473
-0.000000 0.000000 -3.020396 0.000000 0.000000 0.000000 0.000000 0.000000 0.000000 474
-0.000000 0.000000 -3.026817 0.000000 0.000000 0.000000 0.000000 0.000000 0.000000 475
-0.000000 0.000000 -3.033238 0.000000 0.000000 0.000000 0.000000 0.000000 0.000000 476
-0.000000 0.000000 -3.039659 0.000000 0.000000 0.000000 0.000000 0.000000 0.000000 477
-0.000000 0.000000 -3.046081 0.000000 0.000000 0.000000 0.000000 0.000000 0.000000 478
-0.000000 0.000000 -3.052502 0.000000 0.000000 0.000000 0.000000 0.000000 0.000000 479
-0.000000 0.000000 -3.058924 0.000000 0.000000 0.000000 0.000000 0.000000 0.000000 480
-0.000000 0.000000 -3.065346 0.000000 0.000000 0.000000 0.000000 0.000000 0.000000 481
-0.000000 0.000000 -3.071768 0.000000 0.000000 0.000000 0.000000 0.000000 0.000000 482
-0.000000 0.000000 -3.078191 0.000000 0.000000 0.000000 0.000000 0.000000 0.000000 483
-0.000000 0.000000 -3.084614 0.000000 0.000000 0.000000 0.000000 0.000000 0.000000 484
-0.000000 0.000000 -3.091036 0.000000 0.000000 0.000000 0.000000 0.000000 0.000000 485
-0.000000 0.000000 -3.097459 0.000000 0.000000 0.000000 0.000000 0.000000 0.000000 486
-0.000000 0.000000 -3.103883 0.000000 0.000000 0.000000 0.000000 0.000000 0.000000 487
-0.000000 0.000000 -3.110306 0.000000 0.000000 0.000000 0.000000 0.000000 0.000000 488
-0.000000 0.000000 -3.116730 0.000000 0.000000 0.000000 0.000000 0.000000 0.000000 489
-0.000000 0.000000 -3.123154 0.000000 0.000000 0.000000 0.000000 0.000000 0.000000 490
-0.000000 0.000000 -3.129578 0.000000 0.000000 0.000000 0.000000 0.000000 0.000000 491
-0.000000 0.000000 -3.136002 0.000000 0.000000 0.000000 0.000000 0.000000 0.000000 492
-0.000000 0.000000 -3.142427 0.000000 0.000000 0.000000 0.000000 0.000000 0.000000 493
-0.000000 0.000000 -3.148851 0.000000 0.000000 0.000000 0.000000 0.000000 0.000000 494
-0.000000 0.000000 -3.155276 0.000000 0.000000 0.000000 0.000000 0.000000 0.000000 495
-0.000000 0.000000 -3.161701 0.000000 0.000000 0.000000 0.000000 0.000000 0.000000 496
-0.000000 0.000000 -3.168127 0.000000 0.000000 0.000000 0.000000 0.000000 0.000000 497
-0.000000 0.000000 -3.174552 0.000000 0.000000 0.000000 0.000000 0.000000 0.000000 498
-0.000000 0.000000 -3.180978 0.000000 0.000000 0.000000 0.000000 0.000000 0.000000 499
-0.000000 0.000000 -3.187404 0.000000 0.000000 0.000000 0.000000 0.000000 0.000000 500
-0.000000 0.000000 -3.193830 0.000000 0.000000 0.000000 0.000000 0.000000 0.000000 501
-0.000000 0.000000 -3.200257 0.000000 0.000000 0.000000 0.000000 0.000000 0.000000 502
-0.000000 0.000000 -3.206683 0.000000 0.000000 0.000000 0.000000 0.000000 0.000000 503
-0.000000 0.000000 -3.213110 0.000000 0.000000 0.000000 0.000000 0.000000 0.000000 504
-0.000000 0.000000 -3.219537 0.000000 0.000000 0.000000 0.000000 0.000000 0.000000 505
-0.000000 0.000000 -3.225964 0.000000 0.000000 0.000000 0.000000 0.000000 0.000000 506
-0.000000 0.000000 -3.232392 0.000000 0.000000 0.000000 0.000000 0.000000 0.000000 507
-0.000000 0.000000 -3.238819 0.000000 0.000000 0.000000 0.000000 0.000000 0.000000 508
-0.000000 0.000000 -3.245247 0.000000 0.000000 0.000000 0.000000 0.000000 0.000000 509
-0.000000 0.000000 -3.251675 0.000000 0.000000 0.000000 0.000000 0.000000 0.000000 510
-0.000000 0.000000 -3.258103 0.000000 0.000000 0.000000 0.000000 0.000000 0.000000 511
-0.000000 0.000000 -3.264532 0.000000 0.000000 0.000000 0.000000 0.000000 0.000000 512
-0.000000 0.000000 -3.270961 0.000000 0.000000 0.000000 0.000000 0.000000 0.000000 513
-0.000000 0.000000 -3.277389 0.000000 0.000000 0.000000 0.000000 0.000000 0.000000 514
-0.000000 0.000000 -3.283819 0.000000 0.000000 0.000000 0.000000 0.000000 0.000000 515
-0.000000 0.000000 -3.290248 0.000000 0.000000 0.000000 0.000000 0.000000 0.000000 516
-0.000000 0.000000 -3.296677 0.000000 0.000000 0.000000 0.000000 0.000000 0.000000 517
-0.000000 0.000000 -3.303107 0.000000 0.000000 0.000000 0.000000 0.000000 0.000000 518
-0.000000 0.000000 -3.309537 0.000000 0.000000 0.000000 0.000000 0.000000 0.000000 519
-0.000000 0.000000 -3.315967 0.000000 0.000000 0.000000 0.000000 0.000000 0.000000 520
-0.000000 0.000000 -3.322397 0.000000 0.000000 0.000000 0.000000 0.000000 0.000000 521
-0.000000 0.000000 -3.328828 0.000000 0.000000 0.000000 0.000000 0.000000 0.000000 522
-0.000000 0.000000 -3.335259 0.000000 0.000000 0.000000 0.000000 0.000000 0.000000 523
-0.000000 0.000000 -3.341690 0.000000 0.000000 0.000000 0.000000 0.000000 0.000000 524
-0.000000 0.000000 -3.348121 0.000000 0.000000 0.000000 0.000000 0.000000 0.000000 525
-0.000000 0.000000 -3.354552 0.000000 0.000000 0.000000 0.000000 0.000000 0.000000 526
-0.000000 0.000000 -3.360984 0.000000 0.000000 0.000000 0.000000 0.000000 0.000000 527
-0.000000 0.000000 -3.367415 0.000000 0.000000 0.000000 0.000000 0.000000 0.000000 528
-0.000000 0.000000 -3.373847 0.000000 0.000000 0.000000 0.000000 0.000000 0.000000 529
-0.000000 0.000000 -3.380280 0.000000 0.000000 0.000000 0.000000 0.000000 0.000000 530
-0.000000 0.000000 -3.386712 0.000000 0.000000 0.000000 0.000000 0.000000 0.000000 531
-0.000000 0.000000 -3.393145 0.000000 0.000000 0.000000 0.000000 0.000000 0.000000 532
-0.000000 0.000000 -3.399578 0.000000 0.000000 0.000000 0.000000 0.000000 0.000000 533
-0.000000 0.000000 -3.406011 0.000000 0.000000 0.000000 0.000000 0.000000 0.000000 534
-0.000000 0.000000 -3.412444 0.000000 0.000000 0.000000 0.000000 0.000000 0.000000 535
-0.000000 0.000000 -3.418877 0.000000 0.000000 0.000000 0.000000 0.000000 0.000000 536
-0.000000 0.000000 -3.425311 0.000000 0.000000 0.000000 0.000000 0.000000 0.000000 537
-0.000000 0.000000 -3.431745 0.000000 0.000000 0.000000 0.000000 0.000000 0.000000 538
-0.000000 0.000000 -3.438179 0.000000 0.000000 0.000000 0.000000 0.000000 0.000000 539
-0.000000 0.000000 -3.444613 0.000000 0.000000 0.000000 0.000000 0.000000 0.000000 540
-0.000000 0.000000 -3.451048 0.000000 0.000000 0.000000 0.000000 0.000000 0.000000 541
-0.000000 0.000000 -3.457482 0.000000 0.000000 0.000000 0.000000 0.000000 0.000000 542
-0.000000 0.000000 -3.463917 0.000000 0.000000 0.000000 0.000000 0.000000 0.000000 543
-0.000000 0.000000 -3.470352 0.000000 0.000000 0.000000 0.000000 0.000000 0.000000 544
-0.000000 0.000000 -3.476788 0.000000 0.000000 0.000000 0.000000 0.000000 0.000000 545
-0.000000 0.000000 -3.483223 0.000000 0.000000 0.000000 0.000000 0.000000 0.000000 546
-0.000000 0.000000 -3.489659 0.000000 0.000000 0.000000 0.000000 0.000000 0.000000 547
-0.000000 0.000000 -3.496095 0.000000 0.000000 0.000000 0.000000 0.000000 0.000000 548
-0.000000 0.000000 -3.502531 0.000000 0.000000 0.000000 0.000000 0.000000 0.000000 549
-0.000000 0.000000 -3.508967 0.000000 0.000000 0.000000 0.000000 0.000000 0.000000 550
-0.000000 0.000000 -3.515404 0.000000 0.000000 0.000000 0.000000 0.000000 0.000000 551
-0.000000 0.000000 -3.521841 0.000000 0.000000 0.000000 0.000000 0.000000 0.000000 552
-0.000000 0.000000 -3.528278 0.000000 0.000000 0.000000 0.000000 0.000000 0.000000 553
-0.000000 0.000000 -3.534715 0.000000 0.000000 0.000000 0.000000 0.000000 0.000000 554
-0.000000 0.000000 -3.541152 0.000000 0.000000 0.000000 0.000000 0.000000 0.000000 555
-0.000000 0.000000 -3.547590 0.000000 0.000000 0.000000 0.000000 0.000000 0.000000 556
-0.000000 0.000000 -3.554028 0.000000 0.000000 0.000000 0.000000 0.000000 0.000000 557
-0.000000 0.000000 -3.560466 0.000000 0.000000 0.000000 0.000000 0.000000 0.000000 558
-0.000000 0.000000 -3.566904 0.000000 0.000000 0.000000 0.000000 0.000000 0.000000 559
-0.000000 0.000000 -3.573342 0.000000 0.000000 0.000000 0.000000 0.000000 0.000000 560
-0.000000 0.000000 -3.579781 0.000000 0.000000 0.000000 0.000000 0.000000 0.000000 561
-0.000000 0.000000 -3.586220 0.000000 0.000000 0.000000 0.000000 0.000000 0.000000 562
-0.000000 0.000000 -3.592659 0.000000 0.000000 0.000000 0.000000 0.000000 0.000000 563
-0.000000 0.000000 -3.599098 0.000000 0.000000 0.000000 0.000000 0.000000 0.000000 564
-0.000000 0.000000 -3.605538 0.000000 0.000000 0.000000 0.000000 0.000000 0.000000 565
-0.000000 0.000000 -3.611978 0.000000 0.000000 0.000000 0.000000 0.000000 0.000000 566
-0.000000 0.000000 -3.618417 0.000000 0.000000 0.000000 0.000000 0.000000 0.000000 567
-0.000000 0.000000 -3.624858 0.000000 0.000000 0.000000 0.000000 0.000000 0.000000 568
-0.000000 0.000000 -3.631298 0.000000 0.000000 0.000000 0.000000 0.000000 0.000000 569
-0.000000 0.000000 -3.637738 0.000000 0.000000 0.000000 0.000000 0.000000 0.000000 570
-0.000000 0.000000 -3.644179 0.000000 0.000000 0.000000 0.000000 0.000000 0.000000 571
-0.000000 0.000000 -3.650620 0.000000 0.000000 0.000000 0.000000 0.000000 0.000000 572
-0.000000 0.000000 -3.657061 0.000000 0.000000 0.000000 0.000000 0.000000 0.000000 573
-0.000000 0.000000 -3.663503 0.000000 0.000000 0.000000 0.000000 0.000000 0.000000 574
-0.000000 0.000000 -3.669944 0.000000 0.000000 0.000000 0.000000 0.000000 0.000000 575
-0.000000 0.000000 -3.676386 0.000000 0.000000 0.000000 0.000000 0.000000 0.000000 576
-0.000000 0.000000 -3.682828 0.000000 0.000000 0.000000 0.000000 0.000000 0.000000 577
-0.000000 0.000000 -3.689270 0.000000 0.000000 0.000000 0.000000 0.000000 0.000000 578
-0.000000 0.000000 -3.695713 0.000000 0.000000 0.000000 0.000000 0.000000 0.000000 579
-0.000000 0.000000 -3.702155 0.000000 0.000000 0.000000 0.000000 0.000000 0.000000 580
-0.000000 0.000000 -3.708598 0.000000 0.000000 0.000000 0.000000 0.000000 0.000000 581
-0.000000 0.000000 -3.715041 0.000000 0.000000 0.000000 0.000000 0.000000 0.000000 582
-0.000000 0.000000 -3.721484 0.000000 0.000000 0.000000 0.000000 0.000000 0.000000 583
-0.000000 0.000000 -3.727928 0.000000 0.000000 0.000000 0.000000 0.000000 0.000000 584
-0.000000 0.000000 -3.734372 0.000000 0.000000 0.000000 0.000000 0.000000 0.000000 585
-0.000000 0.000000 -3.740815 0.000000 0.000000 0.000000 0.000000 0.000000 0.000000 586
-0.000000 0.000000 -3.747259 0.000000 0.000000 0.000000 0.000000 0.000000 0.000000 587
-0.000000 0.000000 -3.753704 0.000000 0.000000 0.000000 0.000000 0.000000 0.000000 588
-0.000000 0.000000 -3.760148 0.000000 0.000000 0.000000 0.000000 0.000000 0.000000 589
-0.000000 0.000000 -3.766593 0.000000 0.000000 0.000000 0.000000 0.000000 0.000000 590
-0.000000 0.000000 -3.773038 0.000000 0.000000 0.000000 0.000000 0.000000 0.000000 591
-0.000000 0.000000 -3.779483 0.000000 0.000000 0.000000 0.000000 0.000000 0.000000 592
-0.000000 0.000000 -3.785928 0.000000 0.000000 0.000000 0.000000 0.000000 0.000000 593
-0.000000 0.000000 -3.792374 0.000000 0.000000 0.000000 0.000000 0.000000 0.000000 594
-0.000000 0.000000 -3.798820 0.000000 0.000000 0.000000 0.000000 0.000000 0.000000 595
-0.000000 0.000000 -3.805266 0.000000 0.000000 0.000000 0.000000 0.000000 0.000000 596
-0.000000 0.000000 -3.811712 0.000000 0.000000 0.000000 0.000000 0.000000 0.000000 597
-0.000000 0.000000 -3.818158 0.000000 0.000000 0.000000 0.000000 0.000000 0.000000 598
-0.000000 0.000000 -3.824605 0.000000 0.000000 0.000000 0.000000 0.000000 0.000000 599
-0.000000 0.000000 -3.831052 0.000000 0.000000 0.000000 0.000000 0.000000 0.000000 600
-0.000000 0.000000 -3.837499 0.000000 0.000000 0.000000 0.000000 0.000000 0.000000 601
-0.000000 0.000000 -3.843946 0.000000 0.000000 0.000000 0.000000 0.000000 0.000000 602
-0.000000 0.000000 -3.850393 0.000000 0.000000 0.000000 0.000000 0.000000 0.000000 603
-0.000000 0.000000 -3.856841 0.000000 0.000000 0.000000 0.000000 0.000000 0.000000 604
-0.000000 0.000000 -3.863289 0.000000 0.000000 0.000000 0.000000 0.000000 0.000000 605
-0.000000 0.000000 -3.869737 0.000000 0.000000 0.000000 0.000000 0.000000 0.000000 606
-0.000000 0.000000 -3.876185 0.000000 0.000000 0.000000 0.000000 0.000000 0.000000 607
-0.000000 0.000000 -3.882634 0.000000 0.000000 0.000000 0.000000 0.000000 0.000000 608
-0.000000 0.000000 -3.889082 0.000000 0.000000 0.000000 0.000000 0.000000 0.000000 609
-0.000000 0.000000 -3.895531 0.000000 0.000000 0.000000 0.000000 0.000000 0.000000 610
-0.000000 0.000000 -3.901980 0.000000 0.000000 0.000000 0.000000 0.000000 0.000000 611
-0.000000 0.000000 -3.908430 0.000000 0.000000 0.000000 0.000000 0.000000 0.000000 612
-0.000000 0.000000 -3.914879 0.000000 0.000000 0.000000 0.000000 0.000000 0.000000 613
-0.000000 0.000000 -3.921329 0.000000 0.000000 0.000000 0.000000 0.000000 0.000000 614
-0.000000 0.000000 -3.927779 0.000000 0.000000 0.000000 0.000000 0.000000 0.000000 615
-0.000000 0.000000 -3.934229 0.000000 0.000000 0.000000 0.000000 0.000000 0.000000 616
-0.000000 0.000000 -3.940679 0.000000 0.000000 0.000000 0.000000 0.000000 0.000000 617
-0.000000 0.000000 -3.947130 0.000000 0.000000 0.000000 0.000000 0.000000 0.000000 618
-0.000000 0.000000 -3.953581 0.000000 0.000000 0.000000 0.000000 0.000000 0.000000 619
-0.000000 0.000000 -3.960032 0.000000 0.000000 0.000000 0.000000 0.000000 0.000000 620
-0.000000 0.000000 -3.966483 0.000000 0.000000 0.000000 0.000000 0.000000 0.000000 621
-0.000000 0.000000 -3.972934 0.000000 0.000000 0.000000 0.000000 0.000000 0.000000 622
-0.000000 0.000000 -3.979386 0.000000 0.000000 0.000000 0.000000 0.000000 0.000000 623
-0.000000 0.000000 -3.985838 0.000000 0.000000 0.000000 0.000000 0.000000 0.000000 624
-0.000000 0.000000 -3.992290 0.000000 0.000000 0.000000 0.000000 0.000000 0.000000 625
-0.000000 0.000000 -3.998742 0.000000 0.000000 0.000000 0.000000 0.000000 0.000000 626
-0.000000 0.000000 -4.005194 0.000000 0.000000 0.000000 0.000000 0.000000 0.000000 627
-0.000000 0.000000 -4.011647 0.000000 0.000000 0.000000 0.000000 0.000000 0.000000 628
-0.000000 0.000000 -4.018100 0.000000 0.000000 0.000000 0.000000 0.000000 0.000000 629
-0.000000 0.000000 -4.024553 0.000000 0.000000 0.000000 0.000000 0.000000 0.000000 630
-0.000000 0.000000 -4.031006 0.000000 0.000000 0.000000 0.000000 0.000000 0.000000 631
-0.000000 0.000000 -4.037460 0.000000 0.000000 0.000000 0.000000 0.000000 0.000000 632
-0.000000 0.000000 -4.043914 0.000000 0.000000 0.000000 0.000000 0.000000 0.000000 633
-0.000000 0.000000 -4.050367 0.000000 0.000000 0.000000 0.000000 0.000000 0.000000 634
-0.000000 0.000000 -4.056822 0.000000 0.000000 0.000000 0.000000 0.000000 0.000000 635
-0.000000 0.000000 -4.063276 0.000000 0.000000 0.000000 0.000000 0.000000 0.000000 636
-0.000000 0.000000 -4.069730 0.000000 0.000000 0.000000 0.000000 0.000000 0.000000 637
-0.000000 0.000000 -4.076185 0.000000 0.000000 0.000000 0.000000 0.000000 0.000000 638
-0.000000 0.000000 -4.082640 0.000000 0.000000 0.000000 0.000000 0.000000 0.000000 639
-0.000000 0.000000 -4.089095 0.000000 0.000000 0.000000 0.000000 0.000000 0.000000 640
-0.000000 0.000000 -4.095551 0.000000 0.000000 0.000000 0.000000 0.000000 0.000000 641
-0.000000 0.000000 -4.102006 0.000000 0.000000 0.000000 0.000000 0.000000 0.000000 642
-0.000000 0.000000 -4.108462 0.000000 0.000000 0.000000 0.000000 0.000000 0.000000 643
-0.000000 0.000000 -4.114918 0.000000 0.000000 0.000000 0.000000 0.000000 0.000000 644
-0.000000 0.000000 -4.121374 0.000000 0.000000 0.000000 0.000000 0.000000 0.000000 645
-0.000000 0.000000 -4.127831 0.000000 0.000000 0.000000 0.000000 0.000000 0.000000 646
-0.000000 0.000000 -4.134288 0.000000 0.000000 0.000000 0.000000 0.000000 0.000000 647
-0.000000 0.000000 -4.140744 0.000000 0.000000 0.000000 0.000000 0.000000 0.000000 648
-0.000000 0.000000 -4.147201 0.000000 0.000000 0.000000 0.000000 0.000000 0.000000 649
-0.000000 0.000000 -4.153659 0.000000 0.000000 0.000000 0.000000 0.000000 0.000000 650
-0.000000 0.000000 -4.160116 0.000000 0.000000 0.000000 0.000000 0.000000 0.000000 651
-0.000000 0.000000 -4.166574 0.000000 0.000000 0.000000 0.000000 0.000000 0.000000 652
-0.000000 0.000000 -4.173032 0.000000 0.000000 0.000000 0.000000 0.000000 0.000000 653
-0.000000 0.000000 -4.179490 0.000000 0.000000 0.000000 0.000000 0.000000 0.000000 654
-0.000000 0.000000 -4.185948 0.000000 0.000000 0.000000 0.000000 0.000000 0.000000 655
-0.000000 0.000000 -4.192407 0.000000 0.000000 0.000000 0.000000 0.000000 0.000000 656
-0.000000 0.000000 -4.198866 0.000000 0.000000 0.000000 0.000000 0.000000 0.000000 657
-0.000000 0.000000 -4.205325 0.000000 0.000000 0.000000 0.000000 0.000000 0.000000 658
-0.000000 0.000000 -4.211784 0.000000 0.000000 0.000000 0.000000 0.000000 0.000000 659
-0.000000 0.000000 -4.218243 0.000000 0.000000 0.000000 0.000000 0.000000 0.000000 660
-0.000000 0.000000 -4.224703 0.000000 0.000000 0.000000 0.000000 0.000000 0.000000 661
-0.000000 0.000000 -4.231163 0.000000 0.000000 0.000000 0.000000 0.000000 0.000000 662
-0.000000 0.000000 -4.237623 0.000000 0.000000 0.000000 0.000000 0.000000 0.000000 663
-0.000000 0.000000 -4.244083 0.000000 0.000000 0.000000 0.000000 0.000000 0.000000 664
-0.000000 0.000000 -4.250543 0.000000 0.000000 0.000000 0.000000 0.000000 0.000000 665
-0.000000 0.000000 -4.257004 0.000000 0.000000 0.000000 0.000000 0.000000 0.000000 666
-0.000000 0.000000 -4.263465 0.000000 0.000000 0.000000 0.000000 0.000000 0.000000 667
-0.000000 0.000000 -4.269926 0.000000 0.000000 0.000000 0.000000 0.000000 0.000000 668
-0.000000 0.000000 -4.276387 0.000000 0.000000 0.000000 0.000000 0.000000 0.000000 669
-0.000000 0.000000 -4.282849 0.000000 0.000000 0.000000 0.000000 0.000000 0.000000 670
-0.000000 0.000000 -4.289310 0.000000 0.000000 0.000000 0.000000 0.000000 0.000000 671
-0.000000 0.000000 -4.295772 0.000000 0.000000 0.000000 0.000000 0.000000 0.000000 672
-0.000000 0.000000 -4.302234 0.000000 0.000000 0.000000 0.000000 0.000000 0.000000 673
-0.000000 0.000000 -4.308697 0.000000 0.000000 0.000000 0.000000 0.000000 0.000000 674
-0.000000 0.000000 -4.315159 0.000000 0.000000 0.000000 0.000000 0.000000 0.000000 675
-0.000000 0.000000 -4.321622 0.000000 0.000000 0.000000 0.000000 0.000000 0.000000 676
-0.000000 0.000000 -4.328085 0.000000 0.000000 0.000000 0.000000 0.000000 0.000000 677
-0.000000 0.000000 -4.334548 0.000000 0.000000 0.000000 0.000000 0.000000 0.000000 678
-0.000000 0.000000 -4.341011 0.000000 0.000000 0.000000 0.000000 0.000000 0.000000 679
-0.000000 0.000000 -4.347475 0.000000 0.000000 0.000000 0.000000 0.000000 0.000000 680
-0.000000 0.000000 -4.353939 0.000000 0.000000 0.000000 0.000000 0.000000 0.000000 681
-0.000000 0.000000 -4.360403 0.000000 0.000000 0.000000 0.000000 0.000000 0.000000 682
-0.000000 0.000000 -4.366867 0.000000 0.000000 0.000000 0.000000 0.000000 0.000000 683
-0.000000 0.000000 -4.373331 0.000000 0.000000 0.000000 0.000000 0.000000 0.000000 684
-0.000000 0.000000 -4.379796 0.000000 0.000000 0.000000 0.000000 0.000000 0.000000 685
-0.000000 0.000000 -4.386261 0.000000 0.000000 0.000000 0.000000 0.000000 0.000000 686
-0.000000 0.000000 -4.392726 0.000000 0.000000 0.000000 0.000000 0.000000 0.000000 687
-0.000000 0.000000 -4.399191 0.000000 0.000000 0.000000 0.000000 0.000000 0.000000 688
-0.000000 0.000000 -4.405657 0.000000 0.000000 0.000000 0.000000 0.000000 0.000000 689
-0.000000 0.000000 -4.412122 0.000000 0.000000 0.000000 0.000000 0.000000 0.000000 690
-0.000000 0.000000 -4.418588 0.000000 0.000000 0.000000 0.000000 0.000000 0.000000 691
-0.000000 0.000000 -4.425054 0.000000 0.000000 0.000000 0.000000 0.000000 0.000000 692
-0.000000 0.000000 -4.431521 0.000000 0.000000 0.000000 0.000000 0.000000 0.000000 693
-0.000000 0.000000 -4.437987 0.000000 0.000000 0.000000 0.000000 0.000000 0.000000 694
-0.000000 0.000000 -4.444454 0.000000 0.000000 0.000000 0.000000 0.000000 0.000000 695
-0.000000 0.000000 -4.450921 0.000000 0.000000 0.000000 0.000000 0.000000 0.000000 696
-0.000000 0.000000 -4.457388 0.000000 0.000000 0.000000 0.000000 0.000000 0.000000 697
-0.000000 0.000000 -4.463856 0.000000 0.000000 0.000000 0.000000 0.000000 0.000000 698
-0.000000 0.000000 -4.470323 0.000000 0.000000 0.000000 0.000000 0.000000 0.000000 699
-0.000000 0.000000 -4.476791 0.000000 0.000000 0.000000 0.000000 0.000000 0.000000 700
-0.000000 0.000000 -4.483259 0.000000 0.000000 0.000000 0.000000 0.000000 0.000000 701
-0.000000 0.000000 -4.489727 0.000000 0.000000 0.000000 0.000000 0.000000 0.000000 702
-0.000000 0.000000 -4.496196 0.000000 0.000000 0.000000 0.000000 0.000000 0.000000 703
-0.000000 0.000000 -4.502664 0.000000 0.000000 0.000000 0.000000 0.000000 0.000000 704
-0.000000 0.000000 -4.509133 0.000000 0.000000 0.000000 0.000000 0.000000 0.000000 705
-0.000000 0.000000 -4.515602 0.000000 0.000000 0.000000 0.000000 0.000000 0.000000 706
-0.000000 0.000000 -4.522071 0.000000 0.000000 0.000000 0.000000 0.000000 0.000000 707
-0.000000 0.000000 -4.528541 0.000000 0.000000 0.000000 0.000000 0.000000 0.000000 708
-0.000000 0.000000 -4.535011 0.000000 0.000000 0.000000 0.000000 0.000000 0.000000 709
-0.000000 0.000000 -4.541480 0.000000 0.000000 0.000000 0.000000 0.000000 0.000000 710
-0.000000 0.000000 -4.547951 0.000000 0.000000 0.000000 0.000000 0.000000 0.000000 711
-0.000000 0.000000 -4.554421 0.000000 0.000000 0.000000 0.000000 0.000000 0.000000 712
-0.000000 0.000000 -4.560891 0.000000 0.000000 0.000000 0.000000 0.000000 0.000000 713
-0.000000 0.000000 -4.567362 0.000000 0.000000 0.000000 0.000000 0.000000 0.000000 714
-0.000000 0.000000 -4.573833 0.000000 0.000000 0.000000 0.000000 0.000000 0.000000 715
-0.000000 0.000000 -4.580304 0.000000 0.000000 0.000000 0.000000 0.000000 0.000000 716
-0.000000 0.000000 -4.586776 0.000000 0.000000 0.000000 0.000000 0.000000 0.000000 717
-0.000000 0.000000 -4.593247 0.000000 0.000000 0.000000 0.000000 0.000000 0.000000 718
-0.000000 0.000000 -4.599719 0.000000 0.000000 0.000000 0.000000 0.000000 0.000000 719
-0.000000 0.000000 -4.606191 0.000000 0.000000 0.000000 0.000000 0.000000 0.000000 720
-0.000000 0.000000 -4.612663 0.000000 0.000000 0.000000 0.000000 0.000000 0.000000 721
-0.000000 0.000000 -4.619136 0.000000 0.000000 0.000000 0.000000 0.000000 0.000000 722
-0.000000 0.000000 -4.625608 0.000000 0.000000 0.000000 0.000000 0.000000 0.000000 723
-0.000000 0.000000 -4.632081 0.000000 0.000000 0.000000 0.000000 0.000000 0.000000 724
-0.000000 0.000000 -4.638554 0.000000 0.000000 0.000000 0.000000 0.000000 0.000000 725
-0.000000 0.000000 -4.645028 0.000000 0.000000 0.000000 0.000000 0.000000 0.000000 726
-0.000000 0.000000 -4.651501 0.000000 0.000000 0.000000 0.000000 0.000000 0.000000 727
-0.000000 0.000000 -4.657975 0.000000 0.000000 0.000000 0.000000 0.000000 0.000000 728
-0.000000 0.000000 -4.664449 0.000000 0.000000 0.000000 0.000000 0.000000 0.000000 729
-0.000000 0.000000 -4.670923 0.000000 0.000000 0.000000 0.000000 0.000000 0.000000 730
-0.000000 0.000000 -4.677397 0.000000 0.000000 0.000000 0.000000 0.000000 0.000000 731
-0.000000 0.000000 -4.683872 0.000000 0.000000 0.000000 0.000000 0.000000 0.000000 732
-0.000000 0.000000 -4.690347 0.000000 0.000000 0.000000 0.000000 0.000000 0.000000 733
-0.000000 0.000000 -4.696822 0.000000 0.000000 0.000000 0.000000 0.000000 0.000000 734
-0.000000 0.000000 -4.703297 0.000000 0.000000 0.000000 0.000000 0.000000 0.000000 735
-0.000000 0.000000 -4.709772 0.000000 0.000000 0.000000 0.000000 0.000000 0.000000 736
-0.000000 0.000000 -4.716248 0.000000 0.000000 0.000000 0.000000 0.000000 0.000000 737
-0.000000 0.000000 -4.722724 0.000000 0.000000 0.000000 0.000000 0.000000 0.000000 738
-0.000000 0.000000 -4.729200 0.000000 0.000000 0.000000 0.000000 0.000000 0.000000 739
-0.000000 0.000000 -4.735676 0.000000 0.000000 0.000000 0.000000 0.000000 0.000000 740
-0.000000 0.000000 -4.742152 0.000000 0.000000 0.000000 0.000000 0.000000 0.000000 741
-0.000000 0.000000 -4.748629 0.000000 0.000000 0.000000 0.000000 0.000000 0.000000 742
-0.000000 0.000000 -4.755106 0.000000 0.000000 0.000000 0.000000 0.000000 0.000000 743
-0.000000 0.000000 -4.761583 0.000000 0.000000 0.000000 0.000000 0.000000 0.000000 744
-0.000000 0.000000 -4.768060 0.000000 0.000000 0.000000 0.000000 0.000000 0.000000 745
-0.000000 0.000000 -4.774538 0.000000 0.000000 0.000000 0.000000 0.000000 0.000000 746
-0.000000 0.000000 -4.781015 0.000000 0.000000 0.000000 0.000000 0.000000 0.000000 747
-0.000000 0.000000 -4.787493 0.000000 0.000000 0.000000 0.000000 0.000000 0.000000 748
-0.000000 0.000000 -4.793972 0.000000 0.000000 0.000000 0.000000 0.000000 0.000000 749
-0.000000 0.000000 -4.800450 0.000000 0.000000 0.000000 0.000000 0.000000 0.000000 750
-0.000000 0.000000 -4.806929 0.000000 0.000000 0.000000 0.000000 0.000000 0.000000 751
-0.000000 0.000000 -4.813407 0.000000 0.000000 0.000000 0.000000 0.000000 0.000000 752
-0.000000 0.000000 -4.819886 0.000000 0.000000 0.000000 0.000000 0.000000 0.000000 753
-0.000000 0.000000 -4.826365 0.000000 0.000000 0.000000 0.000000 0.000000 0.000000 754
-0.000000 0.000000 -4.832845 0.000000 0.000000 0.000000 0.000000 0.000000 0.000000 755
-0.000000 0.000000 -4.839325 0.000000 0.000000 0.000000 0.000000 0.000000 0.000000 756
-0.000000 0.000000 -4.845804 0.000000 0.000000 0.000000 0.000000 0.000000 0.000000 757
-0.000000 0.000000 -4.852284 0.000000 0.000000 0.000000 0.000000 0.000000 0.000000 758
-0.000000 0.000000 -4.858765 0.000000 0.000000 0.000000 0.000000 0.000000 0.000000 759
-0.000000 0.000000 -4.865245 0.000000 0.000000 0.000000 0.000000 0.000000 0.000000 760
-0.000000 0.000000 -4.871726 0.000000 0.000000 0.000000 0.000000 0.000000 0.000000 761
-0.000000 0.000000 -4.878207 0.000000 0.000000 0.000000 0.000000 0.000000 0.000000 762
-0.000000 0.000000 -4.884688 0.000000 0.000000 0.000000 0.000000 0.000000 0.000000 763
-0.000000 0.000000 -4.891169 0.000000 0.000000 0.000000 0.000000 0.000000 0.000000 764
-0.000000 0.000000 -4.897651 0.000000 0.000000 0.000000 0.000000 0.000000 0.000000 765
-0.000000 0.000000 -4.904132 0.000000 0.000000 0.000000 0.000000 0.000000 0.000000 766
-0.000000 0.000000 -4.910614 0.000000 0.000000 0.000000 0.000000 0.000000 0.000000 767
-0.000000 0.000000 -4.917097 0.000000 0.000000 0.000000 0.000000 0.000000 0.000000 768
-0.000000 0.000000 -4.923579 0.000000 0.000000 0.000000 0.000000 0.000000 0.000000 769
-0.000000 0.000000 -4.930062 0.000000 0.000000 0.000000 0.000000 0.000000 0.000000 770
-0.000000 0.000000 -4.936544 0.000000 0.000000 0.000000 0.000000 0.000000 0.000000 771
-0.000000 0.000000 -4.943027 0.000000 0.000000 0.000000 0.000000 0.000000 0.000000 772
-0.000000 0.000000 -4.949511 0.000000 0.000000 0.000000 0.000000 0.000000 0.000000 773
-0.000000 0.000000 -4.955994 0.000000 0.000000 0.000000 0.000000 0.000000 0.000000 774
-0.000000 0.000000 -4.962478 0.000000 0.000000 0.000000 0.000000 0.000000 0.000000 775
-0.000000 0.000000 -4.968962 0.000000 0.000000 0.000000 0.000000 0.000000 0.000000 776
-0.000000 0.000000 -4.975446 0.000000 0.000000 0.000000 0.000000 0.000000 0.000000 777
-0.000000 0.000000 -4.981930 0.000000 0.000000 0.000000 0.000000 0.000000 0.000000 778
-0.000000 0.000000 -4.988414 0.000000 0.000000 0.000000 0.000000 0.000000 0.000000 779
-0.000000 0.000000 -4.994899 0.000000 0.000000 0.000000 0.000000 0.000000 0.000000 780
-0.000000 0.000000 -5.001384 0.000000 0.000000 0.000000 0.000000 0.000000 0.000000 781
-0.000000 0.000000 -5.007869 0.000000 0.000000 0.000000 0.000000 0.000000 0.000000 782
-0.000000 0.000000 -5.014355 0.000000 0.000000 0.000000 0.000000 0.000000 0.000000 783
-0.000000 0.000000 -5.020840 0.000000 0.000000 0.000000 0.000000 0.000000 0.000000 784
-0.000000 0.000000 -5.027326 0.000000 0.000000 0.000000 0.000000 0.000000 0.000000 785
-0.000000 0.000000 -5.033812 0.000000 0.000000 0.000000 0.000000 0.000000 0.000000 786
-0.000000 0.000000 -5.040298 0.000000 0.000000 0.000000 0.000000 0.000000 0.000000 787
-0.000000 0.000000 -5.046784 0.000000 0.000000 0.000000 0.000000 0.000000 0.000000 788
-0.000000 0.000000 -5.053271 0.000000 0.000000 0.000000 0.000000 0.000000 0.000000 789
-0.000000 0.000000 -5.059758 0.000000 0.000000 0.000000 0.000000 0.000000 0.000000 790
-0.000000 0.000000 -5.066245 0.000000 0.000000 0.000000 0.000000 0.000000 0.000000 791
-0.000000 0.000000 -5.072732 0.000000 0.000000 0.000000 0.000000 0.000000 0.000000 792
-0.000000 0.000000 -5.079220 0.000000 0.000000 0.000000 0.000000 0.000000 0.000000 793
-0.000000 0.000000 -5.085707 0.000000 0.000000 0.000000 0.000000 0.000000 0.000000 794
-0.000000 0.000000 -5.092195 0.000000 0.000000 0.000000 0.000000 0.000000 0.000000 795
-0.000000 0.000000 -5.098683 0.000000 0.000000 0.000000 0.000000 0.000000 0.000000 796
-0.000000 0.000000 -5.105172 0.000000 0.000000 0.000000 0.000000 0.000000 0.000000 797
-0.000000 0.000000 -5.111660 0.000000 0.000000 0.000000 0.000000 0.000000 0.000000 798
-0.000000 0.000000 -5.118149 0.000000 0.000000 0.000000 0.000000 0.000000 0.000000 799
-0.000000 0.000000 -5.124638 0.000000 0.000000 0.000000 0.000000 0.000000 0.000000 800
-0.000000 0.000000 -5.131127 0.000000 0.000000 0.000000 0.000000 0.000000 0.000000 801
-0.000000 0.000000 -5.137616 0.000000 0.000000 0.000000 0.000000 0.000000 0.000000 802
-0.000000 0.000000 -5.144106 0.000000 0.000000 0.000000 0.000000 0.000000 0.000000 803
-0.000000 0.000000 -5.150596 0.000000 0.000000 0.000000 0.000000 0.000000 0.000000 804
-0.000000 0.000000 -5.157086 0.000000 0.000000 0.000000 0.000000 0.000000 0.000000 805
-0.000000 0.000000 -5.163576 0.000000 0.000000 0.000000 0.000000 0.000000 0.000000 806
-0.000000 0.000000 -5.170067 0.000000 0.000000 0.000000 0.000000 0.000000 0.000000 807
-0.000000 0.000000 -5.176557 0.000000 0.000000 0.000000 0.000000 0.000000 0.000000 808
-0.000000 0.000000 -5.183048 0.000000 0.000000 0.000000 0.000000 0.000000 0.000000 809
-0.000000 0.000000 -5.189539 0.000000 0.000000 0.000000 0.000000 0.000000 0.000000 810
-0.000000 0.000000 -5.196030 0.000000 0.000000 0.000000 0.000000 0.000000 0.000000 811
-0.000000 0.000000 -5.202522 0.000000 0.000000 0.000000 0.000000 0.000000 0.000000 812
-0.000000 0.000000 -5.209014 0.000000 0.000000 0.000000 0.000000 0.000000 0.000000 813
-0.000000 0.000000 -5.215506 0.000000 0.000000 0.000000 0.000000 0.000000 0.000000 814
-0.000000 0.000000 -5.221998 0.000000 0.000000 0.000000 0.000000 0.000000 0.000000 815
-0.000000 0.000000 -5.228490 0.000000 0.000000 0.000000 0.000000 0.000000 0.000000 816
-0.000000 0.000000 -5.234983 0.000000 0.000000 0.000000 0.000000 0.000000 0.000000 817
-0.000000 0.000000 -5.241475 0.000000 0.000000 0.000000 0.000000 0.000000 0.000000 818
-0.000000 0.000000 -5.247968 0.000000 0.000000 0.000000 0.000000 0.000000 0.000000 819
-0.000000 0.000000 -5.254462 0.000000 0.000000 0.000000 0.000000 0.000000 0.000000 820
-0.000000 0.000000 -5.260955 0.000000 0.000000 0.000000 0.000000 0.000000 0.000000 821
-0.000000 0.000000 -5.267449 0.000000 0.000000 0.000000 0.000000 0.000000 0.000000 822
-0.000000 0.000000 -5.273943 0.000000 0.000000 0.000000 0.000000 0.000000 0.000000 823
-0.000000 0.000000 -5.280437 0.000000 0.000000 0.000000 0.000000 0.000000 0.000000 824
-0.000000 0.000000 -5.286931 0.000000 0.000000 0.000000 0.000000 0.000000 0.000000 825
-0.000000 0.000000 -5.293425 0.000000 0.000000 0.000000 0.000000 0.000000 0.000000 826
-0.000000 0.000000 -5.299920 0.000000 0.000000 0.000000 0.000000 0.000000 0.000000 827
-0.000000 0.000000 -5.306415 0.000000 0.000000 0.000000 0.000000 0.000000 0.000000 828
-0.000000 0.000000 -5.312910 0.000000 0.000000 0.000000 0.000000 0.000000 0.000000 829
-0.000000 0.000000 -5.319405 0.000000 0.000000 0.000000 0.000000 0.000000 0.000000 830
-0.000000 0.000000 -5.325901 0.000000 0.000000 0.000000 0.000000 0.000000 0.000000 831
-0.000000 0.000000 -5.332397 0.000000 0.000000 0.000000 0.000000 0.000000 0.000000 832
-0.000000 0.000000 -5.338893 0.000000 0.000000 0.000000 0.000000 0.000000 0.000000 833
-0.000000 0.000000 -5.345389 0.000000 0.000000 0.000000 0.000000 0.000000 0.000000 834
-0.000000 0.000000 -5.351885 0.000000 0.000000 0.000000 0.000000 0.000000 0.000000 835
-0.000000 0.000000 -5.358382 0.000000 0.000000 0.000000 0.000000 0.000000 0.000000 836
-0.000000 0.000000 -5.364879 0.000000 0.000000 0.000000 0.000000 0.000000 0.000000 837
-0.000000 0.000000 -5.371376 0.000000 0.000000 0.000000 0.000000 0.000000 0.000000 838
-0.000000 0.000000 -5.377873 0.000000 0.000000 0.000000 0.000000 0.000000 0.000000 839
-0.000000 0.000000 -5.384370 0.000000 0.000000 0.000000 0.000000 0.000000 0.000000 840
-0.000000 0.000000 -5.390868 0.000000 0.000000 0.000000 0.000000 0.000000 0.000000 841
-0.000000 0.000000 -5.397366 0.000000 0.000000 0.000000 0.000000 0.000000 0.000000 842
-0.000000 0.000000 -5.403864 0.000000 0.000000 0.000000 0.000000 0.000000 0.000000 843
-0.000000 0.000000 -5.410362 0.000000 0.000000 0.000000 0.000000 0.000000 0.000000 844
-0.000000 0.000000 -5.416861 0.000000 0.000000 0.000000 0.000000 0.000000 0.000000 845
-0.000000 0.000000 -5.423360 0.000000 0.000000 0.000000 0.000000 0.000000 0.000000 846
-0.000000 0.000000 -5.429859 0.000000 0.000000 0.000000 0.000000 0.000000 0.000000 847
-0.000000 0.000000 -5.436358 0.000000 0.000000 0.000000 0.000000 0.000000 0.000000 848
-0.000000 0.000000 -5.442857 0.000000 0.000000 0.000000 0.000000 0.000000 0.000000 849
-0.000000 0.000000 -5.449357 0.000000 0.000000 0.000000 0.000000 0.000000 0.000000 850
-0.000000 0.000000 -5.455857 0.000000 0.000000 0.000000 0.000000 0.000000 0.000000 851
-0.000000 0.000000 -5.462357 0.000000 0.000000 0.000000 0.000000 0.000000 0.000000 852
-0.000000 0.000000 -5.468857 0.000000 0.000000 0.000000 0.000000 0.000000 0.000000 853
-0.000000 0.000000 -5.475357 0.000000 0.000000 0.000000 0.000000 0.000000 0.000000 854
-0.000000 0.000000 -5.481858 0.000000 0.000000 0.000000 0.000000 0.000000 0.000000 855
-0.000000 0.000000 -5.488359 0.000000 0.000000 0.000000 0.000000 0.000000 0.000000 856
-0.000000 0.000000 -5.494860 0.000000 0.000000 0.000000 0.000000 0.000000 0.000000 857
-0.000000 0.000000 -5.501361 0.000000 0.000000 0.000000 0.000000 0.000000 0.000000 858
-0.000000 0.000000 -5.507863 0.000000 0.000000 0.000000 0.000000 0.000000 0.000000 859
-0.000000 0.000000 -5.514364 0.000000 0.000000 0.000000 0.000000 0.000000 0.000000 860
-0.000000 0.000000 -5.520866 0.000000 0.000000 0.000000 0.000000 0.000000 0.000000 861
-0.000000 0.000000 -5.527369 0.000000 0.000000 0.000000 0.000000 0.000000 0.000000 862
-0.000000 0.000000 -5.533871 0.000000 0.000000 0.000000 0.000000 0.000000 0.000000 863
-0.000000 0.000000 -5.540374 0.000000 0.000000 0.000000 0.000000 0.000000 0.000000 864
-0.000000 0.000000 -5.546876 0.000000 0.000000 0.000000 0.000000 0.000000 0.000000 865
-0.000000 0.000000 -5.553379 0.000000 0.000000 0.000000 0.000000 0.000000 0.000000 866
-0.000000 0.000000 -5.559883 0.000000 0.000000 0.000000 0.000000 0.000000 0.000000 867
-0.000000 0.000000 -5.566386 0.000000 0.000000 0.000000 0.000000 0.000000 0.000000 868
-0.000000 0.000000 -5.572890 0.000000 0.000000 0.000000 0.000000 0.000000 0.000000 869
-0.000000 0.000000 -5.579393 0.000000 0.000000 0.000000 0.000000 0.000000 0.000000 870
-0.000000 0.000000 -5.585898 0.000000 0.000000 0.000000 0.000000 0.000000 0.000000 871
-0.000000 0.000000 -5.592402 0.000000 0.000000 0.000000 0.000000 0.000000 0.000000 872
-0.000000 0.000000 -5.598906 0.000000 0.000000 0.000000 0.000000 0.000000 0.000000 873
-0.000000 0.000000 -5.605411 0.000000 0.000000 0.000000 0.000000 0.000000 0.000000 874
-0.000000 0.000000 -5.611916 0.000000 0.000000 0.000000 0.000000 0.000000 0.000000 875
-0.000000 0.000000 -5.618421 0.000000 0.000000 0.000000 0.000000 0.000000 0.000000 876
-0.000000 0.000000 -5.624926 0.000000 0.000000 0.000000 0.000000 0.000000 0.000000 877
-0.000000 0.000000 -5.631432 0.000000 0.000000 0.000000 0.000000 0.000000 0.000000 878
-0.000000 0.000000 -5.637938 0.000000 0.000000 0.000000 0.000000 0.000000 0.000000 879
-0.000000 0.000000 -5.644444 0.000000 0.000000 0.000000 0.000000 0.000000 0.000000 880
-0.000000 0.000000 -5.650950 0.000000 0.000000 0.000000 0.000000 0.000000 0.000000 881
-0.000000 0.000000 -5.657456 0.000000 0.000000 0.000000 0.000000 0.000000 0.000000 882
-0.000000 0.000000 -5.663963 0.000000 0.000000 0.000000 0.000000 0.000000 0.000000 883
-0.000000 0.000000 -5.670470 0.000000 0.000000 0.000000 0.000000 0.000000 0.000000 884
-0.000000 0.000000 -5.676977 0.000000 0.000000 0.000000 0.000000 0.000000 0.000000 885
-0.000000 0.000000 -5.683484 0.000000 0.000000 0.000000 0.000000 0.000000 0.000000 886
-0.000000 0.000000 -5.689992 0.000000 0.000000 0.000000 0.000000 0.000000 0.000000 887
-0.000000 0.000000 -5.696500 0.000000 0.000000 0.000000 0.000000 0.000000 0.000000 888
-0.000000 0.000000 -5.703007 0.000000 0.000000 0.000000 0.000000 0.000000 0.000000 889
-0.000000 0.000000 -5.709516 0.000000 0.000000 0.000000 0.000000 0.000000 0.000000 890
-0.000000 0.000000 -5.716024 0.000000 0.000000 0.000000 0.000000 0.000000 0.000000 891
-0.000000 0.000000 -5.722532 0.000000 0.000000 0.000000 0.000000 0.000000 0.000000 892
-0.000000 0.000000 -5.729041 0.000000 0.000000 0.000000 0.000000 0.000000 0.000000 893
-0.000000 0.000000 -5.735550 0.000000 0.000000 0.000000 0.000000 0.000000 0.000000 894
-0.000000 0.000000 -5.742059 0.000000 0.000000 0.000000 0.000000 0.000000 0.000000 895
-0.000000 0.000000 -5.748569 0.000000 0.000000 0.000000 0.000000 0.000000 0.000000 896
-0.000000 0.000000 -5.755079 0.000000 0.000000 0.000000 0.000000 0.000000 0.000000 897
-0.000000 0.000000 -5.761588 0.000000 0.000000 0.000000 0.000000 0.000000 0.000000 898
-0.000000 0.000000 -5.768098 0.000000 0.000000 0.000000 0.000000 0.000000 0.000000 899
-0.000000 0.000000 -5.774609 0.000000 0.000000 0.000000 0.000000 0.000000 0.000000 900
-0.000000 0.000000 -5.781119 0.000000 0.000000 0.000000 0.000000 0.000000 0.000000 901
-0.000000 0.000000 -5.787630 0.000000 0.000000 0.000000 0.000000 0.000000 0.000000 902
-0.000000 0.000000 -5.794141 0.000000 0.000000 0.000000 0.000000 0.000000 0.000000 903
-0.000000 0.000000 -5.800652 0.000000 0.000000 0.000000 0.000000 0.000000 0.000000 904
-0.000000 0.000000 -5.807163 0.000000 0.000000 0.000000 0.000000 0.000000 0.000000 905
-0.000000 0.000000 -5.813675 0.000000 0.000000 0.000000 0.000000 0.000000 0.000000 906
-0.000000 0.000000 -5.820187 0.000000 0.000000 0.000000 0.000000 0.000000 0.000000 907
-0.000000 0.000000 -5.826699 0.000000 0.000000 0.000000 0.000000 0.000000 0.000000 908
-0.000000 0.000000 -5.833211 0.000000 0.000000 0.000000 0.000000 0.000000 0.000000 909
-0.000000 0.000000 -5.839723 0.000000 0.000000 0.000000 0.000000 0.000000 0.000000 910
-0.000000 0.000000 -5.846236 0.000000 0.000000 0.000000 0.000000 0.000000 0.000000 911
-0.000000 0.000000 -5.852749 0.000000 0.000000 0.000000 0.000000 0.000000 0.000000 912
-0.000000 0.000000 -5.859262 0.000000 0.000000 0.000000 0.000000 0.000000 0.000000 913
-0.000000 0.000000 -5.865775 0.000000 0.000000 0.000000 0.000000 0.000000 0.000000 914
-0.000000 0.000000 -5.872288 0.000000 0.000000 0.000000 0.000000 0.000000 0.000000 915
-0.000000 0.000000 -5.878802 0.000000 0.000000 0.000000 0.000000 0.000000 0.000000 916
-0.000000 0.000000 -5.885316 0.000000 0.000000 0.000000 0.000000 0.000000 0.000000 917
-0.000000 0.000000 -5.891830 0.000000 0.000000 0.000000 0.000000 0.000000 0.000000 918
-0.000000 0.000000 -5.898345 0.000000 0.000000 0.000000 0.000000 0.000000 0.000000 919
-0.000000 0.000000 -5.904859 0.000000 0.000000 0.000000 0.000000 0.000000 0.000000 920
-0.000000 0.000000 -5.911374 0.000000 0.000000 0.000000 0.000000 0.000000 0.000000 921
-0.000000 0.000000 -5.917889 0.000000 0.000000 0.000000 0.000000 0.000000 0.000000 922
-0.000000 0.000000 -5.924404 0.000000 0.000000 0.000000 0.000000 0.000000 0.000000 923
-0.000000 0.000000 -5.930920 0.000000 0.000000 0.000000 0.000000 0.000000 0.000000 924
-0.000000 0.000000 -5.937435 0.000000 0.000000 0.000000 0.000000 0.000000 0.000000 925
-0.000000 0.000000 -5.943951 0.000000 0.000000 0.000000 0.000000 0.000000 0.000000 926
-0.000000 0.000000 -5.950467 0.000000 0.000000 0.000000 0.000000 0.000000 0.000000 927
-0.000000 0.000000 -5.956983 0.000000 0.000000 0.000000 0.000000 0.000000 0.000000 928
-0.000000 0.000000 -5.963500 0.000000 0.000000 0.000000 0.000000 0.000000 0.000000 929
-0.000000 0.000000 -5.970016 0.000000 0.000000 0.000000 0.000000 0.000000 0.000000 930
-0.000000 0.000000 -5.976533 0.000000 0.000000 0.000000 0.000000 0.000000 0.000000 931
-0.000000 0.000000 -5.983051 0.000000 0.000000 0.000000 0.000000 0.000000 0.000000 932
-0.000000 0.000000 -5.989568 0.000000 0.000000 0.000000 0.000000 0.000000 0.000000 933
-0.000000 0.000000 -5.996085 0.000000 0.000000 0.000000 0.000000 0.000000 0.000000 934
-0.000000 0.000000 -6.002603 0.000000 0.000000 0.000000 0.000000 0.000000 0.000000 935
-0.000000 0.000000 -6.009121 0.000000 0.000000 0.000000 0.000000 0.000000 0.000000 936
-0.000000 0.000000 -6.015639 0.000000 0.000000 0.000000 0.000000 0.000000 0.000000 937
-0.000000 0.000000 -6.022158 0.000000 0.000000 0.000000 0.000000 0.000000 0.000000 938
-0.000000 0.000000 -6.028676 0.000000 0.000000 0.000000 0.000000 0.000000 0.000000 939
-0.000000 0.000000 -6.035195 0.000000 0.000000 0.000000 0.000000 0.000000 0.000000 940
-0.000000 0.000000 -6.041714 0.000000 0.000000 0.000000 0.000000 0.000000 0.000000 941
-0.000000 0.000000 -6.048234 0.000000 0.000000 0.000000 0.000000 0.000000 0.000000 942
-0.000000 0.000000 -6.054753 0.000000 0.000000 0.000000 0.000000 0.000000 0.000000 943
-0.000000 0.000000 -6.061273 0.000000 0.000000 0.000000 0.000000 0.000000 0.000000 944
-0.000000 0.000000 -6.067793 0.000000 0.000000 0.000000 0.000000 0.000000 0.000000 945
-0.000000 0.000000 -6.074313 0.000000 0.000000 0.000000 0.000000 0.000000 0.000000 946
-0.000000 0.000000 -6.080833 0.000000 0.000000 0.000000 0.000000 0.000000 0.000000 947
-0.000000 0.000000 -6.087354 0.000000 0.000000 0.000000 0.000000 0.000000 0.000000 948
-0.000000 0.000000 -6.093875 0.000000 0.000000 0.000000 0.000000 0.000000 0.000000 949
-0.000000 0.000000 -6.100396 0.000000 0.000000 0.000000 0.000000 0.000000 0.000000 950
-0.000000 0.000000 -6.106917 0.000000 0.000000 0.000000 0.000000 0.000000 0.000000 951
-0.000000 0.000000 -6.113438 0.000000 0.000000 0.000000 0.000000 0.000000 0.000000 952
-0.000000 0.000000 -6.119960 0.000000 0.000000 0.000000 0.000000 0.000000 0.000000 953
-0.000000 0.000000 -6.126482 0.000000 0.000000 0.000000 0.000000 0.000000 0.000000 954
-0.000000 0.000000 -6.133004 0.000000 0.000000 0.000000 0.000000 0.000000 0.000000 955
-0.000000 0.000000 -6.139526 0.000000 0.000000 0.000000 0.000000 0.000000 0.000000 956
-0.000000 0.000000 -6.146049 0.000000 0.000000 0.000000 0.000000 0.000000 0.000000 957
-0.000000 0.000000 -6.152571 0.000000 0.000000 0.000000 0.000000 0.000000 0.000000 958
-0.000000 0.000000 -6.159094 0.000000 0.000000 0.000000 0.000000 0.000000 0.000000 959
-0.000000 0.000000 -6.165617 0.000000 0.000000 0.000000 0.000000 0.000000 0.000000 960
-0.000000 0.000000 -6.172141 0.000000 0.000000 0.000000 0.000000 0.000000 0.000000 961
-0.000000 0.000000 -6.178664 0.000000 0.000000 0.000000 0.000000 0.000000 0.000000 962
-0.000000 0.000000 -6.185188 0.000000 0.000000 0.000000 0.000000 0.000000 0.000000 963
-0.000000 0.000000 -6.191712 0.000000 0.000000 0.000000 0.000000 0.000000 0.000000 964
-0.000000 0.000000 -6.198236 0.000000 0.000000 0.000000 0.000000 0.000000 0.000000 965
-0.000000 0.000000 -6.204761 0.000000 0.000000 0.000000 0.000000 0.000000 0.000000 966
-0.000000 0.000000 -6.211285 0.000000 0.000000 0.000000 0.000000 0.000000 0.000000 967
-0.000000 0.000000 -6.217810 0.000000 0.000000 0.000000 0.000000 0.000000 0.000000 968
-0.000000 0.000000 -6.224335 0.000000 0.000000 0.000000 0.000000 0.000000 0.000000 969
-0.000000 0.000000 -6.230861 0.000000 0.000000 0.000000 0.000000 0.000000 0.000000 970
-0.000000 0.000000 -6.237386 0.000000 0.000000 0.000000 0.000000 0.000000 0.000000 971
-0.000000 0.000000 -6.243912 0.000000 0.000000 0.000000 0.000000 0.000000 0.000000 972
-0.000000 0.000000 -6.250438 0.000000 0.000000 0.000000 0.000000 0.000000 0.000000 973
-0.000000 0.000000 -6.256964 0.000000 0.000000 0.000000 0.000000 0.000000 0.000000 974
-0.000000 0.000000 -6.263490 0.000000 0.000000 0.000000 0.000000 0.000000 0.000000 975
-0.000000 0.000000 -6.270017 0.000000 0.000000 0.000000 0.000000 0.000000 0.000000 976
-0.000000 0.000000 -6.276544 0.000000 0.000000 0.000000 0.000000 0.000000 0.000000 977
-0.000000 0.000000 -6.283071 0.000000 0.000000 0.000000 0.000000 0.000000 0.000000 978
-0.000000 0.000000 -6.289598 0.000000 0.000000 0.000000 0.000000 0.000000 0.000000 979
-0.000000 0.000000 -6.296125 0.000000 0.000000 0.000000 0.000000 0.000000 0.000000 980
-0.000000 0.000000 -6.302653 0.000000 0.000000 0.000000 0.000000 0.000000 0.000000 981
-0.000000 0.000000 -6.309181 0.000000 0.000000 0.000000 0.000000 0.000000 0.000000 982
-0.000000 0.000000 -6.315709 0.000000 0.000000 0.000000 0.000000 0.000000 0.000000 983
-0.000000 0.000000 -6.322237 0.000000 0.000000 0.000000 0.000000 0.000000 0.000000 984
-0.000000 0.000000 -6.328766 0.000000 0.000000 0.000000 0.000000 0.000000 0.000000 985
-0.000000 0.000000 -6.335295 0.000000 0.000000 0.000000 0.000000 0.000000 0.000000 986
-0.000000 0.000000 -6.341824 0.000000 0.000000 0.000000 0.000000 0.000000 0.000000 987
-0.000000 0.000000 -6.348353 0.000000 0.000000 0.000000 0.000000 0.000000 0.000000 988
-0.000000 0.000000 -6.354882 0.000000 0.000000 0.000000 0.000000 0.000000 0.000000 989
-0.000000 0.000000 -6.361412 0.000000 0.000000 0.000000 0.000000 0.000000 0.000000 990
-0.000000 0.000000 -6.367941 0.000000 0.000000 0.000000 0.000000 0.000000 0.000000 991
-0.000000 0.000000 -6.374472 0.000000 0.000000 0.000000 0.000000 0.000000 0.000000 992
-0.000000 0.000000 -6.381002 0.000000 0.000000 0.000000 0.000000 0.000000 0.000000 993
-0.000000 0.000000 -6.387532 0.000000 0.000000 0.000000 0.000000 0.000000 0.000000 994
-0.000000 0.000000 -6.394063 0.000000 0.000000 0.000000 0.000000 0.000000 0.000000 995
-0.000000 0.000000 -6.400594 0.000000 0.000000 0.000000 0.000000 0.000000 0.000000 996
-0.000000 0.000000 -6.407125 0.000000 0.000000 0.000000 0.000000 0.000000 0.000000 997
-0.000000 0.000000 -6.413656 0.000000 0.000000 0.000000 0.000000 0.000000 0.000000 998
-0.000000 0.000000 -6.420188 0.000000 0.000000 0.000000 0.000000 0.000000 0.000000 999
-0.000000 0.000000 -6.426720 0.000000 0.000000 0.000000 0.000000 0.000000 0.000000 1000
